2455 3 0.19645032
2452 1 0.2736594
2419 1 0.2602321
2084 1 0.34391102
1981 1 0.30922037
1957 3 0.20324709
1799 1 0.30517825
1344 1 0.2740193
1264 6 0.20463815
1182 1 0.20648082
947 2 0.17032368
3167 6 0.29965174
3166 6 0.2057796
3108 6 0.31302965
3092 6 0.5602834
3091 6 0.36015645
3034 6 0.29582387
3004 6 0.3447452
2975 3 0.2332047
2886 6 0.25221136
2876 2 0.34083387
2850 6 0.393827
2833 6 0.21792929
2609 1 0.24327573
2539 6 0.296359
2526 6 0.29347944
2512 6 0.553511
2495 6 0.20538066
2469 6 0.33272332
2411 6 0.3261826
2402 6 0.34161907
2316 6 0.3307033
2309 6 0.20005772
2277 6 0.3502822
2184 5 0.25292444
2097 6 0.27557558
2089 6 0.20323609
2047 2 0.2831692
2012 3 0.20178245
2011 6 0.2917554
1991 6 0.25589204
1976 6 0.28664997
1944 6 0.26996866
1938 6 0.45933554
1936 6 0.22739123
1929 6 0.3179417
1822 6 0.29352763
1805 6 0.23682344
1800 5 0.23076457
1648 6 0.23257172
1632 2 0.5314723
1551 6 0.5667006
1357 6 0.2923127
1321 3 0.26462466
1317 0 0.16504273
1232 6 0.2635283
1202 6 0.26569396
1193 5 0.32678995
1164 2 0.16666296
1158 6 0.3203611
1046 6 0.24881479
1045 6 0.20416486
977 6 0.40566516
956 0 0.25146776
929 1 0.18664132
915 6 0.28956634
819 6 0.26922175
814 6 0.21807238
774 2 0.24048871
704 5 0.19496839
540 6 0.2470936
456 3 0.24046813
402 6 0.18828312
331 6 0.2824977
217 5 0.22027867
166 6 0.2352223
146 2 0.29807326
32 6 0.27431428
1313 6 0.20414457
1256 1 0.33004558
1107 6 0.30368415
1099 6 0.21552189
808 6 0.21000046
766 6 0.1754414
678 6 0.18908517
667 1 0.27259034
647 0 0.38848442
479 6 0.28129664
310 6 0.2360654
230 5 0.27287233
18 1 0.48361146
1 6 0.23130609
2754 6 0.29393125
2306 6 0.3781252
2193 5 0.25986663
1928 5 0.2181963
1506 3 0.19399285
823 6 0.19946726
784 1 0.33299047
922 3 0.25656882
878 6 0.30040753
581 6 0.2555274
410 6 0.27500913
402 3 0.15882158
4006 6 0.2376462
2530 2 0.25350353
1100 6 0.3068539
297 1 0.33538637
520 1 0.25843287
462 3 0.23167579
236 1 0.24769345
3372 4 0.16105689
3364 6 0.17793553
3356 6 0.44179434
3080 6 0.34332752
2961 6 0.37243968
2950 6 0.39436617
2746 5 0.2088168
2690 6 0.22925441
2603 6 0.25291976
2586 6 0.48130015
2313 6 0.23036039
2283 6 0.16829485
2267 6 0.2582254
2233 6 0.34046435
2041 6 0.2926879
2022 6 0.2317514
1787 6 0.2369791
1731 6 0.30370352
1703 6 0.31012896
1701 6 0.54244876
1516 6 0.27485174
1440 6 0.31229556
1437 6 0.26330107
1375 6 0.40989646
1236 6 0.18744627
1235 6 0.547237
1048 6 0.3211189
986 1 0.43437675
860 6 0.3939731
454 6 0.18615456
348 6 0.22467965
147 6 0.2596519
964 6 0.21077086
963 6 0.27552506
962 2 0.2135577
1372 3 0.19281217
1281 2 0.20949537
1139 1 0.22418223
2372 6 0.17220145
2350 2 0.23006348
2340 6 0.18439235
2320 6 0.31095913
2300 3 0.18386853
2276 6 0.17348397
2275 3 0.18761879
2265 6 0.23870336
2253 6 0.33611035
2251 6 0.4861371
2244 2 0.38734445
2231 6 0.2921518
2223 6 0.22319573
2221 2 0.17598897
2207 6 0.24760178
2173 3 0.17710516
2166 3 0.2656549
2162 6 0.25353888
2150 2 0.19104016
2132 6 0.21582489
2129 6 0.3214755
2071 1 0.4261935
2051 6 0.22103718
2031 6 0.20090488
1740 6 0.41541755
1733 6 0.39000854
1697 3 0.22203377
1656 6 0.22304328
1655 6 0.25986043
1561 3 0.20594174
1464 6 0.27291924
1411 1 0.26148656
1377 2 0.16572787
1360 1 0.18977611
1331 2 0.16228639
1299 6 0.24206
1292 6 0.24744253
1220 5 0.17001286
1199 6 0.4810824
952 1 0.18066795
899 6 0.19398189
847 5 0.263635
832 3 0.2282722
824 6 0.33671886
594 6 0.17867287
591 3 0.18296003
557 2 0.18450569
547 5 0.2611172
541 6 0.28836447
495 6 0.23260856
460 1 0.16002202
380 1 0.4274325
293 2 0.20825002
283 6 0.27252302
276 2 0.16892636
235 2 0.18775499
172 3 0.18286307
160 6 0.16967131
103 6 0.19471024
53 2 0.21719025
32 3 0.19322802
601 1 0.20058455
2167 3 0.20772451
1912 1 0.24290392
1909 6 0.48579237
1682 6 0.37470824
1467 3 0.23677142
1327 3 0.194395
735 1 0.24479125
759 1 0.5781651
53 1 0.2243411
33 5 0.20382585
560 6 0.19805956
440 6 0.32405183
438 6 0.31438738
422 6 0.29853848
310 6 0.3858917
1419 6 0.19274293
1394 6 0.18753669
1148 6 0.20574163
1141 6 0.17804652
1140 3 0.20948724
973 6 0.19869305
877 6 0.35307178
659 6 0.23762684
537 6 0.1913599
516 3 0.20523393
273 6 0.2956921
232 6 0.34549144
2996 1 0.22709922
2980 6 0.22440358
2850 1 0.2693096
2517 0 0.3098305
2206 1 0.2814956
1973 5 0.22468552
1894 1 0.22225459
1811 3 0.210642
1807 3 0.23765223
1619 1 0.4079096
1603 1 0.3183237
1402 1 0.24383882
1236 0 0.18717839
1188 1 0.17752115
1186 1 0.4053248
944 6 0.20229729
911 5 0.19512302
851 6 0.26582384
813 1 0.19092095
789 1 0.47162786
703 1 0.17176127
647 1 0.33562183
596 0 0.18862015
576 1 0.44055083
565 6 0.2407191
447 0 0.2763255
399 3 0.32114306
281 1 0.73712933
219 0 0.34607205
86 6 0.27125183
71 0 0.22649385
268 6 0.24091321
217 6 0.21248178
214 6 0.17674327
135 2 0.25790954
57 6 0.316891
48 5 0.23696841
301 1 0.29496256
2496 1 0.47174487
2428 1 0.9491483
1954 6 0.3136788
1945 1 0.98306143
1766 3 0.1722943
1756 1 0.662268
1533 2 0.6168058
91 1 0.2434549
747 5 0.2251247
349 6 0.3041267
336 3 0.22608043
209 6 0.22609746
111 6 0.18284786
2049 2 0.31077072
2041 6 0.19672644
1902 6 0.2172818
1538 6 0.30081305
1377 1 0.37377208
1231 6 0.3477537
1070 1 0.28876698
1062 6 0.36093518
554 1 0.19156611
523 1 0.19246121
359 5 0.27844763
1023 5 0.24949242
511 1 0.23951115
1959 6 0.31784397
1953 6 0.30917087
1332 6 0.34060344
948 6 0.39859474
635 6 0.29486752
257 6 0.23673491
604 1 0.18131566
568 1 0.44078755
554 0 0.21138312
549 6 0.23310302
517 0 0.23296073
511 1 0.21967821
428 6 0.6234763
6803 6 0.34624457
6662 6 0.2636828
6659 1 0.22462204
6644 5 0.17642385
6619 1 0.1997598
6571 1 0.2927811
6525 5 0.20234136
6512 1 0.17506085
6492 6 0.26303983
6403 5 0.28386313
6382 1 0.27542293
6339 6 0.21398605
6282 5 0.25737414
6251 1 0.22465383
6222 1 0.38644013
6220 6 0.23539811
6205 1 0.18736745
6202 1 0.25778624
6187 5 0.25457883
6175 5 0.24590415
6086 6 0.29533648
6053 6 0.23531735
6004 6 0.2538873
5974 1 0.2143155
5855 1 0.17170414
5776 6 0.25575313
5685 5 0.26687354
5544 1 0.39423093
5537 6 0.21735121
5370 6 0.2623877
5361 6 0.23478608
5344 5 0.20577326
5340 6 0.19739078
5335 3 0.18895201
5333 1 0.4025223
5320 1 0.19353831
5311 6 0.30755904
5310 6 0.21873626
5281 1 0.33983028
5268 1 0.19996199
5234 6 0.18790631
5078 1 0.22227614
5043 5 0.3104801
4995 3 0.19904278
4874 6 0.48575896
4834 6 0.17366758
4825 1 0.2083036
4818 6 0.28851557
4791 6 0.45312223
4790 6 0.3265019
4753 5 0.19234817
4706 5 0.31341496
4598 1 0.2500478
4571 1 0.20708038
4525 1 0.22193617
4519 3 0.20449518
4513 6 0.36733365
4458 6 0.27562436
4344 6 0.23978521
3968 6 0.24164918
3883 1 0.22945371
3823 1 0.19296315
3627 1 0.19606057
3623 6 0.23513386
3371 6 0.21888162
3346 1 0.23018971
3341 6 0.34282303
3097 6 0.18353534
2555 1 0.23742387
2503 5 0.19012377
2491 6 0.17236704
2486 2 0.18149583
2467 1 0.23117097
2418 6 0.3637877
2403 6 0.20695981
2185 5 0.2748677
2066 1 0.17903942
1997 5 0.20058942
1915 5 0.2531696
1689 1 0.25322303
1593 4 0.27966458
1561 4 0.26896244
1525 6 0.22181953
1515 6 0.18704501
1501 1 0.17227788
1211 1 0.17785257
1068 5 0.25495145
936 6 0.21007416
869 1 0.17282648
866 3 0.18277049
837 5 0.22143586
735 3 0.18061464
639 1 0.20331554
620 3 0.22491004
618 1 0.21972246
521 6 0.19336838
350 1 0.36845702
74 6 0.2697752
3 5 0.21221606
952 6 0.23562498
801 1 0.32038632
795 2 0.27050722
684 1 0.23023617
683 1 0.20789118
338 3 0.2666457
412 2 0.34606224
820 2 0.32169035
818 2 0.2517192
817 2 0.21035734
815 3 0.2326487
814 2 0.19946347
807 2 0.3453119
798 2 0.26792458
789 2 0.36676562
788 1 0.20827374
780 2 0.41099584
776 2 0.39021918
774 2 0.8159723
771 2 0.18860283
762 2 0.15497504
760 2 0.5235367
751 2 0.45291874
744 2 0.17758416
732 6 0.20230816
727 2 0.26265383
724 2 0.49595895
721 2 0.43289897
720 2 0.38079897
719 2 0.44681445
713 2 0.1945373
711 1 0.19901808
700 2 0.5431286
697 2 0.28710318
695 6 0.23409238
691 2 0.508298
687 1 0.3395364
683 1 0.38495058
678 2 0.51010925
677 2 0.22952841
676 2 0.24684118
674 2 0.30094337
670 2 0.4466102
667 6 0.19390884
665 2 0.37916535
662 3 0.23204643
661 2 0.42663416
646 2 0.24177906
643 2 0.27808586
641 2 0.35338026
639 2 0.33234566
637 2 0.2615372
633 2 0.22647214
628 2 0.32157215
625 2 0.20848356
613 2 0.31353468
612 3 0.24571653
611 2 0.18940376
610 2 0.24172516
609 3 0.22495869
607 2 0.32399365
605 2 0.5089064
602 2 0.19373588
596 2 0.23951465
593 2 0.2992781
591 2 0.31077638
584 2 0.41190964
579 6 0.21824221
576 6 0.26120698
575 2 0.28395832
573 6 0.22009964
570 6 0.211725
569 2 0.33198622
568 1 0.41832402
566 1 0.1932535
564 1 0.16949704
561 2 0.2982466
555 2 0.47481436
551 2 0.59968865
550 2 0.3455306
547 2 0.7886758
540 2 0.3676841
522 2 0.21549335
517 2 0.5670372
512 2 0.4198862
505 2 0.30574575
491 4 0.17183128
482 3 0.16978912
478 2 0.6013537
476 2 0.42341253
466 2 0.25173604
453 2 0.41789886
449 2 0.27659598
439 3 0.18891102
436 2 0.5546199
434 2 0.19775124
430 2 0.23308356
428 2 0.4124063
423 2 0.41207042
415 2 0.4328035
411 2 0.39993033
408 2 0.3095492
407 2 0.24267536
397 2 0.23956989
396 2 0.2004536
394 2 0.4636
393 2 0.25103623
390 2 0.33152947
389 2 0.22021112
388 2 0.19761409
371 2 0.24006587
365 2 0.4439865
359 3 0.216326
358 2 0.2691381
350 2 0.2587376
323 2 0.28486454
320 3 0.2271835
312 2 0.31981868
298 2 0.5258711
293 2 0.4323808
283 1 0.16699007
275 2 0.34353614
274 3 0.22859824
269 2 0.28978008
264 1 0.1945641
256 2 0.32887897
249 2 0.38777608
245 2 0.40592283
243 2 0.22904667
227 2 0.30557013
222 2 0.44573218
220 2 0.25294936
214 0 0.17824617
202 2 0.32207975
197 2 0.21784115
194 2 0.39853853
188 2 0.32102996
175 2 0.4832068
172 3 0.20547324
165 2 0.26145086
164 1 0.2424261
162 2 0.3717226
157 2 0.24772123
153 2 0.3888358
145 6 0.3019974
139 2 0.29430932
125 1 0.31756917
123 2 0.22354712
122 2 0.4520531
102 2 0.4784396
100 2 0.35075468
88 2 0.42966476
81 2 0.61756694
79 2 0.44637546
77 2 0.26733592
74 2 0.26093668
66 2 0.443898
53 2 0.3081181
46 6 0.2702419
40 2 0.3211499
20 2 0.5817005
1863 1 0.2281079
1854 6 0.26547167
1839 0 0.20406106
1827 6 0.21451464
1802 6 0.27659383
1725 1 0.21737696
1686 6 0.17946301
1684 6 0.20623344
1032 1 0.19549598
721 3 0.28914002
855 6 0.30620748
766 1 0.1843501
432 6 0.32916388
402 1 0.2095929
522 6 0.20094706
1475 6 0.19397105
1468 6 0.3589554
1461 1 0.2643067
1421 6 0.23426172
1366 6 0.2943535
1351 2 0.23003912
1319 6 0.2736887
1309 2 0.39384198
1280 6 0.24962446
1279 6 0.23575756
1274 1 0.4042535
1265 6 0.5006404
1239 6 0.50785536
1216 6 0.45549384
1130 6 0.18281153
1108 1 0.23118508
956 6 0.2804593
904 6 0.35274124
899 6 0.35286036
890 6 0.24344967
878 6 0.18884145
857 2 0.271731
664 6 0.18876787
548 6 0.3687454
232 1 0.2044101
206 6 0.270851
141 6 0.18471646
98 1 0.35399336
72 6 0.18517812
16 6 0.33315203
964 6 0.21104373
623 6 0.35774523
557 5 0.23617142
521 6 0.19364989
512 5 0.3349052
491 5 0.5736004
176 6 0.22702654
160 6 0.24334647
137 1 0.18903318
41 6 0.3545398
14 5 0.1960988
7 1 0.1801946
463 5 0.21193883
163 1 0.20671374
90 0 0.1872719
920 3 0.2736714
914 2 0.1622715
910 1 0.19622195
651 1 0.2079723
287 1 0.26978168
144 1 0.24005412
89 1 0.43271098
219 6 0.17881884
1280 3 0.19820143
667 3 0.35203254
472 3 0.25028846
341 1 0.2852059
317 1 0.24944766
228 3 0.41773525
5 3 0.18633696
724 6 0.3693515
498 6 0.49343434
334 1 0.20327441
775 6 0.225612
762 6 0.2508997
760 6 0.26013535
758 6 0.26970947
722 6 0.32551926
708 3 0.25659385
668 0 0.16061391
543 6 0.25746167
533 6 0.20981647
458 6 0.16042075
436 6 0.21279505
412 3 0.21534654
408 6 0.23763767
352 6 0.31632146
276 6 0.19527839
271 6 0.44567502
193 6 0.28652915
146 6 0.2863682
140 6 0.19379276
125 6 0.21153133
110 3 0.25997603
98 6 0.3441052
75 6 0.2921806
41 6 0.26119056
1542 6 0.3166697
1503 6 0.25547692
1479 6 0.19039334
1389 6 0.2258045
1375 6 0.22105561
1338 2 0.22893505
1221 2 0.20939611
1159 6 0.2946418
1142 6 0.27468586
895 3 0.19609986
858 3 0.18413803
820 3 0.20165248
735 1 0.20067482
576 6 0.25611866
559 6 0.21444124
558 3 0.20198192
523 6 0.32110855
502 6 0.17725208
369 1 0.2719604
284 6 0.19121847
40 3 0.1793131
29 3 0.18553768
28 5 0.17411105
243 0 0.17182906
463 5 0.3037904
444 1 0.20349959
416 5 0.32595104
413 3 0.17201766
367 5 0.27125424
326 5 0.17573574
297 5 0.28120884
73 5 0.16700777
164 1 0.2689651
480 3 0.20130807
100 6 0.18501998
336 6 0.34882587
46 6 0.27292445
107 6 0.252792
335 3 0.23218688
414 6 0.2080803
367 6 0.22341666
4320 1 0.17956641
4137 3 0.3011173
4090 5 0.24248189
4011 6 0.21306604
3765 5 0.2698108
3636 1 0.21562107
3339 6 0.27841294
3071 5 0.23160888
3031 6 0.20828971
2900 1 0.20837809
2521 1 0.25370306
2382 1 0.34145573
2322 6 0.2764543
2281 6 0.19244532
2220 1 0.17431627
2197 6 0.18815741
2079 1 0.29521525
1942 2 0.19799237
1921 1 0.18060048
1801 6 0.385378
1780 6 0.18983015
1778 1 0.20720436
1678 6 0.20399882
1676 6 0.21132058
1641 3 0.21143009
1637 1 0.30173358
1602 6 0.28403187
1572 1 0.26802126
1478 1 0.37238914
1396 1 0.34172592
1381 1 0.19748972
1365 1 0.33774465
1305 1 0.32905197
1295 1 0.38271058
1099 1 0.22444989
1077 3 0.2916217
1004 6 0.5752761
984 6 0.2100257
963 6 0.19203554
962 1 0.18675767
957 4 0.172756
911 4 0.19302662
832 6 0.19678156
826 4 0.23884675
739 1 0.38549572
738 1 0.4921285
616 6 0.18825758
572 1 0.47718224
422 6 0.16914445
237 5 0.1910181
227 1 0.2961673
224 1 0.28047106
108 3 0.17071417
100 6 0.19371986
90 6 0.30590853
38 1 0.38877717
31 1 0.31847638
30 3 0.20195071
140 1 0.25735125
533 5 0.25887075
521 5 0.44390646
518 5 0.24369706
515 5 0.50785834
513 5 0.3761668
509 1 0.22138487
489 5 0.42073607
482 5 0.3417856
428 5 0.44997844
391 5 0.23368013
345 5 0.36706296
307 5 0.6422321
304 5 0.3409273
281 3 0.22341512
277 5 0.30224705
263 5 0.2638902
229 5 0.26316044
220 5 0.46488127
132 5 0.26980108
126 1 0.26318327
110 6 0.2498167
66 1 0.21634851
58 5 0.3691267
44 5 0.24234068
381 5 0.22020964
257 6 0.2912234
196 6 0.21102023
53 6 0.22681987
95 3 0.17798279
77 6 0.1982699
64 6 0.20794508
297 1 0.1963242
142 1 0.23506866
231 3 0.18170924
70 2 0.17621326
30 3 0.19515066
1315 3 0.22864658
1273 1 0.2471109
1157 6 0.3131866
1045 6 0.5417594
1014 6 0.37329972
1008 6 0.53082925
945 6 0.34034818
903 6 0.26876295
738 6 0.22162174
728 6 0.38973847
687 6 0.31693345
625 6 0.22129087
536 6 0.22749542
527 6 0.2574442
524 6 0.17969748
498 6 0.21580206
384 6 0.2698431
334 6 0.31991357
295 6 0.23682612
262 6 0.26126647
260 6 0.99156266
241 6 0.89813566
205 6 0.2721009
66 6 0.32631996
58 2 0.15709639
57 2 0.185745
55 6 0.25383767
54 6 0.2653172
88 3 0.17813237
17 5 0.30555668
440 6 0.18300061
425 1 0.2565727
419 3 0.22928527
402 6 0.38009375
400 6 0.33671087
396 6 0.36903882
359 6 0.49568313
341 6 0.5629296
312 1 0.20933123
256 6 0.3531361
221 6 0.25417966
199 3 0.20511402
150 6 0.24168082
119 6 0.19372588
117 6 0.32298398
105 3 0.31538394
59 1 0.36655107
481 6 0.24917728
447 6 0.29402065
385 1 0.26990986
336 1 0.3160449
31 5 0.17620686
511 6 0.19791976
337 1 0.31496543
82 0 0.17663155
22 1 0.1731494
616 1 0.20555249
73 1 0.26332238
353 6 0.23069751
133 1 0.22711936
38 6 0.24080016
87 5 0.20923676
51 1 0.22686595
89 6 0.27111882
316 3 0.21449296
300 2 0.28616518
380 6 0.5418673
219 2 0.20950052
98 6 0.19643576
257 5 0.28314498
178 6 0.19023873
1992 1 0.25648752
1933 5 0.4147939
1853 5 0.32606354
1441 5 0.3376647
1278 6 0.2775936
1056 5 0.22888368
1023 5 0.32444036
835 5 0.22832358
678 5 0.26871386
271 5 0.21547519
179 6 0.24750082
61 3 0.20799132
52 6 0.23586532
195 1 0.29308325
150 6 0.24711868
65 4 0.19377665
68 6 0.180978
235 3 0.2629309
252 6 0.25258416
251 6 0.21126603
219 6 0.3319008
291 2 0.21467245
286 6 0.20283979
284 1 0.22666578
278 2 0.28905454
276 2 0.26303542
270 2 0.3667666
267 2 0.2648362
266 2 0.66158473
265 2 0.2535629
264 6 0.24636367
263 1 0.2962892
254 2 0.32546106
246 2 0.5800858
245 2 0.31745556
234 5 0.18469168
233 2 0.40922806
231 5 0.26285526
229 2 0.29279804
228 2 0.2706925
225 2 0.25698817
222 2 0.26136315
211 4 0.26682082
205 2 0.34788707
196 2 0.2901393
186 1 0.20011653
184 1 0.26551434
179 2 0.3358893
177 6 0.21837
174 2 0.3003896
171 1 0.2326106
170 2 0.20144872
169 3 0.24759637
165 2 0.2777302
158 1 0.41489077
157 2 0.2840783
155 1 0.30168623
154 2 0.31586835
153 1 0.39335126
150 2 0.29396692
145 2 0.34951013
142 2 0.39029998
140 1 0.1543151
136 1 0.25615585
132 2 0.38663235
129 6 0.20661007
124 1 0.52381325
117 1 0.42891747
115 2 0.4320641
113 2 0.22498067
110 6 0.17093031
106 2 0.22097827
97 1 0.27750105
88 3 0.19299048
83 2 0.5012087
77 2 0.26130202
73 2 0.44327465
65 1 0.21320286
64 1 0.18498683
62 2 0.5176026
61 2 0.41937995
58 2 0.3409361
56 2 0.27774435
55 1 0.35051492
54 6 0.229393
52 1 0.25573674
51 1 0.1927354
46 6 0.2694411
45 1 0.29931375
39 2 0.3688253
37 0 0.33116937
31 3 0.19394813
30 2 0.26202443
23 2 0.4753427
670 3 0.21225666
410 6 0.24028279
19 1 0.34611082
871 6 0.26428115
654 4 0.1531886
434 6 0.20774591
409 2 0.27499747
390 6 0.19433174
315 2 0.25986633
246 2 0.23931919
71 1 0.30941764
765 1 0.2600842
751 2 0.19540136
735 1 0.39705202
506 1 0.3166001
149 3 0.20174822
122 6 0.38735378
34 1 0.46827358
216 1 0.22156222
136 1 0.342416
298 2 0.19132563
221 1 0.22809522
177 2 0.3155542
47 6 0.18283604
117 3 0.1974352
49 6 0.37132868
139 1 0.27230033
91 1 0.16777857
30 1 0.19682613
14373 6 0.26310155
14371 5 0.22831504
14331 1 0.45062515
14246 5 0.27155626
14164 5 0.295083
14069 1 0.23071165
14067 5 0.2844328
14033 6 0.2055349
13992 5 0.34858012
13870 1 0.49120134
13807 5 0.31463322
13719 5 0.36502814
13714 5 0.23522948
13675 5 0.2431828
13583 1 0.2822988
13526 1 0.3819296
13494 1 0.31319475
13465 5 0.32249486
13451 5 0.3247516
13423 1 0.36450782
13005 5 0.2702943
12981 6 0.21802858
12827 5 0.335004
12638 1 0.26286057
12622 4 0.1632828
12606 5 0.21325685
12522 3 0.19678469
12468 6 0.21800445
12428 1 0.2647859
12383 5 0.23473892
12336 6 0.26354057
12316 5 0.36493805
12136 1 0.19242884
12118 5 0.3846065
11828 1 0.27510244
11771 1 0.4585546
11717 1 0.17297538
11666 6 0.16737217
11615 5 0.24153478
11599 5 0.23565969
11596 5 0.24285577
11595 5 0.26151294
11444 1 0.263402
11304 6 0.21187907
11207 1 0.20497428
11105 1 0.28249454
11102 1 0.26878148
11055 5 0.19559722
10880 6 0.1885517
10863 6 0.22033885
10855 5 0.21453871
10854 5 0.24005614
10853 5 0.24281731
10838 1 0.44897756
10802 1 0.2139779
10799 1 0.2864418
10790 1 0.25733632
10788 6 0.28795525
10783 5 0.20413041
10773 5 0.3987611
10681 1 0.24679047
10659 6 0.23175184
10640 1 0.20638885
10636 1 0.17503886
10605 1 0.39622593
10441 1 0.34246287
10268 5 0.34272265
10244 3 0.23206328
10113 3 0.16291302
10031 5 0.28227404
10005 5 0.25897604
9996 3 0.1933563
9995 3 0.19864313
9774 1 0.28106797
9641 5 0.3232838
9624 1 0.26251397
9618 1 0.31494454
9574 1 0.24273887
9498 6 0.20582595
9359 3 0.17965269
9235 1 0.34412774
9233 5 0.18503118
9180 5 0.2886771
9179 5 0.33294263
9134 1 0.22656673
9123 5 0.31867167
9051 1 0.27963886
8996 6 0.23127623
8962 5 0.36123696
8961 5 0.4066662
8880 5 0.29180986
8874 5 0.18631835
8867 5 0.30903754
8866 5 0.490355
8865 6 0.2566455
8833 1 0.2900973
8796 5 0.22027014
8778 5 0.24717882
8774 5 0.2482373
8773 5 0.33471158
8752 5 0.4180789
8751 5 0.28403237
8748 5 0.37379268
8721 1 0.23711778
8698 5 0.28387457
8289 3 0.18866532
8262 5 0.3241514
8208 1 0.25573614
8130 5 0.32952073
8121 3 0.2424897
8101 6 0.24538963
8077 5 0.25530484
8072 5 0.33199853
8056 6 0.20762327
8021 5 0.33043647
7918 5 0.4023857
7909 1 0.28167298
7906 1 0.33782902
7872 5 0.2398127
7790 5 0.2554723
7789 1 0.22524875
7778 5 0.23630755
7759 5 0.36732668
7712 6 0.30180022
7664 6 0.1851783
7633 1 0.24940026
7615 5 0.3168504
7587 5 0.24087058
7561 3 0.17795809
7557 5 0.39680076
7520 5 0.24324179
7509 1 0.23637624
7497 5 0.22660916
7480 5 0.2500136
7455 5 0.2804992
7442 6 0.22692916
7200 1 0.2647406
6951 5 0.21861762
6845 5 0.27045584
6797 5 0.22814506
6746 5 0.2273729
6600 5 0.2892272
6561 5 0.22056411
6453 5 0.3547404
6281 1 0.20419405
6179 5 0.22762132
6142 5 0.26045504
6099 5 0.32733825
5984 1 0.3271483
5845 5 0.31188163
5843 1 0.31961748
5747 1 0.27541304
5692 1 0.35234118
5604 5 0.22811916
5593 5 0.19720425
5489 5 0.4396776
5421 1 0.43206638
5270 1 0.2955732
5166 1 0.33305818
5155 1 0.32556212
5135 1 0.19628589
5074 3 0.408367
5039 6 0.22664571
5022 5 0.42957067
5021 5 0.51999164
5010 5 0.2662477
5005 1 0.36616275
4974 5 0.24383774
4927 5 0.3345678
4916 5 0.5345588
4896 5 0.4264924
4892 3 0.17994717
4827 1 0.28882802
4654 6 0.27795988
4473 1 0.2987664
4364 5 0.1967201
4179 1 0.2213137
4104 5 0.24954025
4017 6 0.16900434
3990 5 0.22622845
3950 5 0.2336674
3862 5 0.19685952
3838 1 0.21752177
3686 1 0.24078083
3684 6 0.21137244
3649 6 0.31340462
3641 5 0.22358166
3637 5 0.19109231
3510 6 0.16597714
3509 4 0.16420887
3507 1 0.17976874
3401 1 0.40889612
3348 6 0.18011646
3216 5 0.38347515
3208 5 0.20491235
3131 1 0.2149701
2847 1 0.34343326
2844 5 0.36759424
2825 1 0.2758835
2815 5 0.16899486
2758 5 0.22794211
2749 6 0.21894547
2652 5 0.20633826
2632 5 0.1864564
2627 1 0.26980308
2568 6 0.21148695
2515 1 0.18386394
2498 5 0.28567898
2497 5 0.19499332
2434 5 0.22530359
2366 1 0.2142451
2359 5 0.22371247
2350 6 0.19697948
2315 1 0.21908054
2222 5 0.23090768
2160 5 0.22193828
2157 2 0.17639019
2138 5 0.2711294
2116 5 0.30141053
2056 5 0.19562612
1933 5 0.20691188
1902 5 0.20984814
1877 6 0.22463775
1831 5 0.17114252
1805 1 0.3027196
1772 5 0.24402215
1719 5 0.19167313
1662 5 0.20025927
1589 1 0.22748017
1542 5 0.25454953
1541 1 0.19368327
1529 1 0.33350655
1351 1 0.21987504
1316 5 0.1916526
1315 5 0.2897038
1314 1 0.25769657
1253 5 0.27138773
1239 5 0.33239675
1237 5 0.2986808
1220 1 0.28601673
1189 1 0.19009928
1159 1 0.17355326
1129 1 0.28580025
1108 5 0.25739214
1088 5 0.22381078
1078 5 0.3563714
971 4 0.17988363
794 1 0.24168724
757 1 0.30972525
697 6 0.17424883
673 1 0.25074536
664 1 0.22618966
663 1 0.24164079
650 5 0.23651046
588 1 0.20774154
488 1 0.37901658
479 1 0.23150194
475 1 0.17973499
422 5 0.30485356
405 1 0.3792797
356 5 0.30083165
331 5 0.1649024
269 5 0.28568652
255 1 0.2666782
239 6 0.17767043
209 6 0.18345116
126 5 0.2262182
119 5 0.31228742
115 1 0.261764
87 5 0.30852118
51 5 0.16741562
189 2 0.17990825
95 1 0.25646472
61 6 0.20245312
235 6 0.3048768
4368 1 0.30143076
4290 1 0.23107724
4216 3 0.210422
4130 1 0.24392389
4108 6 0.22939444
4103 1 0.24512371
3967 1 0.2180898
3941 1 0.18410796
3702 1 0.22650231
3691 5 0.20224257
3679 5 0.30139646
3676 6 0.19772859
3584 5 0.20362844
3349 1 0.21272592
3348 1 0.21500602
3347 3 0.19916111
3344 1 0.21266481
3340 5 0.20843728
3336 5 0.22234565
3295 6 0.30409667
3278 1 0.26442307
3271 1 0.2773088
3187 5 0.28698194
3072 1 0.23107442
3045 1 0.19931412
2835 1 0.21137717
2834 1 0.22262073
2815 5 0.22298482
2812 6 0.20645659
2806 5 0.283353
2794 5 0.33800516
2791 1 0.35762253
2585 1 0.75637835
2541 1 0.7494979
2517 1 0.7513439
2509 1 0.7298558
2505 1 0.38243514
2504 1 0.24232075
2484 1 0.7572258
2464 1 0.2660826
2451 1 0.7579554
2446 1 0.75085294
2438 1 0.7646833
2425 1 0.73885524
2424 1 0.7672656
2418 1 0.7760968
2415 1 0.77528167
2412 1 0.7595359
2411 1 0.78264505
2410 1 0.76927143
2408 1 0.75736415
2406 5 0.25961855
2370 1 0.78306156
2338 6 0.25135142
2263 1 0.7630484
2145 1 0.7675083
2061 1 0.7277758
2035 1 0.7263461
2004 1 0.72687435
2001 1 0.72307706
1827 1 0.7176558
1746 0 0.17066352
1638 1 0.6973746
1637 1 0.6902179
1588 1 0.6745918
1567 1 0.6929587
1542 1 0.71214116
1540 1 0.7109692
1476 1 0.70329696
1450 1 0.7326126
1445 1 0.70620584
1408 1 0.31084353
1378 1 0.2434787
1373 5 0.19656399
1341 5 0.2187445
1315 5 0.36143863
1281 1 0.3049178
1228 1 0.22936617
1224 1 0.26910448
1223 3 0.20398346
1201 1 0.20837452
1143 5 0.16922954
1135 1 0.3765323
1119 5 0.17765306
1016 1 0.17260508
819 1 0.3958063
663 3 0.17813401
623 6 0.2001038
459 5 0.2793133
392 1 0.36249253
285 1 0.19345438
210 4 0.28040147
204 1 0.2908123
35 5 0.21488309
95 5 0.20295304
14 6 0.22098108
348 1 0.21101898
245 3 0.18575032
20 6 0.25137958
56 2 0.28943422
75 2 0.23525831
17 2 0.25807908
353 1 0.28422517
432 1 0.21009713
425 5 0.25671244
421 6 0.17861351
235 5 0.19307321
71 5 0.27238426
202 6 0.26100487
13 6 0.24577597
143 1 0.21962285
2769 6 0.19965571
2766 6 0.3076517
2737 1 0.23047683
2639 4 0.1624658
2352 1 0.21727596
2327 6 0.16311163
2238 1 0.20619714
1978 1 0.2913958
1858 1 0.21495134
1703 5 0.31555292
1409 1 0.18199897
1154 1 0.23398934
1149 6 0.25409296
637 6 0.16371626
353 3 0.20468079
14 1 0.21586601
604 6 0.39856383
600 3 0.15754683
579 5 0.19812293
562 2 0.21569717
543 6 0.51659304
539 6 0.33470434
534 2 0.21973146
508 6 0.43836588
507 6 0.3753802
505 6 0.2767755
488 6 0.29418617
487 6 0.28404018
467 6 0.36509448
464 6 0.20508571
461 2 0.22447254
459 2 0.21492064
456 3 0.22308308
444 6 0.3226304
438 2 0.21416245
434 6 0.2452169
431 6 0.37540436
423 6 0.24723345
401 2 0.26328617
400 5 0.22069393
396 6 0.25903687
390 3 0.2562839
377 6 0.33639583
376 6 0.23310389
372 6 0.48623782
368 6 0.27026126
359 6 0.33952147
353 6 0.24393821
332 6 0.40931997
321 6 0.28442857
295 6 0.28075475
283 2 0.24164182
254 6 0.16188793
252 5 0.33998147
250 5 0.25101924
247 6 0.24752732
240 5 0.27093846
233 2 0.2515006
230 2 0.18614703
214 3 0.2999095
207 5 0.21190585
198 2 0.2745567
187 2 0.27213028
186 3 0.18224233
174 3 0.2766961
142 2 0.20814636
140 6 0.17683235
138 2 0.18102802
137 3 0.23538826
132 6 0.2842749
115 2 0.54122794
110 6 0.25356194
97 6 0.18967164
94 5 0.19169238
90 2 0.21044242
81 5 0.22458662
76 6 0.20519288
54 6 0.32175726
42 3 0.24175192
40 2 0.22163513
22 2 0.17933948
682 6 0.2172655
623 6 0.33153608
476 3 0.17930584
471 6 0.39329603
453 6 0.26937136
371 3 0.1513819
341 6 0.27964306
112 6 0.33023337
108 6 0.356208
92 6 0.51323396
65 1 0.19197348
705 6 0.17863335
683 1 0.23743254
539 6 0.2574714
530 5 0.27441522
431 5 0.22033377
221 6 0.22242087
203 5 0.2123939
12 6 0.18086398
204 5 0.23036566
137 1 0.20949799
64 5 0.42190686
61 5 0.32751182
1117 3 0.281809
713 6 0.19397087
685 6 0.3616016
379 6 0.30255562
92 6 0.20921612
37 3 0.28023335
27 3 0.35342327
14 3 0.3357021
275 6 0.16609623
156 6 0.28832668
145 1 0.24472862
127 5 0.22226267
8 6 0.20070595
126 6 0.15387139
56 6 0.2787239
294 6 0.36661518
219 1 0.2987755
120 1 0.26537234
120 5 0.2568023
42 6 0.22874697
918 2 0.21998219
564 5 0.29509136
378 4 0.32678363
8 5 0.17249465
432 6 0.27357405
302 6 0.21295735
298 6 0.20081614
289 6 0.21224241
267 5 0.23444998
258 6 0.2518754
241 5 0.29012516
189 6 0.25633538
138 5 0.19349806
137 5 0.242744
43 5 0.18274595
142 6 0.3318869
300 3 0.21225742
19 0 0.20750827
6 6 0.23995888
68 1 0.18313538
66 6 0.15979493
269 6 0.19445765
33 6 0.2708933
3496 1 0.22766869
3050 5 0.18184265
2984 5 0.15692727
2743 5 0.2443378
2696 6 0.20213701
2515 6 0.1808395
1771 5 0.17468403
1436 5 0.18780485
1187 5 0.19260927
1179 6 0.32600084
1176 6 0.30315498
1172 5 0.28086728
1067 5 0.19996646
921 6 0.22027922
807 1 0.22276548
679 5 0.35317156
303 5 0.37199858
292 6 0.39888132
263 6 0.25123772
191 6 0.30692294
97 1 0.17908385
96 6 0.20812231
38 6 0.293579
13 6 0.24056411
89 6 0.1860723
68 2 0.22391635
192 6 0.28951052
165 6 0.20368484
157 6 0.38542372
33 1 0.24517868
28 6 0.27606347
29 1 0.27223283
288 6 0.21604376
271 6 0.19151346
111 6 0.22105932
275 1 0.27350727
2 6 0.23390245
20 6 0.3035516
187 3 0.24429452
124 6 0.1880013
86 3 0.18541947
375 6 0.23204225
267 6 0.1897913
154 1 0.26013586
62 6 0.34836817
190 1 0.22014326
108 6 0.21213228
46 6 0.19739175
45 5 0.2536035
39 6 0.2414531
160 5 0.17832884
151 0 0.21593203
133 2 0.2199466
55 6 0.27053168
564 6 0.17706294
531 6 0.24585934
473 6 0.19396882
472 6 0.26530674
170 6 0.2927632
1 3 0.21133514
15 6 0.17909476
19 6 0.17793617
58 6 0.29954994
45 6 0.3994783
59 2 0.22579822
46 6 0.23565634
4 0 0.18209234
45 5 0.18885633
336 3 0.26894036
310 2 0.3270453
287 3 0.30534822
245 2 0.2157679
222 2 0.27232236
49 2 0.16018023
243 6 0.49903056
162 6 0.25713772
125 6 0.34436786
200 1 0.24536926
196 3 0.19595866
160 1 0.22972158
128 6 0.21026313
69 2 0.19715017
43 1 0.35234925
30 1 0.25364417
13 1 0.2475469
255 5 0.22078337
68 3 0.18947391
20 4 0.26874638
23 6 0.19497913
525 6 0.3751706
295 6 0.2840611
288 6 0.5077696
226 6 0.18484488
225 5 0.27371004
153 3 0.27301386
118 5 0.24679752
113 5 0.194837
110 6 0.2572037
109 6 0.17505386
73 6 0.28863722
66 6 0.2605371
3 3 0.2097106
104 1 0.19263147
104 3 0.19851048
89 3 0.2149016
1 6 0.19632651
82 6 0.3194911
21 5 0.22338022
125 6 0.30561167
225 6 0.3525583
11 6 0.22169347
14 6 0.17461173
552 5 0.199985
525 5 0.21889383
492 5 0.19342156
491 1 0.22762704
470 5 0.22671883
469 5 0.22427528
456 5 0.2480581
455 5 0.25541955
370 5 0.25737014
369 5 0.21560545
341 6 0.18416262
229 5 0.24731982
226 5 0.20860033
181 5 0.24354869
173 6 0.22143053
140 5 0.17347783
79 5 0.19865361
32 1 0.2545263
141 6 0.26115215
158 5 0.2079543
146 6 0.24906832
143 0 0.2172892
146 1 0.16776447
145 3 0.25580475
89 1 0.2088524
17 1 0.23364456
94 6 0.22554718
100 3 0.18709576
134 6 0.43762413
117 6 0.24479114
35 1 0.22350164
24 1 0.27072224
133 6 0.29666528
628 6 0.24290244
608 6 0.26096076
476 6 0.6109369
230 6 0.23063473
190 6 0.3405328
275 6 0.30330718
249 1 0.52630466
207 1 0.20193157
167 1 0.2773492
145 6 0.25116485
117 1 0.52129406
111 1 0.32138586
69 6 0.2926011
51 1 0.19433862
8 6 0.19336094
113 1 0.18436547
64 6 0.18888144
164 6 0.24851125
29 6 0.28152624
25 1 0.3232543
140 6 0.49627578
70 5 0.22298709
7 6 0.22885755
148 6 0.30949178
67 1 0.2572324
49 2 0.16587307
10 6 0.27439636
90 6 0.18893278
22 6 0.25554606
2 1 0.2274412
253 6 0.21124052
179 6 0.21981612
135 6 0.19043252
1 3 0.19213712
16 1 0.36244193
202 6 0.28171742
3 6 0.1907877
179 6 0.30081916
171 5 0.20245427
74 4 0.21861584
57 3 0.22595344
87 1 0.3591295
64 1 0.3757803
63 1 0.32530704
77 2 0.22389153
82 6 0.17658038
947 3 0.20814146
928 3 0.21966042
811 6 0.18249324
802 1 0.24525905
773 5 0.19462298
757 1 0.15876019
755 6 0.21982323
738 1 0.23236638
703 5 0.22231674
673 1 0.2382766
639 1 0.20297486
573 1 0.25525403
506 5 0.26576108
498 6 0.26177204
472 6 0.20213515
425 1 0.23465817
424 6 0.25927332
420 3 0.16440386
337 1 0.17840292
219 1 0.19448978
169 4 0.23135373
129 6 0.21182008
102 5 0.19189717
77 5 0.2136574
39 1 0.16907102
16 5 0.1889676
149 2 0.23974293
84 6 0.3928093
835 1 0.24635932
182 5 0.18836157
169 1 0.21613611
132 2 0.33836013
1 6 0.276023
69 3 0.2507975
177 6 0.33610228
55 6 0.41415873
240 6 0.31201452
163 6 0.24348645
36 6 0.2085877
249 2 0.24562141
204 2 0.21038564
669 5 0.23308188
666 5 0.2679317
593 1 0.28404143
448 1 0.22895497
434 1 0.38736054
427 5 0.19282946
306 6 0.20524886
200 1 0.2831996
187 6 0.21353266
133 6 0.21711239
125 1 0.22110984
30 1 0.30287242
26 5 0.25892568
9 5 0.25000367
2 5 0.21584953
486 6 0.27925333
439 1 0.33621255
405 6 0.2272891
397 1 0.24484013
344 1 0.47375312
342 1 0.20300828
183 1 0.21694909
170 1 0.1935757
156 1 0.3419059
67 1 0.29343703
11 1 0.5965707
31 6 0.4214293
506 6 0.2049584
375 5 0.30922478
342 1 0.20031065
240 5 0.19041127
206 6 0.39317772
104 5 0.20929708
64 1 0.26542065
139 2 0.26479337
133 2 0.16126236
111 2 0.22871982
122 3 0.17647098
336 3 0.17402844
294 5 0.19300357
280 5 0.37274137
17 5 0.30818313
1038 6 0.21716799
1018 1 0.18377315
985 1 0.2012781
925 1 0.24194245
884 5 0.2334027
552 5 0.25943333
537 6 0.259517
423 5 0.3437604
7 6 0.24450536
2804 1 0.30051914
2732 5 0.21881686
2727 5 0.20478097
2720 6 0.26798585
2686 4 0.21730596
2673 1 0.19745794
2643 1 0.27162147
2555 1 0.21672598
2473 1 0.31316304
2407 1 0.27740848
2144 2 0.1864107
2074 1 0.24505837
2029 5 0.19239691
2020 5 0.28469107
1903 5 0.27282295
1896 1 0.22416964
1833 5 0.18805446
1832 5 0.22619821
1831 6 0.21892755
1791 5 0.34790325
1764 5 0.21536991
1730 5 0.2980951
1592 5 0.19714992
1387 6 0.23962182
1358 1 0.20588589
1315 5 0.19151516
1266 5 0.20134826
1176 6 0.30580664
1143 5 0.2517994
975 5 0.23810022
904 6 0.2830274
742 5 0.24056092
724 6 0.1968794
712 6 0.19874425
708 6 0.2602231
654 5 0.24376099
549 3 0.2188546
465 1 0.20244494
414 5 0.22706898
390 5 0.18709926
387 5 0.1592835
329 5 0.18229155
253 6 0.17872223
140 0 0.1684402
40 6 0.22209269
224 6 0.3278505
220 6 0.20892574
847 6 0.3573993
699 0 0.16239664
654 6 0.20580551
637 6 0.25387275
536 6 0.25438175
494 0 0.16063467
466 6 0.31091085
362 6 0.3873843
304 6 0.4499099
285 6 0.4508038
250 6 0.268772
249 6 0.24300994
212 6 0.28058395
84 6 0.30706662
142 1 0.23243584
59 1 0.17388874
65 1 0.1751601
1174 1 0.31027395
1127 1 0.25986376
1119 6 0.25152263
398 1 0.44505307
246 1 0.42202497
236 1 0.3225927
10 5 0.17917055
77 6 0.2592203
76 6 0.25575757
67 1 0.32364374
50 6 0.1979406
47 3 0.23891945
287 2 0.21547024
272 6 0.37712672
344 2 0.25188035
1681 1 0.20960216
1656 1 0.18611674
1300 1 0.15714683
1187 6 0.24313693
1035 6 0.24302803
887 5 0.27421063
340 1 0.18047293
337 5 0.23042154
335 2 0.3399994
329 6 0.19269784
318 5 0.27071196
317 5 0.19021799
307 2 0.33535945
295 5 0.26897654
274 5 0.21967639
272 5 0.32155526
255 6 0.23361497
242 5 0.18409006
238 5 0.2067404
223 2 0.30971336
220 6 0.24258277
203 1 0.18189357
190 5 0.19653368
167 2 0.45228443
165 2 0.31373858
155 5 0.37468106
149 3 0.22824448
145 6 0.32692352
134 5 0.2845626
131 5 0.25564504
121 5 0.27849585
108 6 0.23672432
66 5 0.27941662
60 5 0.1952994
39 5 0.24282491
26 6 0.2584511
25 5 0.23012052
24 2 0.62399536
13 2 0.32585296
8 2 0.2509469
2 6 0.22341904
372 6 0.19208205
15 1 0.23133643
2 6 0.29419968
18 6 0.26228127
8 6 0.3205543
66 6 0.16874842
243 6 0.20845884
241 1 0.19570258
216 2 0.23742479
46 4 0.16355573
7 6 0.22008954
11 3 0.19613478
269 1 0.2835875
65 3 0.37974614
971 6 0.17878313
961 6 0.2747237
950 6 0.2322604
850 6 0.25885865
834 6 0.21811354
660 1 0.21885726
659 1 0.35461918
427 6 0.28885195
423 0 0.24657352
421 6 0.25589547
354 3 0.15773718
351 2 0.15895736
327 5 0.36780185
106 6 0.3522471
58 5 0.33036056
30 3 0.30866078
4 6 0.21518779
66 1 0.24784203
30 6 0.17164165
39 2 0.20161061
23 6 0.272239
18 3 0.17430258
6 6 0.22581087
641 3 0.2533994
598 6 0.23335245
597 1 0.21606494
575 6 0.26367956
549 6 0.18808335
229 6 0.26102576
146 1 0.2432031
186 3 0.18727916
133 4 0.2167599
569 6 0.43917227
478 6 0.3301576
404 0 0.22050631
61 2 0.21200377
10 6 0.26743743
137 1 0.21405838
35 1 0.3656974
29 1 0.2210473
197 6 0.32119083
115 6 0.2839831
10 1 0.28617534
394 4 0.16338395
390 4 0.39813694
389 0 0.17971177
388 3 0.3356777
376 4 0.8527962
363 0 0.21965306
339 4 0.6609281
317 5 0.32399684
308 4 0.74273443
305 0 0.4292093
303 4 0.2945808
296 4 0.42353886
293 4 0.80074894
286 4 0.53752226
270 0 0.50882775
266 5 0.17369865
264 4 0.70216775
260 0 0.58096206
250 4 0.4003118
248 3 0.51956725
239 5 0.4411231
218 0 0.8878005
215 0 0.37593827
203 4 0.43365756
199 5 0.6332043
195 4 0.39074913
194 4 0.614048
181 4 0.51728016
179 5 0.66305923
170 0 0.331585
160 5 0.3584288
159 4 0.33363107
157 0 0.31138176
150 3 0.3241897
145 4 0.34402603
143 3 0.57938355
142 0 0.5663301
116 0 0.24557668
112 5 0.4966159
101 5 0.24213825
96 4 0.7011062
95 0 0.7093778
86 5 0.54822755
80 0 0.43074566
69 0 0.21491581
52 4 0.67566544
50 4 0.31507468
43 3 0.38952607
40 5 0.371487
39 5 0.47884485
34 4 0.20651151
31 5 0.20901646
15 3 0.2506611
66 5 0.26760855
7 3 0.25482988
96 2 0.19241402
95 2 0.43839297
78 3 0.173163
1 3 0.21062966
31 5 0.4725308
86 5 0.18770677
53 5 0.5226462
44 5 0.5557512
20 6 0.23224534
187 2 0.21582441
183 3 0.51662546
180 6 0.34116057
179 2 0.41675118
171 3 0.20103572
149 2 0.19599083
144 0 0.409695
141 3 0.21593411
138 2 0.23359665
136 2 0.23614985
128 2 0.21256611
127 2 0.22469975
126 2 0.20173222
115 2 0.23869437
112 0 0.2973904
106 0 0.25755835
97 3 0.26047903
90 2 0.30865324
83 6 0.2485076
81 3 0.24749449
79 4 0.38450208
73 2 0.514365
52 0 0.5205359
50 0 0.79211366
49 0 0.19356743
47 2 0.36720592
44 3 0.4409962
43 2 0.32352006
31 4 0.36797005
29 2 0.5657827
28 0 0.6927689
25 2 0.66827315
22 3 0.38151592
16 2 0.661843
14 2 0.3157723
12 3 0.28741562
7 3 0.88233304
58 3 0.28027382
48 3 0.32743922
41 3 0.17140199
37 1 0.1857207
36 1 0.17340016
10 2 0.2993411
110 2 0.18752988
260 0 0.29613638
216 3 0.23806365
212 3 0.17822826
209 3 0.3226155
208 3 0.16400744
134 3 0.47234833
79 5 0.20695098
45 6 0.19346488
407 5 0.3749684
16 6 0.24181895
71 3 0.23052613
382 1 0.22757386
371 1 0.26200044
153 5 0.8214258
44 5 0.20599204
10 5 0.2002243
