54675470 5 0.55704826
44855500 0 0.9890813
55169523 4 0.5178523
34490807 1 0.99246204
46175419 1 0.9823625
728143 1 0.7845284
44034901 4 0.54580784
27905195 5 0.6997876
18158920 5 0.9869127
31953892 5 0.90820676
51885432 0 0.69526255
35834331 5 0.9480499
39249905 0 0.97991955
45293713 2 0.5570049
30627812 2 0.64138544
11474713 1 0.98163056
40597386 0 0.6052967
48534420 1 0.99756074
34887483 0 0.99059033
42805375 1 0.85316485
20129606 4 0.47138065
39546437 1 0.99191886
36218119 1 0.7285062
36531215 4 0.70013756
57603592 5 0.9929495
26614027 0 0.4674449
38457578 2 0.757975
53986017 4 0.6669159
42907619 0 0.8292682
6831933 2 0.4823045
44638041 0 0.6553898
22924740 4 0.6549183
42769160 4 0.7092832
15664210 4 0.9856467
35373589 1 0.5837234
51641784 1 0.68742615
870648 5 0.6932508
13271394 0 0.7723965
30600312 0 0.4395006
48334626 1 0.5996387
10980573 0 0.56691325
2561287 3 0.9936703
20860125 4 0.5869607
39844385 2 0.96763194
35572226 5 0.98811495
35704582 0 0.5850092
42075675 2 0.40637618
12249658 0 0.99396205
26808236 5 0.98782504
5304521 5 0.5094774
56524854 0 0.55360645
36236147 2 0.59864193
48536358 2 0.6127973
37013157 2 0.5287488
35276890 1 0.34533626
55644883 1 0.40982977
21812263 2 0.98774725
46612858 1 0.83577466
23132170 2 0.82402307
25796638 0 0.87505025
50506246 2 0.5155171
42491440 5 0.89051354
19188987 1 0.99597996
32258829 1 0.3458967
47237132 2 0.89066154
7433178 2 0.79837096
38702020 1 0.53901625
50293218 0 0.9767984
32556902 5 0.7910708
10802850 5 0.984116
50513054 4 0.99189526
39983917 0 0.6148086
50917375 5 0.7568217
56584711 1 0.8240456
25124582 2 0.9908376
32827673 2 0.41250655
31937584 5 0.97840726
28142826 1 0.98235685
50749706 1 0.34546238
34657582 0 0.34189925
49076155 0 0.5148435
54444265 1 0.99227655
50593342 0 0.5166402
29793980 4 0.8826654
15849177 0 0.62915456
41224963 2 0.97656876
49312637 2 0.5119451
38901752 5 0.98447925
53064023 2 0.5197174
26341883 0 0.72321016
26611265 0 0.63296103
23394154 0 0.99600977
48985494 2 0.98323846
35363574 2 0.8488229
50989367 5 0.85080355
51131222 2 0.9948136
30547930 5 0.9930663
44928585 0 0.50029826
25004402 2 0.508458
6188433 5 0.44491625
8878146 5 0.5690989
37256154 4 0.93219405
28504850 1 0.54989034
39740676 5 0.78099585
57333038 0 0.7255476
31852500 0 0.6059944
51250274 1 0.98343927
21330548 5 0.5833039
12520006 2 0.88962305
32466454 1 0.77893466
47041712 2 0.67236286
33800230 5 0.66468805
2256408 0 0.4390432
25311853 5 0.98957455
8930952 0 0.49307665
53128098 2 0.7697987
44117109 0 0.91555816
43096279 0 0.5867168
41062962 0 0.46392617
53223505 0 0.99485064
53574091 0 0.67592657
40508502 0 0.9920034
4627394 5 0.48527065
32117175 1 0.8913338
29993512 0 0.9882122
26877356 0 0.38057902
50167746 2 0.5965057
51508183 6 0.5987272
45066958 0 0.39067882
23260656 1 0.79778504
21820661 0 0.9971138
15959904 0 0.9939457
26583594 5 0.7587011
27152656 5 0.4261355
49637514 0 0.67573035
20145051 6 0.6553312
3145044 1 0.6010833
31941232 5 0.9810735
5313373 5 0.7048438
17246306 4 0.97600025
43743187 4 0.86654586
28894996 5 0.99104774
32082516 0 0.87448066
14454651 2 0.68272376
48409943 0 0.36908853
22331668 2 0.63694334
15122913 0 0.49993578
40016624 2 0.82262325
42902300 3 0.9746911
36660176 1 0.32671368
51841162 2 0.5061237
38635594 1 0.98381364
40394737 1 0.9416395
48960190 5 0.5054445
30034458 1 0.517383
13992772 2 0.6265506
33200724 0 0.6824129
38728518 5 0.99059176
7468389 2 0.5693693
4464467 5 0.48317966
10011794 5 0.52389896
41600524 0 0.64976776
16090525 5 0.5183979
41596942 0 0.35858017
50058059 0 0.98835206
27799663 3 0.9169026
18609473 5 0.5620123
38440624 2 0.6666352
49204660 5 0.4949826
31035871 5 0.73122644
54406896 1 0.9865326
20951626 1 0.8460758
57079904 4 0.7109361
33238205 5 0.77798694
42161021 1 0.9874656
52671852 0 0.9876079
17389528 2 0.5097514
53071253 0 0.5732706
28553508 2 0.598093
24960011 2 0.65514344
51827130 6 0.8178253
17574816 0 0.882983
54222763 6 0.494876
44788094 2 0.6362625
41272865 1 0.43148628
29256182 4 0.8853468
50596717 0 0.8604754
49772982 1 0.49562234
34972917 5 0.9885774
55902802 1 0.42909655
15936032 1 0.61725664
49437141 2 0.776437
46679811 2 0.74884224
5646122 5 0.97277147
53746646 1 0.92082024
29009628 4 0.8204888
21838674 0 0.71007323
47180769 0 0.9144801
40894059 2 0.5030185
23948883 1 0.99123263
40375889 4 0.9785354
41451096 1 0.918967
19401697 1 0.6251029
30240610 5 0.88545793
24743807 4 0.66604376
6694648 6 0.5651811
50731561 0 0.7420577
34333476 2 0.800803
11050281 0 0.98856586
24207800 2 0.65025985
51647721 1 0.77196866
50357575 2 0.40362903
26852430 5 0.80182385
45905569 1 0.5232188
49065667 2 0.34970385
38546887 2 0.5838162
41098932 5 0.56974006
45627586 4 0.7215582
44019056 5 0.5243626
34187589 2 0.69903004
36034635 5 0.48091087
970308 0 0.78840005
49887038 2 0.63925016
42852179 0 0.56081927
53082555 1 0.7347202
32068547 5 0.71203005
46695054 5 0.9865176
53307844 2 0.8035692
44776154 1 0.6372757
15619883 5 0.99516976
1252335 5 0.7974244
21821858 1 0.68760693
56055207 0 0.5604885
55254964 5 0.91843677
48434056 2 0.58082485
41577283 2 0.99689424
51952286 0 0.3301637
14817141 1 0.9886067
40027038 2 0.93216234
55762895 4 0.42693457
55183230 1 0.972346
31166014 6 0.6727298
11567165 5 0.6795959
23864773 0 0.531714
24762950 0 0.57796633
48292315 2 0.9427427
47187243 2 0.9928019
45143238 5 0.41674325
32771659 3 0.66769284
6847647 1 0.8699131
40657726 1 0.98434037
19908631 1 0.54937255
46400234 5 0.476669
21104574 1 0.85403544
12483634 2 0.99488956
22028730 3 0.6328472
25391157 4 0.6617287
49160240 1 0.98980635
50505162 2 0.98389
2305250 1 0.8902789
57424353 4 0.6922576
56109401 5 0.6892875
12021438 1 0.35831603
15580523 5 0.5888734
53926511 1 0.39675763
34882918 5 0.5888588
16157279 0 0.986728
42441280 2 0.59521455
45013591 0 0.7680133
54820812 0 0.6525384
38584428 1 0.99451774
37662937 5 0.5602882
56467523 0 0.9900995
9913369 5 0.5323307
58104205 1 0.41909206
58181467 2 0.5011092
58925610 2 0.6382013
58271003 3 0.7370564
58934688 4 0.9780946
58339964 1 0.9665579
59490161 2 0.65639925
57968641 5 0.9885319
58028150 6 0.56691706
57871988 5 0.68819046
58331572 0 0.70541936
59161405 3 0.9915815
57994970 6 0.99002355
59586366 0 0.9904714
59671332 2 0.5557208
59962898 0 0.69827515
60035145 1 0.7853727
60117943 4 0.5051049
60255376 5 0.6734946
60317995 1 0.42173037
60326152 6 0.99749774
60503948 0 0.79595965
60502313 2 0.8043086
60530172 2 0.63308424
61009222 0 0.44481316
61176757 1 0.981718
61218643 1 0.5773082
61270965 5 0.6587068
61334352 0 0.70378774
61344068 0 0.98515576
61337320 2 0.9234422
61437512 2 0.76708263
23482389 1 0.5435026
37815445 1 0.39300925
34638462 5 0.5709576
48100285 0 0.58458227
35021277 2 0.64235544
30237307 2 0.93963915
57442646 2 0.56382716
3142001 1 0.72928727
51912276 2 0.98448205
50827848 3 0.6279383
39844159 2 0.68251556
2746186 2 0.40987217
52590136 1 0.5729703
34779244 1 0.8728079
53005835 2 0.75421345
38787756 4 0.7294065
48865592 3 0.91906506
52412394 1 0.9899965
40446583 3 0.72401166
38463662 3 0.9843691
55355097 0 0.99072146
38678280 3 0.9920671
32411642 5 0.91054875
55670715 5 0.99105805
34663563 5 0.983638
49005265 1 0.7560582
43925549 2 0.9899769
21338141 2 0.7955624
13676695 2 0.8535124
57068641 4 0.98812973
49305983 2 0.7420492
39994014 3 0.76115227
26123965 4 0.9894532
6295957 4 0.36346972
55933002 0 0.71113104
36752526 2 0.5366171
48234084 0 0.6293354
38823383 0 0.5656761
54633566 4 0.4345212
39373975 3 0.39510754
45305340 2 0.5742694
30245536 1 0.7612558
34500173 6 0.9857608
45076875 3 0.58697474
49875887 1 0.626024
46823888 2 0.6211263
37232345 2 0.43107837
53853623 4 0.6616405
47853059 5 0.7285966
13994841 5 0.3694138
46089692 0 0.99286085
48493292 6 0.55796003
30985595 1 0.61557657
15643039 6 0.48265263
40931491 4 0.43101054
55489506 5 0.752211
38622699 5 0.34853193
5477888 4 0.75547427
56219737 1 0.42400137
40596380 6 0.5194668
45739795 4 0.7275452
9018338 6 0.98773956
57707307 5 0.8253627
42712259 2 0.8794841
51539137 1 0.6444059
34003794 4 0.6241572
49165824 1 0.67878425
57331089 5 0.77498585
32382905 0 0.613462
47059886 1 0.5916849
24389753 4 0.63375264
41357813 5 0.82008547
51235898 1 0.50106955
19892331 5 0.4122072
36742425 5 0.72471964
33572106 3 0.45294687
41190914 0 0.99449927
39148715 1 0.78672
55922310 1 0.5926644
44784717 6 0.6545325
15211573 1 0.597044
9488016 4 0.7653763
10302421 1 0.5413172
26954085 2 0.52188766
32390097 6 0.6581954
25620364 2 0.742673
56578283 2 0.51061434
30653344 2 0.79155916
35924054 6 0.55538267
57738288 2 0.31691846
50138976 2 0.69812363
31543642 6 0.45859176
36174463 4 0.9821627
21639677 4 0.73179984
53319841 6 0.7411186
51046490 5 0.48330513
56956874 3 0.54498065
56533871 5 0.80338854
42837757 0 0.5504949
39252124 5 0.98601764
43430001 1 0.40996528
44910796 1 0.6188262
37171096 0 0.51505864
40051388 2 0.7031699
55018719 1 0.42684484
56777495 0 0.44903037
45746588 0 0.9963025
54120435 4 0.73207295
56145063 0 0.3837445
50886909 3 0.9399955
9940905 0 0.50730324
48085919 5 0.8468482
12967177 1 0.71263796
17592910 5 0.8661065
50239720 1 0.64340967
50495037 5 0.4528679
40283127 0 0.8161519
38884785 5 0.8741379
6584451 0 0.7494897
53818680 0 0.5635909
28465638 0 0.8763084
42362850 3 0.64011043
56653246 5 0.5616532
21927339 4 0.71300095
48791035 3 0.54715323
34694957 1 0.47311363
38511867 5 0.9955704
30492045 5 0.78552395
56451094 4 0.51315093
43592526 1 0.6306229
29905996 0 0.99255687
27513871 4 0.8875712
36334935 6 0.62567604
41708524 5 0.9040398
40798537 5 0.7209594
4429379 1 0.92247665
55782846 2 0.94081295
52521915 1 0.99424297
35435816 1 0.4979166
50815375 3 0.49990112
51562645 6 0.6007331
57104170 4 0.7516507
46433123 0 0.55478287
52327271 5 0.7721341
16560605 5 0.54587334
49200259 4 0.39710933
42758425 1 0.994989
57527698 1 0.80664754
31297783 4 0.7575818
8401304 5 0.4616107
40484556 1 0.49371144
45469047 0 0.8397609
10102647 4 0.6140603
39402138 2 0.991229
53041301 1 0.59978795
30784005 0 0.99021304
33750690 0 0.98421955
35537729 2 0.47660315
48291524 4 0.5184413
56063560 2 0.70004857
55559378 4 0.8743651
33026517 0 0.6155481
10837377 0 0.5367653
6133988 2 0.40808564
8051713 2 0.9949772
37995397 0 0.5641757
44276148 1 0.68019694
33880731 2 0.995129
47810853 5 0.79239774
43413382 1 0.48753935
50234300 1 0.98581135
25904532 0 0.984538
57563826 5 0.5722283
27938262 3 0.9852513
52929805 2 0.6878056
17238145 5 0.51247
7818474 5 0.991473
9574100 4 0.51417214
44875297 2 0.82641107
55977136 6 0.99649966
24733648 0 0.5431008
34362104 1 0.7633725
3725389 2 0.74025023
42384499 5 0.76293284
26431423 0 0.9963291
20075343 5 0.98959625
52741897 0 0.5912155
25383773 0 0.5710178
43919977 1 0.90791225
37754334 0 0.45021182
47717745 5 0.63271034
57080498 5 0.5444612
23146037 1 0.77484983
34655007 6 0.6352476
56758451 0 0.89255756
51063384 0 0.61353934
19722646 1 0.82013625
45999789 4 0.6619577
35739377 1 0.4741094
50289236 6 0.45630148
4665170 4 0.7090542
47319693 5 0.99704903
38888429 2 0.48910087
45544878 1 0.528817
57074817 5 0.5446358
52116150 4 0.9487427
50101781 2 0.99671245
55041523 5 0.6475825
56307344 0 0.99520457
49932055 2 0.9890172
40270356 4 0.6180871
56427933 1 0.6733218
43639432 4 0.9900702
44539187 2 0.58273804
51272585 1 0.9947043
51061894 4 0.9800683
30218909 3 0.5957126
55807201 4 0.6743254
56240100 1 0.7278591
56954592 1 0.52535534
54720749 0 0.64503527
42977796 2 0.7737264
39858788 5 0.55450845
15007104 3 0.63247335
32952621 4 0.6032692
21296251 1 0.57756394
53490537 6 0.48987284
50050309 3 0.7662434
33779209 4 0.52207875
57488230 1 0.54777324
5426810 5 0.7454497
54783544 1 0.6267998
21345314 5 0.40978262
24251062 4 0.64566886
14857277 5 0.6085473
32574728 2 0.9941093
27951561 4 0.9960933
39419446 4 0.92884254
31007475 2 0.9103796
45614733 0 0.65843916
14588360 4 0.7984094
41269346 1 0.97531325
37732020 4 0.9449745
13391924 3 0.42502296
54997154 1 0.7054004
35442724 5 0.97566825
42726658 5 0.9234669
47081616 5 0.65456724
41934674 5 0.48013338
53712247 2 0.5556635
31143398 1 0.58869046
51439140 4 0.98651016
3064998 5 0.5735773
2628970 6 0.38007447
51639393 4 0.63449585
56452009 5 0.60565895
51366430 2 0.49238995
50362340 2 0.43406662
23833786 4 0.9171695
28701689 1 0.51507324
53399522 1 0.99293894
7656324 6 0.5348702
1961132 0 0.8990334
50007622 1 0.7169159
29572545 1 0.48401552
23548302 1 0.6754889
49786949 1 0.46346417
48371358 2 0.7104158
50831772 2 0.707439
19842666 0 0.99019814
18512613 4 0.87989414
50297824 0 0.57717276
36008663 5 0.40520594
46451898 0 0.6093799
52810719 1 0.6306121
52591143 0 0.8041169
53400928 2 0.8258751
37863211 5 0.984268
46827917 5 0.3211958
30600942 1 0.585683
37034752 3 0.9245983
42226420 5 0.79708594
8327342 1 0.8135996
50071208 6 0.8050183
43821903 2 0.4560285
39719326 4 0.6287821
27047566 3 0.99162805
41238697 2 0.570465
24869799 2 0.49719933
45563131 6 0.56618416
37474118 5 0.65277386
57191649 4 0.99294376
52339218 5 0.6185392
45042715 2 0.5146312
34501184 4 0.56438106
3621459 0 0.5702754
29781887 4 0.98995346
42267234 5 0.9841224
1082694 6 0.58144003
30759119 2 0.5148946
32181413 2 0.69641507
43023826 4 0.5959355
48483631 5 0.6237229
53434433 1 0.8115366
44420500 0 0.72903395
10252114 2 0.9942679
55879875 5 0.8650993
18534500 4 0.54380435
57342225 5 0.7086342
35200729 5 0.79853255
30531591 2 0.6830101
47716703 1 0.6582959
38018390 4 0.44790554
45338616 2 0.98079693
49525994 5 0.73044044
51757030 5 0.5707676
46194790 1 0.9927538
28949263 1 0.7486143
17227679 6 0.50653327
47063777 1 0.7810313
47023470 2 0.6696263
3980260 5 0.5030973
39397495 3 0.403271
47299370 1 0.46359903
52896957 4 0.46786487
50200507 4 0.45606622
55698407 5 0.8510568
49789604 3 0.37181205
45235955 4 0.9877586
52396128 5 0.4295055
18113651 0 0.49350467
34084643 0 0.55435646
5171117 6 0.5200703
47481158 6 0.57671803
49229260 4 0.49374083
53091618 1 0.4840198
24929537 1 0.8990843
15489655 6 0.44989416
29513505 2 0.53226113
29586894 2 0.5364869
35659351 2 0.5115213
46301473 2 0.88006186
56131614 6 0.49781793
34260548 5 0.675134
36187792 5 0.6861646
48428007 4 0.9920978
36872152 6 0.7495449
38077735 5 0.8510619
40464562 4 0.73624843
21057174 4 0.92102474
32789767 2 0.56196207
24162341 2 0.48732507
22895423 0 0.562959
2464265 5 0.39946425
28105095 1 0.6222784
23431484 6 0.9782436
30269305 0 0.67384684
52610212 1 0.4948819
34362946 6 0.5195602
41893266 0 0.7975934
51498409 6 0.39362618
3503912 4 0.81907004
48660618 4 0.5849023
57031722 4 0.51694864
55930233 1 0.7628914
23805592 3 0.54874504
17918847 2 0.98576355
33575375 0 0.9851537
6920399 1 0.95710367
22392546 5 0.7161399
11777349 1 0.8112521
40217544 4 0.9531993
45201017 6 0.627116
49795257 5 0.67103606
49635574 5 0.5213212
23783333 5 0.7214971
35072187 2 0.5887625
20550425 3 0.9899008
20410725 4 0.516239
22180336 0 0.39384383
48768732 0 0.62827486
11174425 2 0.49488705
45846364 2 0.64697653
55637801 2 0.9899528
53906783 6 0.6825423
35139763 6 0.36028603
5426624 0 0.48234946
31116207 2 0.6564742
54101191 0 0.99277776
53413041 5 0.6571935
7109958 2 0.53957355
48809012 5 0.5951048
33528456 6 0.49095663
30859038 2 0.98625714
47311825 2 0.5788918
16279895 5 0.50822
44336941 1 0.37798977
41765074 3 0.52764654
31744577 2 0.9517164
26752848 4 0.45318925
42822228 4 0.5282515
22536466 0 0.98823255
41916168 1 0.391532
27808392 2 0.5058146
27959474 0 0.85905445
42098521 4 0.533691
8718598 5 0.64575446
39265062 4 0.70287526
10281912 6 0.41810545
48432964 6 0.44628003
36152527 2 0.81769955
48276934 0 0.416098
1532188 0 0.8640676
25455085 5 0.8966993
51934047 3 0.53566384
55700896 5 0.41223407
45019250 0 0.43321684
9052634 0 0.9876397
55169285 4 0.51756144
22386595 0 0.8097004
49775740 0 0.7823439
40594152 4 0.73536474
47513896 0 0.93388134
56532149 1 0.50081336
5470474 0 0.75997204
52213502 5 0.75614214
36249162 1 0.8191986
57055750 4 0.6270503
11865764 4 0.9838394
18289843 4 0.623911
49185431 5 0.42605808
19417719 4 0.58548295
24368708 1 0.5163826
49724489 2 0.28573582
20547669 0 0.70510966
28234509 3 0.58640724
49974139 1 0.6370033
46698997 5 0.42600876
21501365 4 0.7752344
36676130 4 0.6715865
23205669 0 0.55339175
38989083 2 0.376271
33512409 6 0.8784067
29103238 2 0.5043805
52366199 6 0.98144716
36252399 2 0.7780322
25140999 6 0.56291986
56694015 2 0.82606536
20574292 6 0.32308218
39253055 1 0.4460787
26291465 4 0.99136555
49225470 5 0.34612983
13239377 4 0.46430573
46155264 5 0.6788883
47262972 4 0.6130215
53007174 2 0.6538087
14583737 2 0.8533736
10788651 2 0.81250536
31522071 6 0.60220057
53370254 2 0.9960649
52189457 5 0.81889004
53766280 2 0.65133834
29136415 2 0.9224985
57732013 4 0.95022744
43837362 6 0.69480866
53484380 0 0.6723932
47953796 0 0.66885287
7360165 3 0.44267702
51729264 3 0.6538282
27587515 1 0.98471534
43181529 1 0.75388616
45025641 4 0.66614026
37030006 1 0.69224876
47011743 5 0.45078906
38775516 2 0.98396635
33327893 4 0.90165436
50390328 0 0.41032088
52008112 1 0.69417965
48745074 0 0.37669426
23775353 6 0.36790565
32120653 1 0.9816244
15621788 1 0.7132825
29667699 5 0.62089473
44304293 4 0.98816055
50667052 4 0.976988
51731747 0 0.5044571
45850223 1 0.30980718
42731862 5 0.9832758
912955 6 0.52606165
50331879 1 0.66627246
36385416 5 0.45464802
51033282 4 0.98711765
54703746 1 0.28282508
46819040 5 0.6117602
25682703 1 0.6961262
53112543 3 0.6533041
38171569 4 0.8524563
38019351 5 0.64596796
55962890 4 0.5506129
21539969 5 0.98876673
41600443 3 0.497282
30703718 5 0.57788277
32774119 0 0.4910719
41608217 0 0.5515716
50504289 0 0.99469763
54355372 3 0.99045527
8014073 2 0.94036686
17192300 1 0.51063293
32631343 6 0.84742093
4661503 5 0.62933385
52762455 5 0.3778812
29899964 0 0.99192226
42431237 5 0.5930702
51023247 1 0.83549136
20893753 1 0.6237416
49504759 6 0.56615746
50678506 2 0.6011446
42337369 5 0.82491815
44293195 2 0.87974197
47548217 4 0.81010157
23699101 5 0.7732093
53595801 0 0.9827178
29780760 5 0.57217795
46858290 0 0.5878069
55898454 0 0.5177706
22461493 4 0.53507864
52383284 4 0.43524182
55027044 3 0.55093527
53808314 2 0.9920406
44153048 5 0.45074973
49922719 6 0.8907852
612015 5 0.9967787
35079889 6 0.54539037
43069557 5 0.69475156
56223847 5 0.82782155
46225245 5 0.5822986
42303539 5 0.7492558
38363233 2 0.99242204
27736735 5 0.76298887
48915305 6 0.7610551
22987663 1 0.5998995
19307931 4 0.9923376
3887933 5 0.5711238
41550616 5 0.6009608
44931683 0 0.54278326
53529347 2 0.9324593
56958272 2 0.9743632
32515319 1 0.74344826
16418029 5 0.70584214
48350475 6 0.47978494
23415875 5 0.57708114
47543342 5 0.65428567
51922774 3 0.5426819
49175519 0 0.33962172
24701552 2 0.643164
48213341 1 0.82437164
17816282 2 0.5154934
56143411 1 0.6053583
13008188 6 0.3848744
55120137 6 0.4265221
44188526 0 0.98951644
52641618 5 0.98760366
41696182 5 0.85425115
8534524 2 0.60138226
26717342 2 0.5086234
56505272 2 0.6795572
17432860 6 0.6225483
25750703 5 0.4291569
38753132 0 0.7575123
56773303 4 0.58013254
36581481 6 0.5552876
34350657 5 0.49998543
51502920 0 0.99646455
8563636 6 0.7806931
50706016 0 0.69473636
18904799 1 0.8640471
56133188 4 0.69885486
53494104 5 0.7368772
36456104 3 0.36240587
21586416 1 0.9823579
29135212 2 0.90638065
37554028 5 0.90051967
55924511 6 0.54867357
55993431 4 0.992493
21462558 2 0.3538464
18792594 4 0.64427865
54197003 2 0.50218844
36555094 4 0.8392776
12460950 5 0.7486988
32560771 3 0.9879951
21741803 2 0.57244277
26680985 5 0.6520968
21041778 5 0.39082396
44306814 1 0.82040745
41281482 1 0.55598074
56885819 5 0.8801142
41483603 3 0.52761644
37206437 0 0.98876894
53077032 0 0.9838724
28776611 5 0.6714112
57663730 6 0.7070201
11648988 4 0.9891502
56530929 5 0.40896225
47159745 0 0.5376144
33319679 5 0.6477417
26561989 1 0.68774384
12219434 6 0.38036287
23601042 0 0.99278927
57059904 2 0.5415893
19876589 1 0.86259645
18446655 5 0.45055985
46547174 5 0.5455917
25182977 1 0.4686335
46176605 0 0.44085583
21855037 0 0.5713974
50395135 2 0.9858432
56445310 0 0.63163227
46082538 1 0.5556379
29552534 2 0.68113035
2677008 1 0.49961564
32559430 5 0.8448722
6550042 5 0.7940163
56928405 5 0.6651721
46008163 2 0.77195454
40978952 5 0.97657144
51519073 5 0.96294874
16570393 0 0.6014903
8815145 6 0.89011705
40852492 5 0.63793856
15199258 1 0.9850639
36453422 5 0.5227939
52979457 2 0.9097025
24170120 6 0.6360397
10173244 2 0.54706067
40916647 4 0.42125782
43934606 5 0.42253086
56222772 2 0.4716205
49202109 0 0.8462701
36295461 2 0.82739645
57207285 5 0.5227124
33256904 4 0.9891245
48819032 0 0.9949148
17245857 1 0.4823788
52328972 5 0.52263504
41339588 0 0.70741475
42213084 1 0.6391019
43007776 1 0.8452093
39311546 2 0.8678984
35420531 4 0.49518457
45292048 3 0.49336445
22203929 5 0.78787696
32146773 4 0.57965255
54923868 4 0.98135495
55851308 0 0.9927289
10635 1 0.819674
29438423 0 0.51195127
35919360 5 0.9899399
47687444 1 0.77882934
54689502 6 0.7330006
11630340 3 0.5351295
53539294 5 0.9748481
29544691 4 0.5591755
43469566 4 0.98930836
30173347 5 0.3958484
38360998 0 0.4622193
33491773 1 0.8551
51498473 1 0.57928586
42027825 0 0.5227269
18337983 4 0.9839556
33506926 1 0.3216542
20975780 2 0.99496406
28105128 0 0.91861194
39759537 5 0.6861864
56734492 5 0.3893654
12199531 1 0.5218766
38796422 1 0.6353432
57520996 4 0.57113826
54802184 5 0.6788922
50777442 5 0.7141585
40265237 5 0.8918434
146973 0 0.5278812
49000244 1 0.39826906
46787381 3 0.61781585
50078851 5 0.4228032
37535628 5 0.9798233
31135312 3 0.5373438
51594236 0 0.8251384
46481083 4 0.5251017
16271045 1 0.8142063
41141581 0 0.71330744
57151340 5 0.92416954
46586275 2 0.9714581
4585809 1 0.43775332
25187142 5 0.80968106
34960691 5 0.43909732
49471996 6 0.44167078
13121690 5 0.93853515
49485245 1 0.6941052
45381772 1 0.60862744
43508467 3 0.8964394
32331582 1 0.99275994
47069785 2 0.5200615
33363131 0 0.48492998
28586275 6 0.52422667
16994452 3 0.8081385
27042064 5 0.534746
49030930 6 0.4859753
34817499 5 0.70699847
39657391 5 0.3969268
30012536 4 0.3164585
33018409 2 0.97993106
18618313 1 0.51790047
50535093 5 0.94081414
28352141 2 0.88687384
2333858 0 0.4242674
33377545 4 0.6517754
22801417 3 0.39539382
51832533 2 0.829452
28030452 2 0.56477547
34310512 5 0.89466894
40046916 1 0.32404262
11570410 5 0.9802459
41099579 4 0.9089641
47589052 4 0.46070975
45653514 2 0.653546
20576175 5 0.5817603
54818920 3 0.5762718
45381063 2 0.31701547
19401484 6 0.62436837
36278705 4 0.99063873
31338681 2 0.98355323
45188620 6 0.603102
49501986 4 0.98789555
40750919 0 0.990845
54107217 4 0.5186542
53947307 3 0.99022484
6908093 3 0.64813006
34324539 5 0.5479621
48771258 0 0.8073892
52888101 5 0.6495046
41601479 1 0.73283017
39415548 0 0.9894095
41748509 5 0.77037066
29389133 5 0.63889825
15222356 1 0.40549663
29945033 4 0.5507496
56948950 4 0.9897867
28809248 4 0.47369626
39738205 4 0.5482596
35274310 1 0.89126486
30259094 2 0.84043944
40275872 5 0.83712924
53269012 1 0.7224465
45361995 0 0.7245229
50018590 6 0.5853238
31511230 5 0.69972086
36303829 2 0.99197465
48006007 1 0.700922
24020580 2 0.51712036
36733439 2 0.6966126
36185521 2 0.750058
21278492 6 0.98580617
43594768 5 0.70924914
6239647 5 0.61728626
56486086 6 0.54312414
4955689 5 0.9897691
19220117 1 0.42356816
41917956 2 0.7448114
34768795 0 0.6535069
18967098 0 0.5908697
57083707 6 0.46559805
53247430 2 0.8101686
50033928 0 0.6061855
46257766 3 0.84292537
53523271 1 0.8629916
29406217 1 0.6268895
48699886 5 0.5898429
33392340 5 0.30773562
24623473 4 0.69364935
53601499 1 0.9876702
34000217 1 0.32058176
48443054 2 0.63666844
19770299 5 0.51630324
37233456 2 0.43571642
50844270 0 0.9910145
27719170 4 0.76270425
43865918 5 0.83757764
43577479 5 0.48175243
52221249 0 0.6493289
28978342 4 0.97944456
48381989 6 0.6499447
33129796 2 0.55628866
23922989 3 0.6151534
34327192 5 0.45447263
43804853 4 0.78893095
46329748 5 0.9908595
39436504 2 0.6778253
56067743 0 0.99094516
48797700 0 0.983136
17562559 5 0.97264135
34974126 4 0.9850219
24875908 3 0.9827757
36722870 6 0.4594245
55811464 4 0.60275346
52829748 4 0.86642647
17623707 6 0.786103
30734933 3 0.49996406
31360980 3 0.4686147
36429196 5 0.86163884
42018257 1 0.631271
40732535 1 0.8096516
44448696 6 0.63701445
44540063 4 0.5180526
37766511 1 0.50666517
27357404 6 0.43497747
17687689 5 0.98333967
46935669 6 0.54308826
47843394 2 0.9580485
35486796 0 0.53946936
27280655 5 0.76535016
9758925 0 0.8319467
29168169 1 0.33117646
53771022 6 0.46516234
56271605 1 0.5940606
43796107 1 0.51306576
43714056 1 0.83123887
6781433 6 0.48127908
15804895 2 0.8400559
45526598 4 0.5990197
48755679 2 0.5950881
36044930 4 0.9003255
49613579 4 0.69858676
5814966 1 0.556829
44168651 3 0.8129544
45438402 5 0.9838153
55847882 0 0.77715856
57677149 1 0.99033654
2183433 2 0.71408266
29488972 5 0.7095732
56054280 5 0.92281544
49800534 1 0.99211353
52714412 0 0.7797995
3694682 2 0.44482902
42592518 2 0.7910632
7989028 6 0.7089504
20134436 1 0.77184534
43998874 6 0.41858128
29949901 5 0.6172693
45670002 2 0.85518897
15689070 5 0.9230246
22970505 3 0.59616196
35729192 4 0.7873572
28025812 5 0.9726354
20852807 6 0.39708504
53018513 5 0.72960854
18403436 0 0.99185956
51720030 0 0.9076956
2319765 6 0.6370624
1359956 6 0.43852177
45569722 4 0.9894977
34934386 0 0.5581063
42418884 1 0.6015747
21584870 6 0.8840171
18939113 0 0.98573667
17664127 0 0.9899832
54368489 3 0.7938524
18383220 4 0.99498373
36919649 5 0.46414843
42497116 0 0.8408952
34045666 4 0.980201
17965465 4 0.849896
25422223 0 0.6305698
41097604 0 0.6730731
38099090 0 0.98234534
46727899 1 0.9528544
24574303 2 0.63889843
45576949 2 0.8540896
37690743 4 0.6259149
33313950 1 0.4974714
42897554 1 0.9934421
55478633 1 0.90167236
4596053 4 0.5432994
27972136 4 0.71366435
37747624 0 0.5463701
54164956 1 0.8521967
47541426 0 0.7908345
39635587 1 0.49334264
48333429 2 0.5178323
11674543 4 0.97212243
53383760 5 0.5809548
12282842 4 0.57447547
56645307 0 0.9894089
51293183 1 0.47049266
14838336 0 0.8865989
34837808 3 0.46928367
20016555 0 0.97788954
49614562 0 0.6775543
40209263 4 0.7622643
41781922 4 0.5366905
35983294 5 0.5822972
47644518 5 0.5261643
12455572 6 0.4747482
27816459 2 0.80278826
21260935 4 0.53727084
38159131 5 0.84507674
43769763 2 0.8281484
57472344 1 0.80371153
53222960 5 0.98687005
28071270 2 0.8150561
30776275 1 0.47449642
29959502 4 0.9890337
53536866 6 0.57454044
36719947 5 0.83240396
43466019 2 0.53772515
57533673 5 0.5136159
47833957 0 0.6881497
55496243 6 0.36825165
21902140 0 0.99423134
36468760 6 0.64835894
56538887 4 0.8650796
48923818 5 0.719658
51367519 1 0.7839802
49771169 0 0.5766557
37122177 6 0.60518175
43316140 5 0.35808647
23699500 2 0.53062814
40221674 4 0.6356125
50334734 2 0.8087937
44590046 0 0.50852317
48289621 3 0.8502696
26202151 2 0.73109174
34540427 3 0.59784037
18127595 5 0.5923922
9786879 5 0.524642
24031183 1 0.39858842
22314246 1 0.5195802
54337637 0 0.5025282
21406379 0 0.6512205
46885560 0 0.5168937
43132175 0 0.98876476
14822083 2 0.55877936
28101140 1 0.54640985
50237161 2 0.4895321
38733335 2 0.5062831
47886389 4 0.7038158
45916834 4 0.5718213
53392059 2 0.6276368
51516119 0 0.84942836
53048347 0 0.9661979
10937065 6 0.55228174
48819835 2 0.82812214
34670560 1 0.8366429
24417414 5 0.9872227
19231091 0 0.4007885
54427144 4 0.5902998
50319454 2 0.9095396
46413445 4 0.8835754
5621954 6 0.8004116
29137213 2 0.9879688
8362057 5 0.5622589
56583881 4 0.7510828
6219520 5 0.39880264
40440958 6 0.99770963
55762417 4 0.5414807
28386579 1 0.37689018
43232447 5 0.76741457
1615117 1 0.6361522
48859228 5 0.6765661
46409952 1 0.4836033
28466625 0 0.62216276
46170531 5 0.71697426
36579401 5 0.80928445
45955978 1 0.45378208
54381661 2 0.812677
42801713 2 0.7002546
8040687 1 0.5489351
35074428 2 0.48090106
54182199 5 0.55234754
54214888 6 0.55582875
508608 2 0.8415152
47874579 5 0.6664915
43676993 6 0.5545046
46388010 2 0.5461293
42713956 3 0.46355826
3136654 0 0.98094773
54045177 2 0.56080717
55937259 4 0.39260656
10436332 0 0.6219422
13551636 2 0.7331146
16222164 5 0.82754165
55284511 2 0.76918596
23683030 0 0.7553447
52067776 0 0.79794127
31255953 5 0.99413294
51283663 3 0.6423726
47991743 1 0.9877208
51183639 1 0.5726488
54439614 6 0.551918
20403707 5 0.5967376
46006674 5 0.7076511
50476879 1 0.48138314
7491146 1 0.5090552
35989524 2 0.55718833
52593867 0 0.8197388
53727248 1 0.5444066
22764288 5 0.6899205
53858070 5 0.73765063
49573428 4 0.52025485
51421032 1 0.98636085
22761553 4 0.9828892
12897906 3 0.99469453
38391982 1 0.777209
53765653 3 0.697229
47895719 5 0.53170097
19413032 5 0.9951217
39785386 0 0.79938364
53385459 3 0.49820408
49939031 4 0.97697777
37249623 5 0.50530905
13842611 1 0.5626014
55340726 0 0.99147385
44199826 4 0.5751339
54658743 2 0.54606307
56535018 0 0.32801288
43213462 5 0.68989295
35194822 1 0.8324
37870420 5 0.9848288
6990801 1 0.63729316
52736645 0 0.59769225
35614243 0 0.58618593
44194860 2 0.46500564
36373638 2 0.73989993
18974507 3 0.6785785
38485548 0 0.7493964
34347776 1 0.4340252
26290478 4 0.6969754
46049346 5 0.5997835
48629637 2 0.6117334
19252963 4 0.40482473
45038957 4 0.78111774
39727580 6 0.5094153
34106806 5 0.9699264
9290830 4 0.5828648
22967507 5 0.4187974
22321369 4 0.7043348
56816850 2 0.32245603
54046322 1 0.62129104
33497616 5 0.57219815
32837474 0 0.4204766
12704579 5 0.5154991
34397993 3 0.56713855
38134750 2 0.7429316
17731965 4 0.66573864
3312359 2 0.42410937
22620018 0 0.8061801
40861558 1 0.616996
39400223 0 0.98697895
53147328 4 0.7232954
45989166 5 0.9936221
25517631 5 0.6937584
14568566 5 0.5394341
29266622 4 0.99237937
54227684 4 0.53021586
57693657 6 0.6502813
36558374 1 0.43349713
25894435 5 0.77945685
40029235 5 0.53098077
49385708 0 0.76301646
50391801 4 0.4032291
13994135 5 0.7722634
41741406 4 0.54265773
12463297 6 0.6089788
44663668 5 0.45389158
17713812 1 0.8970006
25056675 0 0.4027112
40640108 0 0.659206
48989117 5 0.97384346
33205298 4 0.5311436
54004555 2 0.65502435
55455101 1 0.49587837
27352417 4 0.43437663
51485377 1 0.54055315
10852878 1 0.76589495
50530135 5 0.71964234
19522621 4 0.5742229
31451623 0 0.4536358
56116813 2 0.41234124
52592776 6 0.7726182
55924597 4 0.51000637
10686578 5 0.54302925
12478951 4 0.46132267
39443769 4 0.36451063
14960404 1 0.42876247
37519415 0 0.5668871
46272177 4 0.55431473
57179691 4 0.9824981
12693327 0 0.8533482
38177582 1 0.41978127
56954832 1 0.44506937
50212671 0 0.9632087
56120346 1 0.51839083
38213656 0 0.4379575
47416616 0 0.56846
38954123 4 0.989476
46532417 4 0.9746736
29712955 0 0.4310255
33496266 5 0.97329634
21412593 6 0.51494193
48617830 5 0.7334752
24430796 1 0.31612965
15967823 0 0.5497592
15953943 4 0.98455125
51248195 2 0.44259086
36364096 5 0.5974471
30383565 5 0.5915155
27991384 2 0.8207234
35271192 6 0.65153843
22765648 1 0.5644394
18964407 5 0.9946764
52742361 0 0.7909969
16498349 1 0.9949724
35579611 2 0.43751565
45218295 0 0.59148616
24672760 4 0.9927439
44004052 6 0.40481457
52313950 4 0.872057
55517319 4 0.9762441
56074535 2 0.7414257
22915229 1 0.5157073
37556726 5 0.62042564
49971976 0 0.56048423
53909781 1 0.53977364
47559291 6 0.776236
17185429 2 0.8659397
28028801 6 0.5818399
51713015 6 0.85874546
23677315 6 0.54570884
35730049 6 0.8101531
36164432 2 0.66545737
30096359 5 0.9934478
55402124 4 0.67167914
39587049 1 0.66873807
30512785 0 0.6056315
57399994 5 0.9923889
44853292 3 0.6749462
37478713 4 0.414744
55112245 0 0.98544246
8050298 5 0.67086947
9124308 3 0.89254403
34984633 0 0.9889097
17567016 5 0.7677881
57730647 2 0.38422084
37896034 6 0.7352279
41138445 1 0.5873265
46731974 5 0.5785974
51523872 2 0.34724724
19178685 1 0.61647755
36053132 0 0.6120468
29029364 5 0.76118004
53339986 4 0.9844645
50264826 2 0.49386203
52897376 0 0.7075925
36202269 3 0.6182831
27601421 5 0.58620477
45584336 0 0.3858696
35022649 1 0.8295106
55959851 1 0.41494042
29020665 4 0.79547185
45749688 1 0.6013967
56542278 1 0.36653727
49950394 5 0.6555711
11800816 5 0.95000696
55161025 5 0.32113108
50299446 1 0.42536756
56315246 4 0.9859492
45232980 3 0.43396685
50958728 1 0.33781928
57214757 1 0.684764
56257442 6 0.99495226
43139097 0 0.638369
6522098 0 0.3701258
35039835 2 0.6202558
39708511 5 0.4160056
55955167 4 0.60534924
32263294 2 0.40297872
51846027 1 0.5086315
56900219 2 0.78214264
16307345 2 0.5860968
10447739 2 0.87413913
55914397 1 0.80442256
55422991 2 0.39404613
14094806 0 0.73102325
56986378 2 0.6764752
30485675 1 0.6135125
26614796 4 0.5753754
13633826 2 0.8236639
57138855 5 0.4139484
9917875 0 0.8027404
48083510 5 0.5346336
50513033 1 0.99130464
56916842 4 0.453796
3738484 4 0.5266875
33741607 3 0.60544074
37728828 6 0.44188064
8673194 5 0.97569144
18173882 2 0.5954533
39636535 2 0.4112186
36901354 2 0.9869012
42488961 5 0.64073414
50230141 4 0.9917587
20203109 6 0.63889897
28349505 4 0.73708594
29170678 1 0.49234447
55866722 1 0.6014665
37681161 5 0.3345081
45196104 1 0.98070836
35468700 6 0.42301288
25487792 5 0.9891631
41586851 0 0.3989136
51534393 6 0.40111712
17155311 0 0.9793728
50031398 5 0.7140729
11759852 5 0.5644208
57377228 0 0.7728982
46331902 6 0.7103048
41585662 0 0.5270673
46834768 4 0.4247406
36200553 5 0.62093705
36026300 0 0.5980125
43909198 6 0.55740386
43718880 4 0.6663325
24903878 5 0.83401996
35114120 5 0.86879146
37578960 0 0.46686715
25631756 6 0.4807141
37337872 5 0.65674317
54696011 2 0.50562537
29275767 1 0.8139797
43668943 2 0.8037929
44585764 3 0.9102269
24269005 3 0.44312912
57652645 5 0.40373045
52436648 5 0.69840753
57435078 6 0.6187314
56442730 6 0.6396472
28748741 1 0.8884977
45553811 0 0.98349345
51644090 6 0.534316
18053437 5 0.99227893
3917779 5 0.52751297
30789299 4 0.6239267
41245965 1 0.5737644
54370482 2 0.61332595
28461844 4 0.575282
18149417 2 0.33674458
25803320 5 0.79029715
36730596 2 0.83334154
23421507 5 0.9830885
50743512 5 0.60630804
42911206 1 0.46267325
16139559 4 0.43828347
31424034 2 0.9944131
44220083 1 0.7156432
54433352 0 0.9864839
13162003 3 0.9817534
30167408 6 0.5778893
20760879 5 0.7356939
41265089 1 0.98762393
43461423 2 0.67983454
52437625 3 0.65625924
33567081 0 0.80791
53675581 1 0.77994984
37124903 0 0.56475794
39778094 1 0.6524848
10498580 2 0.534983
34331206 3 0.63939464
17434614 1 0.9850817
33638246 2 0.47166562
24874189 4 0.5993302
24983870 1 0.56705195
58108272 4 0.5524584
58127343 4 0.9814934
58131966 0 0.6880569
59474447 1 0.7388693
59475630 2 0.8812612
58516289 4 0.61858135
58709268 0 0.4955962
58862542 4 0.989007
59035064 1 0.9373417
59013372 2 0.5776154
57854747 1 0.56003976
57855140 4 0.5624985
57860957 0 0.40939572
57861851 5 0.61892873
58038223 1 0.3975154
58564716 4 0.9952908
58853849 2 0.5933859
58624657 2 0.5441857
58055198 2 0.98735034
58671534 2 0.54469836
58300662 4 0.6167795
59067000 0 0.9026538
59432807 2 0.3887644
58729763 2 0.55564153
59083662 4 0.5544705
58482550 5 0.7362976
57979337 1 0.4645941
57980448 5 0.82691324
58253022 2 0.58607554
58258532 2 0.74954396
58067008 4 0.98906994
58067621 0 0.9804655
58071090 0 0.84931433
58774992 5 0.65925634
58344780 5 0.49405253
59484627 1 0.34787148
58946187 6 0.68103784
57818547 5 0.5089809
59203958 2 0.68956584
58405263 4 0.5182267
58406985 6 0.43832943
58423051 2 0.7102976
58426667 0 0.9907144
57875484 5 0.50121844
57875882 6 0.68369466
57879066 0 0.7409887
58277712 0 0.9662547
58222115 4 0.88781005
57968599 2 0.4949886
58086230 1 0.99135965
58878330 1 0.99586695
58208349 6 0.48859227
58657223 1 0.65146494
58659992 4 0.71800554
59461216 0 0.44670188
59145572 4 0.5093829
58845816 1 0.53699535
58168023 1 0.47400337
58170933 2 0.96692336
57942499 2 0.38307643
58093903 3 0.47306
58100942 0 0.6963775
59195561 0 0.97980326
58364035 3 0.9654645
58367499 3 0.50343144
57870573 5 0.7088696
58325588 4 0.9719965
58141007 0 0.8688399
58884463 5 0.5684742
58548410 4 0.9793275
59431309 4 0.81209165
58763985 6 0.39725175
58250999 0 0.7429989
58188127 5 0.45122963
58812394 0 0.721694
57849240 2 0.51729566
59502407 5 0.5321902
59509807 5 0.71433616
57959668 5 0.75199366
58390880 1 0.4940021
57772073 0 0.9077414
58719473 5 0.9899721
59409185 1 0.38779587
59409336 5 0.4236966
59045958 4 0.50396127
58375480 0 0.40282193
58439296 1 0.98775464
59565972 5 0.9857241
59566640 1 0.8065095
58223452 0 0.9956914
59351614 0 0.5265232
58200571 0 0.88176477
58114394 0 0.64118725
57906364 2 0.5403889
57754009 1 0.80068
59136952 4 0.37977368
59141240 4 0.9869865
58997871 5 0.65049565
58999373 2 0.78358126
58504227 6 0.39082837
59501276 1 0.71016544
59414897 0 0.990598
59388009 2 0.874072
59390896 4 0.8394219
57832997 4 0.52832377
57838633 0 0.99493927
59308973 1 0.37441123
59565972 5 0.985502
59566640 1 0.80588293
59573034 4 0.63310033
59577851 4 0.46258715
59596119 0 0.60944253
59608928 0 0.7386213
59624029 2 0.6062578
59673059 4 0.9852556
59711490 5 0.58488065
59722678 0 0.7476572
59755969 0 0.7203973
59768740 2 0.5441449
59784106 6 0.8291692
59825700 2 0.5950153
59868834 5 0.5010883
59869410 5 0.55727464
59883354 4 0.5990899
59887049 1 0.46937087
59898113 0 0.48778665
59868298 1 0.67309755
59924142 6 0.9768831
59926948 6 0.5972418
59940907 0 0.99146014
59991798 2 0.61258626
60012306 0 0.6600026
60024495 5 0.80172807
60068641 2 0.6953921
60114661 4 0.39130732
60165643 0 0.7916633
60172970 5 0.5478597
60184439 5 0.54276586
60184670 5 0.42066157
60195022 5 0.5885907
60196844 0 0.6664201
60209449 0 0.6552985
60228669 5 0.4069022
60235050 6 0.5150585
60238810 0 0.74863076
60257391 2 0.49635348
60307385 1 0.5307673
60310835 2 0.9092691
60379713 1 0.5904188
60382943 2 0.651439
60390410 2 0.59363204
60416942 0 0.58544004
60419064 0 0.383445
60419184 5 0.6323183
60433657 0 0.9838553
60444316 5 0.4843649
60493669 5 0.70980996
60511076 5 0.35786492
60553372 2 0.98705286
60568841 1 0.38498572
60614689 4 0.7701626
60620034 3 0.98920375
60641356 5 0.40030563
60655131 5 0.976016
60664822 0 0.75046724
60668669 4 0.92808473
60670192 4 0.5186768
60721506 0 0.64549696
60764311 5 0.544755
60765493 0 0.94220245
60769653 2 0.3779998
60814281 4 0.9198215
60818934 2 0.9397066
60819435 2 0.49464
60830698 4 0.50612056
60837027 5 0.99248093
60837357 0 0.49128005
60847372 5 0.5406325
60851760 0 0.8950751
60883934 5 0.9822918
60889731 1 0.9834493
60926803 4 0.6438755
60967462 5 0.98451674
60992276 6 0.48044664
61008882 3 0.389494
61049670 0 0.9977617
61098097 0 0.743345
61152594 5 0.74455386
61258768 1 0.995064
61320211 4 0.4855043
61323020 4 0.49238232
61332656 0 0.737144
61341813 5 0.69913137
61345641 2 0.81097627
61377614 3 0.98736906
61401575 5 0.4052758
