[(1, 0.16373375), (2, 0.26953414), (5, 0.55704826)]
[(0, 0.9890813)]
[(2, 0.4768269), (4, 0.5178523)]
[(1, 0.99246204)]
[(1, 0.9823625)]
[(1, 0.7845284), (3, 0.21191216)]
[(1, 0.3364255), (4, 0.54580784), (6, 0.103752345)]
[(2, 0.2952651), (5, 0.6997876)]
[(5, 0.9869127)]
[(5, 0.90820676)]
[(0, 0.69526255), (2, 0.14068116), (5, 0.15646493)]
[(5, 0.9480499)]
[(0, 0.97991955)]
[(2, 0.5570049), (5, 0.43565878)]
[(1, 0.34817752), (2, 0.64138544)]
[(1, 0.98163056)]
[(0, 0.6052967), (1, 0.38569757)]
[(1, 0.99756074)]
[(0, 0.99059033)]
[(1, 0.85316485), (5, 0.1256423)]
[(2, 0.42642522), (4, 0.47138065)]
[(1, 0.99191886)]
[(1, 0.7285062), (4, 0.25576544)]
[(0, 0.29333976), (4, 0.70013756)]
[(5, 0.9929495)]
[(0, 0.4674449), (1, 0.32823032), (5, 0.19999659)]
[(2, 0.757975), (3, 0.21999975)]
[(4, 0.6669159), (5, 0.2294224)]
[(0, 0.8292682), (1, 0.16403925)]
[(0, 0.119731426), (1, 0.39285064), (2, 0.4823045)]
[(0, 0.6553898), (2, 0.19602042), (3, 0.14286412)]
[(2, 0.33811978), (4, 0.6549183)]
[(4, 0.7092832), (5, 0.28374243)]
[(4, 0.9856467)]
[(1, 0.5837234), (4, 0.2769941), (5, 0.124943085)]
[(0, 0.30810866), (1, 0.68742615)]
[(1, 0.22915287), (5, 0.6932508)]
[(0, 0.7723965), (5, 0.22167951)]
[(0, 0.4395006), (1, 0.13977997), (5, 0.361464)]
[(1, 0.5996387), (3, 0.13955729), (6, 0.24120878)]
[(0, 0.56691325), (1, 0.42377627)]
[(3, 0.9936703)]
[(1, 0.27503183), (2, 0.13524032), (4, 0.5869607)]
[(2, 0.96763194)]
[(5, 0.98811495)]
[(0, 0.5850092), (1, 0.40927517)]
[(2, 0.40637618), (3, 0.18297118), (5, 0.40126324)]
[(0, 0.99396205)]
[(5, 0.98782504)]
[(4, 0.43199176), (5, 0.5094774)]
[(0, 0.55360645), (5, 0.34877858)]
[(2, 0.59864193), (4, 0.10670777), (5, 0.29082763)]
[(0, 0.38083375), (2, 0.6127973)]
[(1, 0.45974752), (2, 0.5287488)]
[(1, 0.34533626), (2, 0.13285482), (4, 0.2592972), (5, 0.2557491)]
[(1, 0.40982977), (3, 0.29877803), (5, 0.28302604)]
[(2, 0.98774725)]
[(1, 0.83577466), (2, 0.15989737)]
[(2, 0.82402307), (5, 0.1667051)]
[(0, 0.87505025)]
[(0, 0.21924746), (1, 0.26136217), (2, 0.5155171)]
[(2, 0.103869), (5, 0.89051354)]
[(1, 0.99597996)]
[(1, 0.3458967), (2, 0.3399919), (5, 0.30942625)]
[(2, 0.89066154), (5, 0.10570128)]
[(2, 0.79837096), (5, 0.17166255)]
[(0, 0.32860267), (1, 0.53901625), (2, 0.12405999)]
[(0, 0.9767984)]
[(2, 0.19034994), (5, 0.7910708)]
[(5, 0.984116)]
[(4, 0.99189526)]
[(0, 0.6148086), (5, 0.3744969)]
[(2, 0.23865679), (5, 0.7568217)]
[(1, 0.8240456), (3, 0.15854073)]
[(2, 0.9908376)]
[(1, 0.27354717), (2, 0.41250655), (4, 0.30725297)]
[(5, 0.97840726)]
[(1, 0.98235685)]
[(0, 0.24798694), (1, 0.34546238), (2, 0.1526034), (5, 0.24889456)]
[(0, 0.34189925), (1, 0.110109404), (2, 0.28096598), (5, 0.2593025)]
[(0, 0.5148435), (5, 0.47710854)]
[(1, 0.99227655)]
[(0, 0.5166402), (4, 0.47083268)]
[(4, 0.8826654)]
[(0, 0.62915456), (2, 0.18652594), (5, 0.18029548)]
[(2, 0.97656876)]
[(0, 0.47765037), (2, 0.5119451)]
[(5, 0.98447925)]
[(2, 0.5197174), (3, 0.181313), (5, 0.21733679)]
[(0, 0.72321016), (5, 0.26009876)]
[(0, 0.63296103), (2, 0.36260515)]
[(0, 0.99600977)]
[(2, 0.98323846)]
[(2, 0.8488229), (4, 0.14320745)]
[(2, 0.12764427), (5, 0.85080355)]
[(2, 0.9948136)]
[(5, 0.9930663)]
[(0, 0.50029826), (1, 0.49379995)]
[(2, 0.508458), (5, 0.48013312)]
[(1, 0.4226409), (2, 0.12444391), (5, 0.44491625)]
[(0, 0.40764686), (5, 0.5690989)]
[(4, 0.93219405)]
[(1, 0.54989034), (2, 0.10360431), (3, 0.17948133), (5, 0.16281722)]
[(0, 0.21103261), (5, 0.78099585)]
[(0, 0.7255476), (5, 0.2645806)]
[(0, 0.6059944), (5, 0.37771168)]
[(1, 0.98343927)]
[(0, 0.13524747), (1, 0.27805647), (5, 0.5833039)]
[(2, 0.88962305)]
[(0, 0.21667422), (1, 0.77893466)]
[(2, 0.67236286), (4, 0.13130763), (5, 0.19435321)]
[(2, 0.14593832), (4, 0.17919555), (5, 0.66468805)]
[(0, 0.4390432), (1, 0.41543585), (4, 0.14247587)]
[(5, 0.98957455)]
[(0, 0.49307665), (6, 0.48325196)]
[(2, 0.7697987), (3, 0.2224272)]
[(0, 0.91555816)]
[(0, 0.5867168), (5, 0.3781782)]
[(0, 0.46392617), (2, 0.43683028)]
[(0, 0.99485064)]
[(0, 0.67592657), (1, 0.30477622)]
[(0, 0.9920034)]
[(1, 0.47210085), (5, 0.48527065)]
[(1, 0.8913338), (5, 0.1026223)]
[(0, 0.9882122)]
[(0, 0.38057902), (2, 0.29203126), (3, 0.20553277), (6, 0.11503622)]
[(0, 0.3980067), (2, 0.5965057)]
[(1, 0.23548128), (3, 0.15751356), (6, 0.5987272)]
[(0, 0.39067882), (1, 0.26525044), (5, 0.3301838)]
[(1, 0.79778504), (3, 0.19512221)]
[(0, 0.9971138)]
[(0, 0.9939457)]
[(1, 0.2306921), (5, 0.7587011)]
[(0, 0.40933508), (3, 0.1625379), (5, 0.4261355)]
[(0, 0.67573035), (5, 0.31708473)]
[(0, 0.14184794), (2, 0.19877963), (6, 0.6553312)]
[(0, 0.21421121), (1, 0.6010833), (2, 0.18129648)]
[(5, 0.9810735)]
[(2, 0.2531574), (5, 0.7048438)]
[(4, 0.97600025)]
[(2, 0.12104311), (4, 0.86654586)]
[(5, 0.99104774)]
[(0, 0.87448066), (6, 0.11367759)]
[(2, 0.68272376), (5, 0.31030372)]
[(0, 0.36908853), (2, 0.2915862), (4, 0.31107432)]
[(0, 0.2940564), (2, 0.63694334)]
[(0, 0.49993578), (2, 0.37186807), (4, 0.12363203)]
[(2, 0.82262325), (5, 0.16543105)]
[(3, 0.9746911)]
[(0, 0.2796378), (1, 0.32671368), (2, 0.18172692), (5, 0.20775509)]
[(1, 0.4567389), (2, 0.5061237)]
[(1, 0.98381364)]
[(1, 0.9416395)]
[(0, 0.18257858), (1, 0.30842403), (5, 0.5054445)]
[(1, 0.517383), (5, 0.47392517)]
[(2, 0.6265506), (5, 0.36948356)]
[(0, 0.6824129), (2, 0.30619013)]
[(5, 0.99059176)]
[(2, 0.5693693), (4, 0.21285081), (5, 0.2058047)]
[(0, 0.19664897), (1, 0.31321988), (5, 0.48317966)]
[(2, 0.46508986), (5, 0.52389896)]
[(0, 0.64976776), (4, 0.34472415)]
[(5, 0.5183979), (6, 0.42912745)]
[(0, 0.35858017), (2, 0.17437658), (3, 0.21093301), (5, 0.25063238)]
[(0, 0.98835206)]
[(3, 0.9169026)]
[(4, 0.43129945), (5, 0.5620123)]
[(2, 0.6666352), (5, 0.3205116)]
[(1, 0.26673698), (2, 0.23384799), (5, 0.4949826)]
[(1, 0.26407042), (5, 0.73122644)]
[(1, 0.9865326)]
[(1, 0.8460758), (5, 0.14975682)]
[(0, 0.26776806), (4, 0.7109361)]
[(0, 0.21568292), (5, 0.77798694)]
[(1, 0.9874656)]
[(0, 0.9876079)]
[(0, 0.4815382), (2, 0.5097514)]
[(0, 0.5732706), (2, 0.1203118), (5, 0.29316655)]
[(0, 0.38951665), (2, 0.598093)]
[(1, 0.31354475), (2, 0.65514344)]
[(2, 0.15579325), (6, 0.8178253)]
[(0, 0.882983), (2, 0.110910855)]
[(0, 0.21503066), (2, 0.28077188), (6, 0.494876)]
[(2, 0.6362625), (5, 0.34420082)]
[(1, 0.43148628), (2, 0.31494424), (6, 0.24798125)]
[(2, 0.10366718), (4, 0.8853468)]
[(0, 0.8604754), (5, 0.13105552)]
[(1, 0.49562234), (3, 0.46366686)]
[(5, 0.9885774)]
[(1, 0.42909655), (2, 0.38377935), (5, 0.18438393)]
[(0, 0.17959996), (1, 0.61725664), (5, 0.1556703)]
[(2, 0.776437), (3, 0.21689327)]
[(1, 0.18133476), (2, 0.74884224)]
[(5, 0.97277147)]
[(1, 0.92082024)]
[(0, 0.16830237), (4, 0.8204888)]
[(0, 0.71007323), (2, 0.16502245), (3, 0.11551666)]
[(0, 0.9144801)]
[(2, 0.5030185), (5, 0.4915604)]
[(1, 0.99123263)]
[(4, 0.9785354)]
[(1, 0.918967)]
[(0, 0.36645362), (1, 0.6251029)]
[(0, 0.108768545), (5, 0.88545793)]
[(3, 0.3102052), (4, 0.66604376)]
[(4, 0.42442068), (6, 0.5651811)]
[(0, 0.7420577), (5, 0.24727394)]
[(2, 0.800803), (4, 0.13859497)]
[(0, 0.98856586)]
[(0, 0.16901144), (2, 0.65025985), (3, 0.17169225)]
[(1, 0.77196866), (5, 0.22237875)]
[(2, 0.40362903), (4, 0.35984978), (6, 0.22357747)]
[(3, 0.19043858), (5, 0.80182385)]
[(0, 0.10740137), (1, 0.5232188), (2, 0.36729112)]
[(2, 0.34970385), (5, 0.297164), (6, 0.3481942)]
[(0, 0.3360406), (2, 0.5838162)]
[(2, 0.42255715), (5, 0.56974006)]
[(0, 0.26795498), (4, 0.7215582)]
[(0, 0.16843751), (4, 0.2962797), (5, 0.5243626)]
[(2, 0.69903004), (3, 0.28930238)]
[(0, 0.1396846), (1, 0.37245432), (5, 0.48091087)]
[(0, 0.78840005), (5, 0.20374294)]
[(2, 0.63925016), (6, 0.2654066)]
[(0, 0.56081927), (1, 0.43453103)]
[(1, 0.7347202), (6, 0.22092998)]
[(4, 0.2748628), (5, 0.71203005)]
[(5, 0.9865176)]
[(2, 0.8035692), (6, 0.143323)]
[(1, 0.6372757), (3, 0.292691)]
[(5, 0.99516976)]
[(0, 0.16409639), (5, 0.7974244)]
[(1, 0.68760693), (2, 0.29488108)]
[(0, 0.5604885), (1, 0.43166795)]
[(5, 0.91843677)]
[(2, 0.58082485), (4, 0.28446126), (5, 0.13173527)]
[(2, 0.99689424)]
[(0, 0.3301637), (1, 0.10169853), (2, 0.2758014), (5, 0.28792408)]
[(1, 0.9886067)]
[(2, 0.93216234)]
[(0, 0.3967484), (2, 0.17071277), (4, 0.42693457)]
[(1, 0.972346)]
[(3, 0.3150629), (6, 0.6727298)]
[(2, 0.21236905), (5, 0.6795959)]
[(0, 0.531714), (1, 0.23332526), (2, 0.22521424)]
[(0, 0.57796633), (3, 0.4107737)]
[(2, 0.9427427)]
[(2, 0.9928019)]
[(0, 0.18167791), (1, 0.3931029), (5, 0.41674325)]
[(3, 0.66769284), (4, 0.24994887)]
[(1, 0.8699131), (2, 0.113302894)]
[(1, 0.98434037)]
[(0, 0.44046977), (1, 0.54937255)]
[(2, 0.44591781), (5, 0.476669)]
[(1, 0.85403544), (6, 0.1314978)]
[(2, 0.99488956)]
[(0, 0.23127705), (3, 0.6328472), (6, 0.12757227)]
[(2, 0.24200279), (4, 0.6617287)]
[(1, 0.98980635)]
[(2, 0.98389)]
[(1, 0.8902789), (5, 0.103568114)]
[(4, 0.6922576), (5, 0.29957718)]
[(0, 0.22888702), (5, 0.6892875)]
[(0, 0.28297004), (1, 0.35831603), (2, 0.21150218), (5, 0.1438633)]
[(2, 0.40432525), (5, 0.5888734)]
[(0, 0.2753843), (1, 0.39675763), (2, 0.32442042)]
[(4, 0.37375578), (5, 0.5888588)]
[(0, 0.986728)]
[(0, 0.3938023), (2, 0.59521455)]
[(0, 0.7680133), (2, 0.22674304)]
[(0, 0.6525384), (2, 0.33644715)]
[(1, 0.99451774)]
[(1, 0.42876786), (5, 0.5602882)]
[(0, 0.9900995)]
[(3, 0.44591996), (5, 0.5323307)]
[(1, 0.41909206), (3, 0.3323916), (6, 0.22961709)]
[(2, 0.5011092), (3, 0.20096278), (5, 0.29233664)]
[(0, 0.30628815), (2, 0.6382013)]
[(0, 0.2526228), (3, 0.7370564)]
[(4, 0.9780946)]
[(1, 0.9665579)]
[(2, 0.65639925), (6, 0.32525605)]
[(5, 0.9885319)]
[(5, 0.41994953), (6, 0.56691706)]
[(1, 0.21107346), (5, 0.68819046)]
[(0, 0.70541936), (2, 0.113249935), (6, 0.1682373)]
[(3, 0.9915815)]
[(6, 0.99002355)]
[(0, 0.9904714)]
[(0, 0.16660498), (1, 0.2726892), (2, 0.5557208)]
[(0, 0.69827515), (4, 0.2829847)]
[(1, 0.7853727), (5, 0.19915652)]
[(0, 0.15899965), (1, 0.23560674), (4, 0.5051049)]
[(0, 0.19160533), (3, 0.13025096), (5, 0.6734946)]
[(1, 0.42173037), (2, 0.26517633), (4, 0.3014092)]
[(6, 0.99749774)]
[(0, 0.79595965), (2, 0.1975276)]
[(1, 0.18726748), (2, 0.8043086)]
[(0, 0.104761414), (1, 0.2543165), (2, 0.63308424)]
[(0, 0.44481316), (2, 0.32054684), (5, 0.2211009)]
[(1, 0.981718)]
[(1, 0.5773082), (2, 0.21567933), (5, 0.18656805)]
[(1, 0.3231226), (5, 0.6587068)]
[(0, 0.70378774), (2, 0.12648214), (6, 0.16609274)]
[(0, 0.98515576)]
[(2, 0.9234422)]
[(2, 0.76708263), (3, 0.22706793)]
[(1, 0.5435026), (5, 0.44813383)]
[(0, 0.25153327), (1, 0.39300925), (5, 0.34713355)]
[(4, 0.42167297), (5, 0.5709576)]
[(0, 0.58458227), (1, 0.2420069), (3, 0.17071784)]
[(1, 0.20134865), (2, 0.64235544), (4, 0.14845715)]
[(2, 0.93963915)]
[(2, 0.56382716), (5, 0.34143203)]
[(1, 0.72928727), (2, 0.25542942)]
[(2, 0.98448205)]
[(1, 0.3003489), (3, 0.6279383)]
[(2, 0.68251556), (3, 0.31060225)]
[(1, 0.35838848), (2, 0.40987217), (6, 0.21723017)]
[(1, 0.5729703), (6, 0.4210095)]
[(1, 0.8728079), (6, 0.12364318)]
[(1, 0.24100533), (2, 0.75421345)]
[(2, 0.22074729), (4, 0.7294065)]
[(3, 0.91906506)]
[(1, 0.9899965)]
[(2, 0.26031715), (3, 0.72401166)]
[(3, 0.9843691)]
[(0, 0.99072146)]
[(3, 0.9920671)]
[(5, 0.91054875)]
[(5, 0.99105805)]
[(5, 0.983638)]
[(1, 0.7560582), (5, 0.23717959)]
[(2, 0.9899769)]
[(2, 0.7955624), (3, 0.19140983)]
[(0, 0.13089587), (2, 0.8535124)]
[(4, 0.98812973)]
[(2, 0.7420492), (5, 0.24893951)]
[(1, 0.15664682), (3, 0.76115227)]
[(4, 0.9894532)]
[(0, 0.10330496), (2, 0.23754309), (3, 0.29138052), (4, 0.36346972)]
[(0, 0.71113104), (1, 0.27402127)]
[(0, 0.45128363), (2, 0.5366171)]
[(0, 0.6293354), (6, 0.36062422)]
[(0, 0.5656761), (5, 0.42792726)]
[(1, 0.22538795), (4, 0.4345212), (5, 0.2736336)]
[(2, 0.32347745), (3, 0.39510754), (6, 0.26909453)]
[(2, 0.5742694), (5, 0.2058829), (6, 0.21310359)]
[(0, 0.23498496), (1, 0.7612558)]
[(6, 0.9857608)]
[(3, 0.58697474), (4, 0.3999181)]
[(1, 0.626024), (2, 0.36499444)]
[(2, 0.6211263), (6, 0.369833)]
[(1, 0.14084548), (2, 0.43107837), (6, 0.42240417)]
[(4, 0.6616405), (5, 0.33304837)]
[(1, 0.26410282), (5, 0.7285966)]
[(3, 0.27219418), (4, 0.34685487), (5, 0.3694138)]
[(0, 0.99286085)]
[(1, 0.14621687), (2, 0.16999704), (4, 0.12448724), (6, 0.55796003)]
[(1, 0.61557657), (2, 0.37520576)]
[(4, 0.14316759), (5, 0.35627028), (6, 0.48265263)]
[(1, 0.16176979), (4, 0.43101054), (5, 0.29100966), (6, 0.11165714)]
[(0, 0.23549488), (5, 0.752211)]
[(4, 0.33966088), (5, 0.34853193), (6, 0.29832926)]
[(3, 0.23595871), (4, 0.75547427)]
[(0, 0.3691167), (1, 0.42400137), (6, 0.19485642)]
[(0, 0.23166074), (4, 0.24435683), (6, 0.5194668)]
[(4, 0.7275452), (5, 0.24189949)]
[(6, 0.98773956)]
[(5, 0.8253627), (6, 0.13049583)]
[(1, 0.11100366), (2, 0.8794841)]
[(1, 0.6444059), (6, 0.35222885)]
[(1, 0.3660647), (4, 0.6241572)]
[(0, 0.3138068), (1, 0.67878425)]
[(4, 0.21125482), (5, 0.77498585)]
[(0, 0.613462), (4, 0.37791845)]
[(0, 0.30568066), (1, 0.5916849)]
[(0, 0.35350084), (4, 0.63375264)]
[(2, 0.17017168), (5, 0.82008547)]
[(1, 0.50106955), (2, 0.4919483)]
[(2, 0.31949618), (4, 0.25859612), (5, 0.4122072)]
[(0, 0.2718086), (5, 0.72471964)]
[(0, 0.2853394), (3, 0.45294687), (5, 0.25171098)]
[(0, 0.99449927)]
[(1, 0.78672), (4, 0.20827731)]
[(1, 0.5926644), (2, 0.39816543)]
[(1, 0.12145673), (2, 0.21582142), (6, 0.6545325)]
[(0, 0.39698765), (1, 0.597044)]
[(4, 0.7653763), (5, 0.22573966)]
[(1, 0.5413172), (4, 0.44495064)]
[(2, 0.52188766), (3, 0.3145131), (6, 0.15986007)]
[(1, 0.32916248), (6, 0.6581954)]
[(1, 0.24892609), (2, 0.742673)]
[(1, 0.46681085), (2, 0.51061434)]
[(2, 0.79155916), (5, 0.20114055)]
[(3, 0.4388689), (6, 0.55538267)]
[(1, 0.20567484), (2, 0.31691846), (3, 0.17512618), (6, 0.2908616)]
[(2, 0.69812363), (6, 0.23221749)]
[(2, 0.2199156), (3, 0.3049748), (6, 0.45859176)]
[(4, 0.9821627)]
[(4, 0.73179984), (5, 0.25745082)]
[(3, 0.1236016), (4, 0.12581252), (6, 0.7411186)]
[(0, 0.21674022), (4, 0.29264516), (5, 0.48330513)]
[(2, 0.30120602), (3, 0.54498065), (6, 0.14044252)]
[(5, 0.80338854), (6, 0.18935448)]
[(0, 0.5504949), (5, 0.43398312)]
[(5, 0.98601764)]
[(0, 0.29069006), (1, 0.40996528), (5, 0.29339755)]
[(1, 0.6188262), (6, 0.37331066)]
[(0, 0.51505864), (2, 0.2671632), (5, 0.20966542)]
[(2, 0.7031699), (4, 0.29126248)]
[(0, 0.33407313), (1, 0.42684484), (2, 0.22831127)]
[(0, 0.44903037), (1, 0.15121835), (5, 0.39281905)]
[(0, 0.9963025)]
[(0, 0.2631881), (4, 0.73207295)]
[(0, 0.3837445), (1, 0.29385623), (4, 0.23552208)]
[(3, 0.9399955)]
[(0, 0.50730324), (5, 0.48665628)]
[(0, 0.1009663), (5, 0.8468482)]
[(1, 0.71263796), (6, 0.27764556)]
[(0, 0.12933657), (5, 0.8661065)]
[(1, 0.64340967), (4, 0.34266216)]
[(0, 0.14774294), (4, 0.39083114), (5, 0.4528679)]
[(0, 0.8161519), (5, 0.17439517)]
[(4, 0.12002633), (5, 0.8741379)]
[(0, 0.7494897), (1, 0.24105187)]
[(0, 0.5635909), (1, 0.4262495)]
[(0, 0.8763084), (5, 0.11786086)]
[(0, 0.3527029), (3, 0.64011043)]
[(1, 0.4214898), (5, 0.5616532)]
[(1, 0.24422576), (4, 0.71300095)]
[(2, 0.4477029), (3, 0.54715323)]
[(1, 0.47311363), (2, 0.31648496), (5, 0.20473458)]
[(5, 0.9955704)]
[(2, 0.20818385), (5, 0.78552395)]
[(0, 0.3625341), (3, 0.118718505), (4, 0.51315093)]
[(0, 0.21134347), (1, 0.6306229), (6, 0.1463188)]
[(0, 0.99255687)]
[(4, 0.8875712), (6, 0.10381073)]
[(5, 0.36329985), (6, 0.62567604)]
[(5, 0.9040398)]
[(0, 0.26673988), (5, 0.7209594)]
[(1, 0.92247665)]
[(2, 0.94081295)]
[(1, 0.99424297)]
[(1, 0.4979166), (6, 0.45810652)]
[(1, 0.4909882), (3, 0.49990112)]
[(1, 0.39385375), (6, 0.6007331)]
[(0, 0.24109069), (4, 0.7516507)]
[(0, 0.55478287), (1, 0.32281902), (3, 0.119465694)]
[(0, 0.22354501), (5, 0.7721341)]
[(1, 0.20956625), (2, 0.22716047), (5, 0.54587334)]
[(4, 0.39710933), (5, 0.3850152), (6, 0.21119757)]
[(1, 0.994989)]
[(1, 0.80664754), (5, 0.18373883)]
[(4, 0.7575818), (5, 0.23461066)]
[(2, 0.13931069), (4, 0.39374146), (5, 0.4616107)]
[(1, 0.49371144), (5, 0.3002447), (6, 0.19944485)]
[(0, 0.8397609), (2, 0.15018636)]
[(3, 0.17796798), (4, 0.6140603), (5, 0.19459584)]
[(2, 0.991229)]
[(1, 0.59978795), (5, 0.3918963)]
[(0, 0.99021304)]
[(0, 0.98421955)]
[(1, 0.36445716), (2, 0.47660315), (4, 0.15527098)]
[(4, 0.5184413), (6, 0.4375308)]
[(2, 0.70004857), (3, 0.1952755)]
[(4, 0.8743651), (5, 0.11435303)]
[(0, 0.6155481), (4, 0.37434405)]
[(0, 0.5367653), (5, 0.44222432)]
[(1, 0.40150675), (2, 0.40808564), (5, 0.18895802)]
[(2, 0.9949772)]
[(0, 0.5641757), (1, 0.21433252), (4, 0.21895295)]
[(1, 0.68019694), (4, 0.2306482)]
[(2, 0.995129)]
[(1, 0.18571703), (5, 0.79239774)]
[(1, 0.48753935), (3, 0.29047886), (5, 0.11951449)]
[(1, 0.98581135)]
[(0, 0.984538)]
[(0, 0.3970339), (5, 0.5722283)]
[(3, 0.9852513)]
[(2, 0.6878056), (6, 0.29430088)]
[(1, 0.47213852), (5, 0.51247)]
[(5, 0.991473)]
[(4, 0.51417214), (5, 0.4763201)]
[(1, 0.16601041), (2, 0.82641107)]
[(6, 0.99649966)]
[(0, 0.5431008), (5, 0.4178721)]
[(0, 0.22289993), (1, 0.7633725)]
[(0, 0.24177901), (2, 0.74025023)]
[(1, 0.21985093), (5, 0.76293284)]
[(0, 0.9963291)]
[(5, 0.98959625)]
[(0, 0.5912155), (3, 0.26186192), (5, 0.14272039)]
[(0, 0.5710178), (5, 0.39540055)]
[(1, 0.90791225)]
[(0, 0.45021182), (3, 0.27885213), (5, 0.2656958)]
[(0, 0.3626251), (5, 0.63271034)]
[(1, 0.2809048), (5, 0.5444612), (6, 0.1647419)]
[(1, 0.77484983), (5, 0.2168917)]
[(1, 0.22957627), (4, 0.12404507), (6, 0.6352476)]
[(0, 0.89255756)]
[(0, 0.61353934), (3, 0.36971813)]
[(1, 0.82013625), (6, 0.16498744)]
[(4, 0.6619577), (5, 0.32638216)]
[(1, 0.4741094), (4, 0.15543619), (6, 0.3581361)]
[(0, 0.18959546), (2, 0.34886685), (6, 0.45630148)]
[(1, 0.28161603), (4, 0.7090542)]
[(5, 0.99704903)]
[(0, 0.2388537), (2, 0.48910087), (4, 0.2609409)]
[(0, 0.26253325), (1, 0.528817), (2, 0.18519598)]
[(2, 0.10597972), (4, 0.34080413), (5, 0.5446358)]
[(4, 0.9487427)]
[(2, 0.99671245)]
[(0, 0.3479812), (5, 0.6475825)]
[(0, 0.99520457)]
[(2, 0.9890172)]
[(4, 0.6180871), (5, 0.28232902)]
[(0, 0.32051647), (1, 0.6733218)]
[(4, 0.9900702)]
[(1, 0.40224618), (2, 0.58273804)]
[(1, 0.9947043)]
[(4, 0.9800683)]
[(3, 0.5957126), (6, 0.39676467)]
[(1, 0.16488701), (2, 0.14230455), (4, 0.6743254)]
[(1, 0.7278591), (6, 0.26165247)]
[(1, 0.52535534), (2, 0.1542782), (5, 0.31734776)]
[(0, 0.64503527), (5, 0.30998275)]
[(2, 0.7737264), (4, 0.21966733)]
[(4, 0.27178693), (5, 0.55450845), (6, 0.15944546)]
[(3, 0.63247335), (5, 0.36019698)]
[(3, 0.3726027), (4, 0.6032692)]
[(0, 0.4166553), (1, 0.57756394)]
[(1, 0.22848931), (4, 0.27513722), (6, 0.48987284)]
[(0, 0.22375391), (3, 0.7662434)]
[(1, 0.24902911), (2, 0.1612064), (4, 0.52207875)]
[(1, 0.54777324), (6, 0.36345237)]
[(0, 0.19656366), (5, 0.7454497)]
[(1, 0.6267998), (6, 0.3685124)]
[(0, 0.33574837), (3, 0.25098276), (5, 0.40978262)]
[(4, 0.64566886), (5, 0.2871909)]
[(1, 0.2211449), (4, 0.16215213), (5, 0.6085473)]
[(2, 0.9941093)]
[(4, 0.9960933)]
[(4, 0.92884254)]
[(2, 0.9103796)]
[(0, 0.65843916), (5, 0.3321251)]
[(0, 0.19550861), (4, 0.7984094)]
[(1, 0.97531325)]
[(4, 0.9449745)]
[(1, 0.2806296), (3, 0.42502296), (4, 0.2865957)]
[(1, 0.7054004), (2, 0.13470699), (6, 0.14775476)]
[(5, 0.97566825)]
[(5, 0.9234669)]
[(0, 0.31556126), (5, 0.65456724)]
[(0, 0.22932501), (1, 0.14390503), (2, 0.14182028), (5, 0.48013338)]
[(2, 0.5556635), (4, 0.43744394)]
[(1, 0.58869046), (4, 0.32903972)]
[(4, 0.98651016)]
[(1, 0.4183169), (5, 0.5735773)]
[(1, 0.24463189), (2, 0.3694005), (6, 0.38007447)]
[(4, 0.63449585), (5, 0.35251537)]
[(2, 0.35970956), (5, 0.60565895)]
[(2, 0.49238995), (3, 0.12344721), (6, 0.38084996)]
[(2, 0.43406662), (5, 0.20547958), (6, 0.35124424)]
[(4, 0.9171695)]
[(1, 0.51507324), (2, 0.17226851), (4, 0.3056466)]
[(1, 0.99293894)]
[(2, 0.45727974), (6, 0.5348702)]
[(0, 0.8990334)]
[(1, 0.7169159), (4, 0.2787173)]
[(1, 0.48401552), (2, 0.13399184), (4, 0.37287912)]
[(0, 0.13270552), (1, 0.6754889), (6, 0.18437022)]
[(1, 0.46346417), (6, 0.39260158)]
[(2, 0.7104158), (5, 0.26846957)]
[(2, 0.707439), (5, 0.22141111)]
[(0, 0.99019814)]
[(4, 0.87989414), (5, 0.10719383)]
[(0, 0.57717276), (5, 0.4080293)]
[(0, 0.34316325), (2, 0.2393603), (5, 0.40520594)]
[(0, 0.6093799), (5, 0.34683934)]
[(1, 0.6306121), (2, 0.3649057)]
[(0, 0.8041169), (4, 0.124292366)]
[(1, 0.16236655), (2, 0.8258751)]
[(5, 0.984268)]
[(0, 0.26517847), (2, 0.19782338), (4, 0.21196885), (5, 0.3211958)]
[(0, 0.4018436), (1, 0.585683)]
[(3, 0.9245983)]
[(3, 0.19039151), (5, 0.79708594)]
[(1, 0.8135996), (3, 0.1799925)]
[(1, 0.14127275), (6, 0.8050183)]
[(1, 0.16105929), (2, 0.4560285), (3, 0.37350595)]
[(0, 0.25323066), (4, 0.6287821), (6, 0.10470687)]
[(3, 0.99162805)]
[(2, 0.570465), (5, 0.42033574)]
[(1, 0.24439377), (2, 0.49719933), (5, 0.25345248)]
[(1, 0.28274032), (4, 0.14573717), (6, 0.56618416)]
[(0, 0.34216613), (5, 0.65277386)]
[(4, 0.99294376)]
[(2, 0.14537832), (3, 0.2320606), (5, 0.6185392)]
[(1, 0.16389817), (2, 0.5146312), (6, 0.31451488)]
[(0, 0.27445957), (2, 0.15559825), (4, 0.56438106)]
[(0, 0.5702754), (6, 0.4199712)]
[(4, 0.98995346)]
[(5, 0.9841224)]
[(1, 0.4018809), (6, 0.58144003)]
[(1, 0.30993485), (2, 0.5148946), (6, 0.14298673)]
[(2, 0.69641507), (5, 0.29601496)]
[(4, 0.5959355), (5, 0.39388055)]
[(2, 0.36209473), (5, 0.6237229)]
[(1, 0.8115366), (5, 0.10438162)]
[(0, 0.72903395), (3, 0.18816212)]
[(2, 0.9942679)]
[(5, 0.8650993), (6, 0.10658935)]
[(3, 0.44611034), (4, 0.54380435)]
[(0, 0.18044876), (3, 0.103369184), (5, 0.7086342)]
[(2, 0.1935478), (5, 0.79853255)]
[(2, 0.6830101), (6, 0.30625626)]
[(0, 0.16035591), (1, 0.6582959), (5, 0.17800502)]
[(3, 0.37470064), (4, 0.44790554), (5, 0.16409646)]
[(2, 0.98079693)]
[(0, 0.26597434), (5, 0.73044044)]
[(4, 0.33867097), (5, 0.5707676)]
[(1, 0.9927538)]
[(1, 0.7486143), (5, 0.24583776)]
[(1, 0.22170651), (2, 0.26402664), (6, 0.50653327)]
[(1, 0.7810313), (6, 0.21096033)]
[(2, 0.6696263), (6, 0.31334087)]
[(0, 0.47926024), (5, 0.5030973)]
[(0, 0.19896485), (3, 0.403271), (5, 0.38897693)]
[(0, 0.38006258), (1, 0.46359903), (5, 0.14870597)]
[(2, 0.46526685), (4, 0.46786487)]
[(1, 0.28939453), (2, 0.24726637), (4, 0.45606622)]
[(2, 0.14201185), (5, 0.8510568)]
[(0, 0.13075231), (1, 0.1946826), (3, 0.37181205), (6, 0.29411086)]
[(4, 0.9877586)]
[(0, 0.2186978), (1, 0.14579539), (3, 0.2037374), (5, 0.4295055)]
[(0, 0.49350467), (1, 0.13032484), (5, 0.3731966)]
[(0, 0.55435646), (5, 0.4370518)]
[(2, 0.4763687), (6, 0.5200703)]
[(1, 0.14089637), (3, 0.12173769), (6, 0.57671803)]
[(3, 0.12447119), (4, 0.49374083), (5, 0.3591978)]
[(0, 0.24750347), (1, 0.4840198), (5, 0.2640728)]
[(1, 0.8990843)]
[(0, 0.10450477), (2, 0.44224522), (6, 0.44989416)]
[(1, 0.46259174), (2, 0.53226113)]
[(2, 0.5364869), (5, 0.44284767)]
[(2, 0.5115213), (6, 0.42780805)]
[(2, 0.88006186), (6, 0.10948981)]
[(4, 0.37361276), (5, 0.11814195), (6, 0.49781793)]
[(3, 0.3114486), (5, 0.675134)]
[(2, 0.30611345), (5, 0.6861646)]
[(4, 0.9920978)]
[(2, 0.20648998), (6, 0.7495449)]
[(1, 0.13854559), (5, 0.8510619)]
[(3, 0.23711069), (4, 0.73624843)]
[(4, 0.92102474)]
[(2, 0.56196207), (3, 0.13340655), (6, 0.29606757)]
[(2, 0.48732507), (5, 0.28210807), (6, 0.13082857)]
[(0, 0.562959), (2, 0.4292171)]
[(1, 0.24557152), (2, 0.20390218), (4, 0.1445487), (5, 0.39946425)]
[(0, 0.37234116), (1, 0.6222784)]
[(6, 0.9782436)]
[(0, 0.67384684), (6, 0.23520051)]
[(1, 0.4948819), (4, 0.23781689), (5, 0.26035222)]
[(2, 0.46709448), (6, 0.5195602)]
[(0, 0.7975934), (4, 0.19443865)]
[(1, 0.19268845), (2, 0.20068873), (5, 0.20498411), (6, 0.39362618)]
[(1, 0.16414295), (4, 0.81907004)]
[(0, 0.32090783), (4, 0.5849023)]
[(1, 0.23743731), (4, 0.51694864), (5, 0.22623673)]
[(1, 0.7628914), (6, 0.23268643)]
[(2, 0.4347824), (3, 0.54874504)]
[(2, 0.98576355)]
[(0, 0.9851537)]
[(1, 0.95710367)]
[(1, 0.27618945), (5, 0.7161399)]
[(1, 0.8112521), (5, 0.17877755)]
[(4, 0.9531993)]
[(4, 0.3598), (6, 0.627116)]
[(0, 0.20349099), (2, 0.11948546), (5, 0.67103606)]
[(2, 0.29024988), (4, 0.17891994), (5, 0.5213212)]
[(0, 0.26727763), (5, 0.7214971)]
[(2, 0.5887625), (6, 0.4042938)]
[(3, 0.9899008)]
[(0, 0.21670052), (4, 0.516239), (5, 0.26297534)]
[(0, 0.39384383), (3, 0.34371296), (6, 0.25534907)]
[(0, 0.62827486), (4, 0.1488971), (5, 0.21688822)]
[(2, 0.49488705), (3, 0.30729234), (5, 0.19227877)]
[(1, 0.34854224), (2, 0.64697653)]
[(2, 0.9899528)]
[(2, 0.31008995), (6, 0.6825423)]
[(0, 0.2949592), (1, 0.3425753), (6, 0.36028603)]
[(0, 0.48234946), (4, 0.38565117), (6, 0.127004)]
[(1, 0.30192965), (2, 0.6564742)]
[(0, 0.99277776)]
[(3, 0.19758314), (5, 0.6571935), (6, 0.10069542)]
[(2, 0.53957355), (5, 0.45660925)]
[(2, 0.38717875), (5, 0.5951048)]
[(1, 0.29670203), (2, 0.13985243), (6, 0.49095663)]
[(2, 0.98625714)]
[(2, 0.5788918), (4, 0.25893894), (6, 0.13921909)]
[(2, 0.40582332), (5, 0.50822)]
[(1, 0.37798977), (2, 0.3653372), (6, 0.25098398)]
[(2, 0.4696197), (3, 0.52764654)]
[(2, 0.9517164)]
[(0, 0.2309322), (4, 0.45318925), (5, 0.30759236)]
[(3, 0.4112518), (4, 0.5282515)]
[(0, 0.98823255)]
[(1, 0.391532), (2, 0.32504493), (6, 0.27913713)]
[(1, 0.4854118), (2, 0.5058146)]
[(0, 0.85905445), (3, 0.13008203)]
[(2, 0.36334488), (4, 0.533691)]
[(1, 0.3445737), (5, 0.64575446)]
[(4, 0.70287526), (5, 0.28442964)]
[(0, 0.18701155), (2, 0.271219), (3, 0.12024861), (6, 0.41810545)]
[(1, 0.10704951), (2, 0.4403232), (6, 0.44628003)]
[(2, 0.81769955), (5, 0.16622442)]
[(0, 0.416098), (2, 0.16833024), (5, 0.4008167)]
[(0, 0.8640676), (5, 0.12042156)]
[(5, 0.8966993)]
[(3, 0.53566384), (5, 0.46047705)]
[(2, 0.24481949), (3, 0.28316155), (5, 0.41223407)]
[(0, 0.43321684), (1, 0.31914052), (2, 0.2403877)]
[(0, 0.9876397)]
[(4, 0.51756144), (5, 0.4764339)]
[(0, 0.8097004), (4, 0.1811818)]
[(0, 0.7823439), (4, 0.115035586)]
[(2, 0.25889137), (4, 0.73536474)]
[(0, 0.93388134)]
[(1, 0.50081336), (5, 0.4869978)]
[(0, 0.75997204), (4, 0.12886257)]
[(1, 0.23294753), (5, 0.75614214)]
[(1, 0.8191986), (5, 0.17303297)]
[(2, 0.33914602), (4, 0.6270503)]
[(4, 0.9838394)]
[(2, 0.36519873), (4, 0.623911)]
[(4, 0.30502835), (5, 0.42605808)]
[(0, 0.23177764), (2, 0.17945261), (4, 0.58548295)]
[(1, 0.5163826), (3, 0.3952983)]
[(0, 0.28492457), (2, 0.28573582), (3, 0.1564313), (5, 0.189882)]
[(0, 0.70510966), (6, 0.28692344)]
[(2, 0.16876155), (3, 0.58640724), (5, 0.14536943)]
[(1, 0.6370033), (6, 0.34663805)]
[(1, 0.37953046), (5, 0.42600876), (6, 0.11752844)]
[(1, 0.21578333), (4, 0.7752344)]
[(2, 0.2515115), (4, 0.6715865)]
[(0, 0.55339175), (4, 0.43927982)]
[(1, 0.25063634), (2, 0.376271), (5, 0.36625695)]
[(6, 0.8784067)]
[(2, 0.5043805), (5, 0.48759186)]
[(6, 0.98144716)]
[(1, 0.15502772), (2, 0.7780322)]
[(1, 0.4056189), (6, 0.56291986)]
[(2, 0.82606536), (4, 0.15533678)]
[(0, 0.28191864), (1, 0.27995318), (3, 0.112043016), (6, 0.32308218)]
[(0, 0.15278171), (1, 0.4460787), (2, 0.15409504), (4, 0.13817963), (6, 0.10668198)]
[(4, 0.99136555)]
[(0, 0.3427351), (1, 0.14280812), (3, 0.16513048), (5, 0.34612983)]
[(3, 0.30460724), (4, 0.46430573), (5, 0.2229804)]
[(2, 0.3185249), (5, 0.6788883)]
[(4, 0.6130215), (5, 0.37940526)]
[(2, 0.6538087), (5, 0.33843112)]
[(1, 0.13367867), (2, 0.8533736)]
[(1, 0.18301977), (2, 0.81250536)]
[(1, 0.39026123), (6, 0.60220057)]
[(2, 0.9960649)]
[(0, 0.17076094), (5, 0.81889004)]
[(1, 0.31796157), (2, 0.65133834)]
[(2, 0.9224985)]
[(4, 0.95022744)]
[(2, 0.3006975), (6, 0.69480866)]
[(0, 0.6723932), (1, 0.19216187), (2, 0.13096151)]
[(0, 0.66885287), (1, 0.3233092)]
[(0, 0.1300952), (3, 0.44267702), (5, 0.4235061)]
[(1, 0.33369616), (3, 0.6538282)]
[(1, 0.98471534)]
[(0, 0.239071), (1, 0.75388616)]
[(4, 0.66614026), (6, 0.3164621)]
[(1, 0.69224876), (4, 0.27412122)]
[(0, 0.44485804), (5, 0.45078906)]
[(2, 0.98396635)]
[(4, 0.90165436)]
[(0, 0.41032088), (4, 0.346973), (6, 0.23496048)]
[(0, 0.15902843), (1, 0.69417965), (6, 0.1433507)]
[(0, 0.37669426), (1, 0.30183116), (2, 0.3152371)]
[(1, 0.233186), (2, 0.11380874), (4, 0.2794189), (6, 0.36790565)]
[(1, 0.9816244)]
[(0, 0.2775729), (1, 0.7132825)]
[(3, 0.28757656), (5, 0.62089473)]
[(4, 0.98816055)]
[(4, 0.976988)]
[(0, 0.5044571), (6, 0.35525793)]
[(1, 0.30980718), (3, 0.23955873), (4, 0.2779385), (6, 0.16783495)]
[(5, 0.9832758)]
[(1, 0.15715697), (2, 0.25153333), (6, 0.52606165)]
[(1, 0.66627246), (6, 0.32777217)]
[(0, 0.16032508), (5, 0.45464802), (6, 0.37873945)]
[(4, 0.98711765)]
[(1, 0.28282508), (2, 0.23263614), (4, 0.2633311), (6, 0.21123369)]
[(1, 0.24518122), (5, 0.6117602), (6, 0.13734777)]
[(1, 0.6961262), (5, 0.294846)]
[(0, 0.33716983), (3, 0.6533041)]
[(4, 0.8524563), (5, 0.13912329)]
[(1, 0.29395598), (5, 0.64596796)]
[(2, 0.40132836), (4, 0.5506129)]
[(5, 0.98876673)]
[(0, 0.3879567), (2, 0.1099231), (3, 0.497282)]
[(1, 0.12346713), (4, 0.2895509), (5, 0.57788277)]
[(0, 0.4910719), (1, 0.3818178)]
[(0, 0.5515716), (1, 0.22369076), (4, 0.21507883)]
[(0, 0.99469763)]
[(3, 0.99045527)]
[(2, 0.94036686)]
[(1, 0.51063293), (4, 0.47788748)]
[(3, 0.14288491), (6, 0.84742093)]
[(2, 0.14381662), (3, 0.21854265), (5, 0.62933385)]
[(1, 0.3461068), (3, 0.26910433), (5, 0.3778812)]
[(0, 0.99192226)]
[(4, 0.30267617), (5, 0.5930702)]
[(1, 0.83549136), (2, 0.15903175)]
[(1, 0.6237416), (4, 0.36776826)]
[(1, 0.41941133), (6, 0.56615746)]
[(0, 0.2722153), (2, 0.6011446), (3, 0.123031594)]
[(2, 0.16822623), (5, 0.82491815)]
[(2, 0.87974197), (3, 0.11222082)]
[(0, 0.18549445), (4, 0.81010157)]
[(0, 0.21164246), (5, 0.7732093)]
[(0, 0.9827178)]
[(2, 0.10394696), (4, 0.31741711), (5, 0.57217795)]
[(0, 0.5878069), (6, 0.30361605)]
[(0, 0.5177706), (4, 0.36498958), (6, 0.106509)]
[(4, 0.53507864), (5, 0.45856947)]
[(1, 0.15177077), (4, 0.43524182), (5, 0.40730706)]
[(2, 0.14965421), (3, 0.55093527), (6, 0.29221523)]
[(2, 0.9920406)]
[(2, 0.32687798), (5, 0.45074973), (6, 0.21260391)]
[(6, 0.8907852)]
[(5, 0.9967787)]
[(1, 0.44911), (6, 0.54539037)]
[(0, 0.2980071), (5, 0.69475156)]
[(5, 0.82782155), (6, 0.16109921)]
[(0, 0.40608454), (5, 0.5822986)]
[(3, 0.22776511), (5, 0.7492558)]
[(2, 0.99242204)]
[(3, 0.22300199), (5, 0.76298887)]
[(2, 0.23011947), (6, 0.7610551)]
[(1, 0.5998995), (2, 0.2087453), (5, 0.18628633)]
[(4, 0.9923376)]
[(4, 0.41232505), (5, 0.5711238)]
[(1, 0.29732355), (5, 0.6009608)]
[(0, 0.54278326), (1, 0.45226952)]
[(2, 0.9324593)]
[(2, 0.9743632)]
[(1, 0.74344826), (6, 0.24940966)]
[(2, 0.28263688), (5, 0.70584214)]
[(0, 0.30085343), (1, 0.16675541), (6, 0.47978494)]
[(0, 0.41688123), (5, 0.57708114)]
[(3, 0.2555824), (5, 0.65428567)]
[(0, 0.2673957), (3, 0.5426819), (6, 0.14114898)]
[(0, 0.33962172), (1, 0.3317067), (2, 0.32669735)]
[(2, 0.643164), (4, 0.32457435)]
[(0, 0.17140692), (1, 0.82437164)]
[(2, 0.5154934), (5, 0.46492884)]
[(1, 0.6053583), (6, 0.38593477)]
[(0, 0.29411992), (5, 0.31234643), (6, 0.3848744)]
[(4, 0.4232781), (5, 0.14497648), (6, 0.4265221)]
[(0, 0.98951644)]
[(5, 0.98760366)]
[(5, 0.85425115), (6, 0.13293143)]
[(2, 0.60138226), (3, 0.39363748)]
[(2, 0.5086234), (6, 0.48762053)]
[(0, 0.1291309), (2, 0.6795572), (6, 0.18230297)]
[(1, 0.37360945), (6, 0.6225483)]
[(1, 0.10414552), (2, 0.20212616), (3, 0.2521389), (5, 0.4291569)]
[(0, 0.7575123), (5, 0.2367088)]
[(2, 0.22538625), (3, 0.1845874), (4, 0.58013254)]
[(0, 0.24309066), (5, 0.1951982), (6, 0.5552876)]
[(2, 0.48409018), (5, 0.49998543)]
[(0, 0.99646455)]
[(2, 0.19801809), (6, 0.7806931)]
[(0, 0.69473636), (2, 0.2994017)]
[(1, 0.8640471), (4, 0.13036996)]
[(2, 0.29540187), (4, 0.69885486)]
[(4, 0.24515128), (5, 0.7368772)]
[(3, 0.36240587), (4, 0.3241448), (6, 0.3075459)]
[(1, 0.9823579)]
[(2, 0.90638065)]
[(5, 0.90051967)]
[(3, 0.44555598), (6, 0.54867357)]
[(4, 0.992493)]
[(2, 0.3538464), (4, 0.34830388), (5, 0.29233488)]
[(4, 0.64427865), (5, 0.26019385)]
[(2, 0.50218844), (6, 0.48405862)]
[(2, 0.15713425), (4, 0.8392776)]
[(2, 0.2240508), (5, 0.7486988)]
[(3, 0.9879951)]
[(2, 0.57244277), (3, 0.1738371), (5, 0.24644156)]
[(0, 0.1349207), (2, 0.2056988), (5, 0.6520968)]
[(3, 0.2960291), (5, 0.39082396), (6, 0.26603043)]
[(1, 0.82040745), (2, 0.17299788)]
[(1, 0.55598074), (4, 0.43773612)]
[(0, 0.115862116), (5, 0.8801142)]
[(3, 0.52761644), (6, 0.45867717)]
[(0, 0.98876894)]
[(0, 0.9838724)]
[(2, 0.322585), (5, 0.6714112)]
[(0, 0.26737303), (6, 0.7070201)]
[(4, 0.9891502)]
[(0, 0.2732374), (1, 0.31351754), (5, 0.40896225)]
[(0, 0.5376144), (5, 0.45489982)]
[(2, 0.27466485), (5, 0.6477417)]
[(1, 0.68774384), (4, 0.30734432)]
[(0, 0.16522059), (2, 0.2474816), (3, 0.203544), (6, 0.38036287)]
[(0, 0.99278927)]
[(2, 0.5415893), (6, 0.36091235)]
[(1, 0.86259645), (6, 0.12136534)]
[(1, 0.21330704), (2, 0.11638009), (3, 0.21092679), (5, 0.45055985)]
[(2, 0.44651586), (5, 0.5455917)]
[(1, 0.4686335), (4, 0.2939079), (5, 0.23011707)]
[(0, 0.44085583), (1, 0.33827665), (5, 0.20146424)]
[(0, 0.5713974), (1, 0.22348873), (3, 0.19802126)]
[(2, 0.9858432)]
[(0, 0.63163227), (5, 0.36210275)]
[(0, 0.14675412), (1, 0.5556379), (2, 0.18726432), (3, 0.10731364)]
[(1, 0.3112363), (2, 0.68113035)]
[(1, 0.49961564), (4, 0.3764825), (5, 0.11574068)]
[(0, 0.14960125), (5, 0.8448722)]
[(0, 0.19952661), (5, 0.7940163)]
[(3, 0.3149304), (5, 0.6651721)]
[(2, 0.77195454), (5, 0.21967068)]
[(5, 0.97657144)]
[(5, 0.96294874)]
[(0, 0.6014903), (2, 0.388084)]
[(1, 0.10200236), (6, 0.89011705)]
[(1, 0.31066167), (5, 0.63793856)]
[(1, 0.9850639)]
[(4, 0.37542084), (5, 0.5227939)]
[(2, 0.9097025)]
[(1, 0.35603052), (6, 0.6360397)]
[(2, 0.54706067), (5, 0.44204992)]
[(2, 0.16511688), (4, 0.42125782), (5, 0.28443515), (6, 0.11986321)]
[(4, 0.17771246), (5, 0.42253086), (6, 0.39045304)]
[(2, 0.4716205), (3, 0.29058778), (5, 0.119636215)]
[(0, 0.8462701), (6, 0.12913999)]
[(2, 0.82739645), (6, 0.16722213)]
[(1, 0.46727583), (5, 0.5227124)]
[(4, 0.9891245)]
[(0, 0.9949148)]
[(0, 0.31946245), (1, 0.4823788), (5, 0.19452533)]
[(1, 0.38873973), (5, 0.52263504)]
[(0, 0.70741475), (5, 0.28271818)]
[(1, 0.6391019), (6, 0.35047433)]
[(1, 0.8452093), (3, 0.14445496)]
[(2, 0.8678984), (5, 0.12417608)]
[(2, 0.2611153), (4, 0.49518457), (6, 0.23686238)]
[(2, 0.24255966), (3, 0.49336445), (4, 0.25733826)]
[(0, 0.13809904), (5, 0.78787696)]
[(4, 0.57965255), (5, 0.4111017)]
[(4, 0.98135495)]
[(0, 0.9927289)]
[(1, 0.819674), (4, 0.17402798)]
[(0, 0.51195127), (5, 0.47748595)]
[(5, 0.9899399)]
[(1, 0.77882934), (5, 0.20734224)]
[(2, 0.101316445), (3, 0.15690169), (6, 0.7330006)]
[(3, 0.5351295), (5, 0.44416764)]
[(5, 0.9748481)]
[(2, 0.3006385), (4, 0.5591755), (6, 0.13069576)]
[(4, 0.98930836)]
[(1, 0.24265297), (5, 0.3958484), (6, 0.26357812)]
[(0, 0.4622193), (2, 0.35486522), (5, 0.17933378)]
[(1, 0.8551), (5, 0.14004418)]
[(1, 0.57928586), (5, 0.35154396)]
[(0, 0.5227269), (2, 0.40514448)]
[(4, 0.9839556)]
[(1, 0.3216542), (2, 0.18673423), (4, 0.27802396), (6, 0.20816141)]
[(2, 0.99496406)]
[(0, 0.91861194)]
[(0, 0.28871265), (5, 0.6861864)]
[(0, 0.31743222), (3, 0.14924996), (5, 0.3893654), (6, 0.13398778)]
[(1, 0.5218766), (6, 0.4730849)]
[(0, 0.3577148), (1, 0.6353432)]
[(1, 0.2922677), (2, 0.13155109), (4, 0.57113826)]
[(1, 0.31284103), (5, 0.6788922)]
[(2, 0.27589744), (5, 0.7141585)]
[(5, 0.8918434)]
[(0, 0.5278812), (1, 0.4101515)]
[(0, 0.3813325), (1, 0.39826906), (5, 0.21513753)]
[(3, 0.61781585), (5, 0.36941025)]
[(0, 0.23019278), (1, 0.33836696), (5, 0.4228032)]
[(5, 0.9798233)]
[(2, 0.29555357), (3, 0.5373438), (5, 0.16268148)]
[(0, 0.8251384), (5, 0.16468056)]
[(1, 0.46187156), (4, 0.5251017)]
[(1, 0.8142063), (4, 0.17612217)]
[(0, 0.71330744), (1, 0.16977847), (6, 0.10980632)]
[(5, 0.92416954)]
[(2, 0.9714581)]
[(1, 0.43775332), (2, 0.18305059), (6, 0.37201667)]
[(5, 0.80968106), (6, 0.117808536)]
[(1, 0.12889768), (2, 0.39722773), (5, 0.43909732)]
[(1, 0.14456694), (2, 0.4105248), (6, 0.44167078)]
[(5, 0.93853515)]
[(1, 0.6941052), (5, 0.29804564)]
[(1, 0.60862744), (6, 0.35516164)]
[(0, 0.10185076), (3, 0.8964394)]
[(1, 0.99275994)]
[(2, 0.5200615), (5, 0.4728966)]
[(0, 0.48492998), (2, 0.2992782), (4, 0.21090628)]
[(2, 0.20334986), (5, 0.22038424), (6, 0.52422667)]
[(2, 0.18076965), (3, 0.8081385)]
[(3, 0.4538721), (5, 0.534746)]
[(0, 0.24195075), (3, 0.26290163), (6, 0.4859753)]
[(0, 0.19569814), (5, 0.70699847)]
[(0, 0.24816291), (2, 0.34853312), (5, 0.3969268)]
[(0, 0.14840253), (1, 0.3027444), (4, 0.3164585), (5, 0.22942005)]
[(2, 0.97993106)]
[(1, 0.51790047), (6, 0.3972408)]
[(5, 0.94081414)]
[(2, 0.88687384)]
[(0, 0.4242674), (1, 0.16820428), (4, 0.32319888)]
[(4, 0.6517754), (5, 0.33176878)]
[(3, 0.39539382), (4, 0.38022777), (5, 0.21061473)]
[(0, 0.16798332), (2, 0.829452)]
[(0, 0.20812336), (2, 0.56477547), (5, 0.15737444)]
[(5, 0.89466894)]
[(0, 0.16082236), (1, 0.32404262), (2, 0.21470907), (6, 0.2967227)]
[(5, 0.9802459)]
[(4, 0.9089641)]
[(4, 0.46070975), (5, 0.4482206)]
[(1, 0.33651862), (2, 0.653546)]
[(0, 0.41220188), (5, 0.5817603)]
[(2, 0.41059354), (3, 0.5762718)]
[(1, 0.24593201), (2, 0.31701547), (5, 0.16305304), (6, 0.27114022)]
[(1, 0.33768228), (6, 0.62436837)]
[(4, 0.99063873)]
[(2, 0.98355323)]
[(1, 0.16250458), (2, 0.19525489), (6, 0.603102)]
[(4, 0.98789555)]
[(0, 0.990845)]
[(4, 0.5186542), (5, 0.46904784)]
[(3, 0.99022484)]
[(2, 0.22967842), (3, 0.64813006), (6, 0.11752273)]
[(0, 0.12196615), (1, 0.10574827), (4, 0.14098755), (5, 0.5479621)]
[(0, 0.8073892), (6, 0.1417489)]
[(1, 0.23393868), (4, 0.10274472), (5, 0.6495046)]
[(1, 0.73283017), (6, 0.2485803)]
[(0, 0.9894095)]
[(0, 0.11426405), (1, 0.112733334), (5, 0.77037066)]
[(1, 0.18776566), (4, 0.16769716), (5, 0.63889825)]
[(0, 0.24735054), (1, 0.40549663), (2, 0.34222004)]
[(0, 0.3402707), (2, 0.10024429), (4, 0.5507496)]
[(4, 0.9897867)]
[(0, 0.1779444), (3, 0.33864307), (4, 0.47369626)]
[(1, 0.22552176), (4, 0.5482596), (5, 0.21184395)]
[(1, 0.89126486)]
[(2, 0.84043944), (6, 0.15058453)]
[(1, 0.14528126), (5, 0.83712924)]
[(1, 0.7224465), (6, 0.26930097)]
[(0, 0.7245229), (1, 0.26632178)]
[(1, 0.1646045), (3, 0.24246383), (6, 0.5853238)]
[(0, 0.29434684), (5, 0.69972086)]
[(2, 0.99197465)]
[(1, 0.700922), (6, 0.2949871)]
[(2, 0.51712036), (4, 0.32960418), (6, 0.13674775)]
[(2, 0.6966126), (3, 0.14424215), (6, 0.14263064)]
[(1, 0.1603299), (2, 0.750058)]
[(6, 0.98580617)]
[(2, 0.28161663), (5, 0.70924914)]
[(2, 0.3803147), (5, 0.61728626)]
[(0, 0.20413955), (3, 0.1754181), (6, 0.54312414)]
[(5, 0.9897691)]
[(1, 0.42356816), (2, 0.14836891), (5, 0.42286274)]
[(2, 0.7448114), (3, 0.1390247), (6, 0.109052636)]
[(0, 0.6535069), (5, 0.34009907)]
[(0, 0.5908697), (6, 0.40350044)]
[(0, 0.32011992), (1, 0.20795365), (6, 0.46559805)]
[(0, 0.1808695), (2, 0.8101686)]
[(0, 0.6061855), (4, 0.38640505)]
[(3, 0.84292537), (6, 0.14213301)]
[(1, 0.8629916), (6, 0.11988947)]
[(0, 0.2292937), (1, 0.6268895), (2, 0.10367491)]
[(1, 0.38683218), (5, 0.5898429)]
[(1, 0.29851574), (2, 0.15108101), (5, 0.30773562), (6, 0.23542643)]
[(2, 0.26391566), (4, 0.69364935)]
[(1, 0.9876702)]
[(0, 0.2388577), (1, 0.32058176), (2, 0.14908051), (5, 0.28651562)]
[(2, 0.63666844), (4, 0.34417605)]
[(1, 0.35996807), (3, 0.118981056), (5, 0.51630324)]
[(1, 0.20670699), (2, 0.43571642), (6, 0.34598106)]
[(0, 0.9910145)]
[(4, 0.76270425), (5, 0.21441363)]
[(1, 0.14536911), (5, 0.83757764)]
[(1, 0.40625426), (3, 0.1029826), (5, 0.48175243)]
[(0, 0.6493289), (1, 0.13638121), (5, 0.20531327)]
[(4, 0.97944456)]
[(4, 0.331525), (6, 0.6499447)]
[(2, 0.55628866), (3, 0.4361628)]
[(2, 0.21110882), (3, 0.6151534)]
[(1, 0.39785096), (5, 0.45447263), (6, 0.13617243)]
[(3, 0.1976721), (4, 0.78893095)]
[(5, 0.9908595)]
[(1, 0.116667636), (2, 0.6778253), (6, 0.19118197)]
[(0, 0.99094516)]
[(0, 0.983136)]
[(5, 0.97264135)]
[(4, 0.9850219)]
[(3, 0.9827757)]
[(1, 0.18348084), (2, 0.29885826), (6, 0.4594245)]
[(4, 0.60275346), (5, 0.3888542)]
[(4, 0.86642647), (6, 0.11995172)]
[(2, 0.105549864), (6, 0.786103)]
[(3, 0.49996406), (5, 0.4947031)]
[(3, 0.4686147), (6, 0.44070193)]
[(1, 0.10473788), (5, 0.86163884)]
[(0, 0.14588717), (1, 0.631271), (4, 0.13472277)]
[(0, 0.18480687), (1, 0.8096516)]
[(5, 0.35422215), (6, 0.63701445)]
[(4, 0.5180526), (6, 0.474272)]
[(0, 0.4886808), (1, 0.50666517)]
[(1, 0.2332498), (5, 0.322477), (6, 0.43497747)]
[(5, 0.98333967)]
[(1, 0.14481811), (3, 0.19339378), (5, 0.10727599), (6, 0.54308826)]
[(2, 0.9580485)]
[(0, 0.53946936), (1, 0.23472367), (5, 0.17862846)]
[(4, 0.22830947), (5, 0.76535016)]
[(0, 0.8319467), (2, 0.15934339)]
[(0, 0.18044183), (1, 0.33117646), (2, 0.26160944), (4, 0.2240209)]
[(0, 0.11151833), (1, 0.106441796), (2, 0.31580165), (6, 0.46516234)]
[(1, 0.5940606), (6, 0.39386785)]
[(1, 0.51306576), (5, 0.48141116)]
[(0, 0.16005276), (1, 0.83123887)]
[(0, 0.3910759), (3, 0.12352983), (6, 0.48127908)]
[(0, 0.15243322), (2, 0.8400559)]
[(4, 0.5990197), (5, 0.3899961)]
[(1, 0.17583816), (2, 0.5950881), (6, 0.22681765)]
[(4, 0.9003255)]
[(4, 0.69858676), (5, 0.29350987)]
[(1, 0.556829), (5, 0.35907868)]
[(3, 0.8129544), (5, 0.17738712)]
[(5, 0.9838153)]
[(0, 0.77715856), (1, 0.20514038)]
[(1, 0.99033654)]
[(2, 0.71408266), (5, 0.23387742)]
[(2, 0.27958757), (5, 0.7095732)]
[(5, 0.92281544)]
[(1, 0.99211353)]
[(0, 0.7797995), (5, 0.18260927)]
[(1, 0.2452824), (2, 0.44482902), (6, 0.29519615)]
[(1, 0.20153731), (2, 0.7910632)]
[(4, 0.13785832), (5, 0.14504702), (6, 0.7089504)]
[(0, 0.2224954), (1, 0.77184534)]
[(4, 0.24532916), (5, 0.32255006), (6, 0.41858128)]
[(0, 0.10270466), (2, 0.2750776), (5, 0.6172693)]
[(2, 0.85518897), (5, 0.1167877)]
[(5, 0.9230246)]
[(3, 0.59616196), (5, 0.25902146)]
[(1, 0.20294541), (4, 0.7873572)]
[(5, 0.9726354)]
[(2, 0.23614042), (3, 0.2737056), (6, 0.39708504)]
[(3, 0.24946643), (5, 0.72960854)]
[(0, 0.99185956)]
[(0, 0.9076956)]
[(4, 0.35642934), (6, 0.6370624)]
[(1, 0.33878228), (2, 0.21880215), (6, 0.43852177)]
[(4, 0.9894977)]
[(0, 0.5581063), (1, 0.30125397), (5, 0.13840505)]
[(0, 0.21377563), (1, 0.6015747), (6, 0.17987132)]
[(6, 0.8840171)]
[(0, 0.98573667)]
[(0, 0.9899832)]
[(0, 0.19788459), (3, 0.7938524)]
[(4, 0.99498373)]
[(0, 0.2950645), (2, 0.22856839), (5, 0.46414843)]
[(0, 0.8408952), (3, 0.15096329)]
[(4, 0.980201)]
[(2, 0.13856037), (4, 0.849896)]
[(0, 0.6305698), (2, 0.35885572)]
[(0, 0.6730731), (5, 0.31106165)]
[(0, 0.98234534)]
[(1, 0.9528544)]
[(2, 0.63889843), (4, 0.35204792)]
[(2, 0.8540896), (6, 0.1375882)]
[(3, 0.17304452), (4, 0.6259149), (5, 0.18840308)]
[(0, 0.3413395), (1, 0.4974714)]
[(1, 0.9934421)]
[(1, 0.90167236)]
[(4, 0.5432994), (5, 0.44594026)]
[(0, 0.27924454), (4, 0.71366435)]
[(0, 0.5463701), (1, 0.4424366)]
[(1, 0.8521967), (5, 0.14244866)]
[(0, 0.7908345), (1, 0.20518723)]
[(0, 0.1248738), (1, 0.49334264), (5, 0.30120388)]
[(2, 0.5178323), (6, 0.47485122)]
[(4, 0.97212243)]
[(1, 0.41144153), (5, 0.5809548)]
[(0, 0.274632), (1, 0.14665714), (4, 0.57447547)]
[(0, 0.9894089)]
[(1, 0.47049266), (2, 0.25220942), (6, 0.26938644)]
[(0, 0.8865989)]
[(2, 0.23740886), (3, 0.46928367), (5, 0.28828073)]
[(0, 0.97788954)]
[(0, 0.6775543), (5, 0.3019759)]
[(1, 0.18669559), (4, 0.7622643)]
[(2, 0.45169154), (4, 0.5366905)]
[(0, 0.20996034), (2, 0.20447987), (5, 0.5822972)]
[(3, 0.4106472), (5, 0.5261643)]
[(2, 0.4066183), (5, 0.11428774), (6, 0.4747482)]
[(2, 0.80278826), (4, 0.18161817)]
[(1, 0.14386345), (2, 0.16499594), (4, 0.53727084), (6, 0.14634994)]
[(1, 0.14604533), (5, 0.84507674)]
[(0, 0.1650433), (2, 0.8281484)]
[(1, 0.80371153), (2, 0.18702427)]
[(5, 0.98687005)]
[(2, 0.8150561), (4, 0.17582744)]
[(0, 0.3641296), (1, 0.47449642), (6, 0.14904754)]
[(4, 0.9890337)]
[(2, 0.3858552), (6, 0.57454044)]
[(1, 0.15282963), (5, 0.83240396)]
[(2, 0.53772515), (6, 0.45114204)]
[(1, 0.47239503), (5, 0.5136159)]
[(0, 0.6881497), (5, 0.3032732)]
[(3, 0.34351692), (5, 0.2810862), (6, 0.36825165)]
[(0, 0.99423134)]
[(5, 0.25058132), (6, 0.64835894)]
[(1, 0.124322), (4, 0.8650796)]
[(2, 0.25338978), (5, 0.719658)]
[(1, 0.7839802), (2, 0.20664248)]
[(0, 0.5766557), (5, 0.4114926)]
[(1, 0.2907489), (6, 0.60518175)]
[(1, 0.33030668), (3, 0.10667696), (4, 0.19932747), (5, 0.35808647)]
[(2, 0.53062814), (5, 0.465486)]
[(0, 0.24816568), (2, 0.10092441), (4, 0.6356125)]
[(2, 0.8087937), (6, 0.17899933)]
[(0, 0.50852317), (3, 0.31935206), (5, 0.16631536)]
[(3, 0.8502696), (6, 0.12203223)]
[(2, 0.73109174), (4, 0.26400563)]
[(2, 0.23235005), (3, 0.59784037), (6, 0.16289285)]
[(1, 0.36092907), (5, 0.5923922)]
[(0, 0.4690875), (5, 0.524642)]
[(1, 0.39858842), (3, 0.31553164), (5, 0.2427159)]
[(1, 0.5195802), (2, 0.47208416)]
[(0, 0.5025282), (5, 0.4913759)]
[(0, 0.6512205), (1, 0.13933942), (3, 0.20074742)]
[(0, 0.5168937), (1, 0.47841358)]
[(0, 0.98876476)]
[(2, 0.55877936), (5, 0.397601)]
[(1, 0.54640985), (6, 0.44520238)]
[(0, 0.22590001), (2, 0.4895321), (6, 0.27734718)]
[(0, 0.38742122), (2, 0.5062831), (6, 0.10051944)]
[(3, 0.28881863), (4, 0.7038158)]
[(3, 0.42140853), (4, 0.5718213)]
[(2, 0.6276368), (6, 0.36634627)]
[(0, 0.84942836), (5, 0.13984726)]
[(0, 0.9661979)]
[(1, 0.2992118), (2, 0.14708564), (6, 0.55228174)]
[(2, 0.82812214), (4, 0.16543828)]
[(1, 0.8366429), (2, 0.15954322)]
[(5, 0.9872227)]
[(0, 0.4007885), (2, 0.21291435), (4, 0.37966317)]
[(0, 0.33039096), (4, 0.5902998)]
[(2, 0.9095396)]
[(4, 0.8835754)]
[(0, 0.18925036), (6, 0.8004116)]
[(2, 0.9879688)]
[(1, 0.4341735), (5, 0.5622589)]
[(4, 0.7510828), (5, 0.24015124)]
[(0, 0.14394514), (2, 0.32053393), (4, 0.13399076), (5, 0.39880264)]
[(6, 0.99770963)]
[(0, 0.44752195), (4, 0.5414807)]
[(0, 0.22072092), (1, 0.37689018), (3, 0.2321413), (6, 0.16641043)]
[(3, 0.22643873), (5, 0.76741457)]
[(1, 0.6361522), (4, 0.26664492)]
[(0, 0.31557247), (5, 0.6765661)]
[(0, 0.4547555), (1, 0.4836033)]
[(0, 0.62216276), (2, 0.3720792)]
[(3, 0.1332409), (5, 0.71697426), (6, 0.13649303)]
[(4, 0.1180899), (5, 0.80928445)]
[(0, 0.3185015), (1, 0.45378208), (5, 0.22402065)]
[(2, 0.812677), (6, 0.16953482)]
[(0, 0.2923327), (2, 0.7002546)]
[(1, 0.5489351), (5, 0.30609307)]
[(1, 0.38062975), (2, 0.48090106), (3, 0.12966333)]
[(1, 0.391423), (5, 0.55234754)]
[(2, 0.43637508), (6, 0.55582875)]
[(2, 0.8415152), (5, 0.15434867)]
[(2, 0.3252089), (5, 0.6664915)]
[(3, 0.44179466), (6, 0.5545046)]
[(2, 0.5461293), (4, 0.4202632)]
[(1, 0.23097122), (2, 0.3008909), (3, 0.46355826)]
[(0, 0.98094773)]
[(0, 0.4307371), (2, 0.56080717)]
[(1, 0.2868284), (4, 0.39260656), (5, 0.31285468)]
[(0, 0.6219422), (4, 0.16377254)]
[(2, 0.7331146), (6, 0.18653435)]
[(0, 0.1629951), (5, 0.82754165)]
[(2, 0.76918596), (3, 0.1291776)]
[(0, 0.7553447), (6, 0.22721544)]
[(0, 0.79794127), (6, 0.14447224)]
[(5, 0.99413294)]
[(3, 0.6423726), (5, 0.34978282)]
[(1, 0.9877208)]
[(1, 0.5726488), (4, 0.21857153), (6, 0.20312801)]
[(2, 0.2900739), (3, 0.14582372), (6, 0.551918)]
[(1, 0.20434725), (2, 0.18270296), (5, 0.5967376)]
[(2, 0.28449547), (5, 0.7076511)]
[(0, 0.25013912), (1, 0.48138314), (6, 0.2647006)]
[(1, 0.5090552), (5, 0.2796765), (6, 0.13430016)]
[(2, 0.55718833), (5, 0.43466488)]
[(0, 0.8197388), (2, 0.17438501)]
[(1, 0.5444066), (5, 0.17913172), (6, 0.27055502)]
[(4, 0.30157295), (5, 0.6899205)]
[(1, 0.23615068), (5, 0.73765063)]
[(4, 0.52025485), (6, 0.47007424)]
[(1, 0.98636085)]
[(4, 0.9828892)]
[(3, 0.99469453)]
[(0, 0.21537666), (1, 0.777209)]
[(3, 0.697229), (5, 0.2449633)]
[(2, 0.45567554), (5, 0.53170097)]
[(5, 0.9951217)]
[(0, 0.79938364), (6, 0.18810411)]
[(1, 0.17416787), (3, 0.49820408), (6, 0.31333083)]
[(4, 0.97697777)]
[(0, 0.4781666), (5, 0.50530905)]
[(1, 0.5626014), (5, 0.4281186)]
[(0, 0.99147385)]
[(0, 0.40283743), (4, 0.5751339)]
[(0, 0.44075683), (2, 0.54606307)]
[(0, 0.32801288), (1, 0.2636151), (3, 0.14724308), (5, 0.25925794)]
[(4, 0.30027258), (5, 0.68989295)]
[(1, 0.8324), (6, 0.10177803)]
[(5, 0.9848288)]
[(1, 0.63729316), (4, 0.35007256)]
[(0, 0.59769225), (5, 0.38751385)]
[(0, 0.58618593), (5, 0.4057542)]
[(0, 0.11780204), (2, 0.46500564), (4, 0.41164142)]
[(2, 0.73989993), (6, 0.25132072)]
[(2, 0.10939439), (3, 0.6785785), (5, 0.206647)]
[(0, 0.7493964), (1, 0.24063341)]
[(0, 0.4029168), (1, 0.4340252), (2, 0.12519257)]
[(4, 0.6969754), (5, 0.21175592)]
[(2, 0.31247103), (5, 0.5997835)]
[(1, 0.13065694), (2, 0.6117334), (6, 0.20946637)]
[(2, 0.20378503), (4, 0.40482473), (6, 0.38290507)]
[(0, 0.20977639), (4, 0.78111774)]
[(1, 0.2536866), (2, 0.17272706), (6, 0.5094153)]
[(5, 0.9699264)]
[(1, 0.21918097), (3, 0.18604887), (4, 0.5828648)]
[(0, 0.25185484), (4, 0.32249403), (5, 0.4187974)]
[(1, 0.2651438), (4, 0.7043348)]
[(1, 0.22138275), (2, 0.32245603), (3, 0.18838605), (6, 0.25876674)]
[(0, 0.23257905), (1, 0.62129104)]
[(2, 0.41711202), (5, 0.57219815)]
[(0, 0.4204766), (2, 0.18042423), (5, 0.3911368)]
[(0, 0.4768272), (5, 0.5154991)]
[(3, 0.56713855), (4, 0.16737854), (6, 0.24883495)]
[(2, 0.7429316), (6, 0.24848746)]
[(4, 0.66573864), (5, 0.3213857)]
[(2, 0.42410937), (4, 0.1583501), (6, 0.40463188)]
[(0, 0.8061801), (5, 0.17931555)]
[(0, 0.37469846), (1, 0.616996)]
[(0, 0.98697895)]
[(0, 0.10056545), (2, 0.17010018), (4, 0.7232954)]
[(5, 0.9936221)]
[(1, 0.2969574), (5, 0.6937584)]
[(1, 0.4523201), (5, 0.5394341)]
[(4, 0.99237937)]
[(2, 0.26370275), (4, 0.53021586), (6, 0.10484411)]
[(4, 0.33963427), (6, 0.6502813)]
[(0, 0.31064996), (1, 0.43349713), (3, 0.24875446)]
[(2, 0.2122803), (5, 0.77945685)]
[(2, 0.46341148), (5, 0.53098077)]
[(0, 0.76301646), (3, 0.19801602)]
[(2, 0.26070264), (4, 0.4032291), (5, 0.32478145)]
[(3, 0.21197446), (5, 0.7722634)]
[(2, 0.15484467), (3, 0.23108126), (4, 0.54265773)]
[(2, 0.38498953), (6, 0.6089788)]
[(2, 0.23495921), (4, 0.29456055), (5, 0.45389158)]
[(1, 0.8970006)]
[(0, 0.4027112), (2, 0.2896675), (5, 0.3031404)]
[(0, 0.659206), (3, 0.3331412)]
[(5, 0.97384346)]
[(1, 0.27905205), (3, 0.118345656), (4, 0.5311436)]
[(1, 0.33610076), (2, 0.65502435)]
[(1, 0.49587837), (5, 0.48314103)]
[(1, 0.14367731), (4, 0.43437663), (5, 0.34521875)]
[(1, 0.54055315), (4, 0.24265656), (5, 0.21385099)]
[(1, 0.76589495), (5, 0.23105027)]
[(5, 0.71964234)]
[(3, 0.2290331), (4, 0.5742229), (5, 0.16711456)]
[(0, 0.4536358), (4, 0.18877456), (6, 0.31182736)]
[(2, 0.41234124), (3, 0.3876215), (5, 0.19138026)]
[(1, 0.101319894), (4, 0.10223561), (6, 0.7726182)]
[(0, 0.32025814), (2, 0.13432479), (4, 0.51000637)]
[(2, 0.43108326), (5, 0.54302925)]
[(0, 0.32253665), (1, 0.21058793), (4, 0.46132267)]
[(0, 0.12625532), (3, 0.17933181), (4, 0.36451063), (5, 0.31928515)]
[(0, 0.19076927), (1, 0.42876247), (2, 0.16250135), (6, 0.21543996)]
[(0, 0.5668871), (5, 0.42417005)]
[(4, 0.55431473), (5, 0.42599759)]
[(4, 0.9824981)]
[(0, 0.8533482), (1, 0.14027297)]
[(1, 0.41978127), (3, 0.3615235), (5, 0.21222027)]
[(1, 0.44506937), (3, 0.4080509), (4, 0.13848177)]
[(0, 0.9632087)]
[(1, 0.51839083), (2, 0.47089565)]
[(0, 0.4379575), (4, 0.22705865), (5, 0.32628796)]
[(0, 0.56846), (1, 0.28493378), (5, 0.14156716)]
[(4, 0.989476)]
[(4, 0.9746736)]
[(0, 0.4310255), (3, 0.18518661), (4, 0.37611514)]
[(5, 0.97329634)]
[(1, 0.28916568), (3, 0.10759731), (6, 0.51494193)]
[(1, 0.17603667), (5, 0.7334752)]
[(1, 0.31612965), (2, 0.25054982), (3, 0.22903119), (6, 0.20007622)]
[(0, 0.5497592), (1, 0.11998369), (6, 0.24703047)]
[(4, 0.98455125)]
[(0, 0.31420422), (2, 0.44259086), (4, 0.23602697)]
[(2, 0.20756608), (4, 0.18834393), (5, 0.5974471)]
[(4, 0.39949632), (5, 0.5915155)]
[(2, 0.8207234), (5, 0.16820936)]
[(3, 0.34208232), (6, 0.65153843)]
[(1, 0.5644394), (6, 0.43229687)]
[(5, 0.9946764)]
[(0, 0.7909969), (3, 0.19883457)]
[(1, 0.9949724)]
[(2, 0.43751565), (3, 0.14843209), (5, 0.40982953)]
[(0, 0.59148616), (3, 0.11487577), (5, 0.28882593)]
[(4, 0.9927439)]
[(1, 0.32167488), (2, 0.27085137), (6, 0.40481457)]
[(4, 0.872057), (6, 0.118007295)]
[(4, 0.9762441)]
[(2, 0.7414257), (6, 0.24471119)]
[(1, 0.5157073), (5, 0.47668016)]
[(0, 0.13288718), (1, 0.24057893), (5, 0.62042564)]
[(0, 0.56048423), (4, 0.15684378), (6, 0.2753305)]
[(1, 0.53977364), (5, 0.45102155)]
[(1, 0.22073907), (6, 0.776236)]
[(2, 0.8659397), (6, 0.12565124)]
[(2, 0.1480826), (5, 0.24892177), (6, 0.5818399)]
[(4, 0.13898896), (6, 0.85874546)]
[(0, 0.44178975), (6, 0.54570884)]
[(1, 0.17125581), (6, 0.8101531)]
[(2, 0.66545737), (6, 0.32483932)]
[(5, 0.9934478)]
[(0, 0.18307653), (4, 0.67167914), (6, 0.13448565)]
[(1, 0.66873807), (2, 0.32482913)]
[(0, 0.6056315), (3, 0.38611472)]
[(5, 0.9923889)]
[(3, 0.6749462), (5, 0.30045384)]
[(4, 0.414744), (5, 0.20799173), (6, 0.35942888)]
[(0, 0.98544246)]
[(0, 0.12062137), (4, 0.10613446), (5, 0.67086947)]
[(1, 0.10476843), (3, 0.89254403)]
[(0, 0.9889097)]
[(0, 0.22786161), (5, 0.7677881)]
[(2, 0.38422084), (3, 0.32891154), (6, 0.2805848)]
[(2, 0.24766624), (6, 0.7352279)]
[(1, 0.5873265), (2, 0.40768892)]
[(2, 0.19291389), (3, 0.21710634), (5, 0.5785974)]
[(2, 0.34724724), (4, 0.2912648), (5, 0.21656735)]
[(0, 0.37579784), (1, 0.61647755)]
[(0, 0.6120468), (5, 0.3756676)]
[(1, 0.23198861), (5, 0.76118004)]
[(4, 0.9844645)]
[(2, 0.49386203), (6, 0.4930801)]
[(0, 0.7075925), (5, 0.27070642)]
[(3, 0.6182831), (6, 0.37652335)]
[(1, 0.39912996), (5, 0.58620477)]
[(0, 0.3858696), (1, 0.24606405), (5, 0.36297882)]
[(1, 0.8295106), (5, 0.15994276)]
[(1, 0.41494042), (2, 0.33834097), (4, 0.24180134)]
[(2, 0.19602962), (4, 0.79547185)]
[(0, 0.38862497), (1, 0.6013967)]
[(1, 0.36653727), (3, 0.2274875), (4, 0.28573334), (5, 0.11738991)]
[(1, 0.24314553), (5, 0.6555711)]
[(5, 0.95000696)]
[(0, 0.14599161), (1, 0.28840858), (2, 0.119465016), (5, 0.32113108)]
[(1, 0.42536756), (2, 0.13624021), (5, 0.4096807)]
[(4, 0.9859492)]
[(2, 0.3654065), (3, 0.43396685), (6, 0.19793333)]
[(1, 0.33781928), (3, 0.3353235), (4, 0.31914896)]
[(1, 0.684764), (3, 0.30132312)]
[(6, 0.99495226)]
[(0, 0.638369), (5, 0.34747973)]
[(0, 0.3701258), (4, 0.24777305), (5, 0.2791588)]
[(2, 0.6202558), (6, 0.33550465)]
[(0, 0.20603348), (3, 0.37018842), (5, 0.4160056)]
[(0, 0.20203114), (4, 0.60534924), (5, 0.18698075)]
[(0, 0.35280457), (2, 0.40297872), (3, 0.23926908)]
[(0, 0.4845063), (1, 0.5086315)]
[(1, 0.21164383), (2, 0.78214264)]
[(2, 0.5860968), (4, 0.32551783)]
[(2, 0.87413913)]
[(1, 0.80442256), (6, 0.18345372)]
[(2, 0.39404613), (4, 0.3373179), (6, 0.22153737)]
[(0, 0.73102325), (5, 0.26362616)]
[(2, 0.6764752), (6, 0.31796783)]
[(0, 0.23104), (1, 0.6135125)]
[(1, 0.41687742), (4, 0.5753754)]
[(2, 0.8236639), (6, 0.17317553)]
[(0, 0.12853506), (5, 0.4139484), (6, 0.39714327)]
[(0, 0.8027404), (6, 0.1885481)]
[(2, 0.440482), (5, 0.5346336)]
[(1, 0.99130464)]
[(2, 0.11540208), (4, 0.453796), (5, 0.42566025)]
[(0, 0.3565313), (4, 0.5266875), (5, 0.11278856)]
[(2, 0.34126335), (3, 0.60544074)]
[(2, 0.3644174), (3, 0.18707514), (6, 0.44188064)]
[(5, 0.97569144)]
[(2, 0.5954533), (5, 0.3790075)]
[(0, 0.33963618), (2, 0.4112186), (5, 0.24545677)]
[(2, 0.9869012)]
[(0, 0.353225), (5, 0.64073414)]
[(4, 0.9917587)]
[(1, 0.16958535), (3, 0.18557185), (6, 0.63889897)]
[(3, 0.17338544), (4, 0.73708594)]
[(1, 0.49234447), (3, 0.14543682), (5, 0.19690889), (6, 0.16171597)]
[(1, 0.6014665), (6, 0.39357743)]
[(0, 0.1389308), (1, 0.19721214), (5, 0.3345081), (6, 0.31042898)]
[(1, 0.98070836)]
[(0, 0.21539666), (4, 0.2065085), (5, 0.15153767), (6, 0.42301288)]
[(5, 0.9891631)]
[(0, 0.3989136), (2, 0.33383825), (4, 0.17750251)]
[(1, 0.35808948), (2, 0.23113587), (6, 0.40111712)]
[(0, 0.9793728)]
[(3, 0.2656314), (5, 0.7140729)]
[(2, 0.12985665), (3, 0.29734302), (5, 0.5644208)]
[(0, 0.7728982), (2, 0.22180946)]
[(1, 0.28488445), (6, 0.7103048)]
[(0, 0.5270673), (1, 0.45630088)]
[(2, 0.21473913), (4, 0.4247406), (5, 0.35121387)]
[(2, 0.10729069), (3, 0.2598939), (5, 0.62093705)]
[(0, 0.5980125), (3, 0.2588844)]
[(3, 0.13917004), (5, 0.20238543), (6, 0.55740386)]
[(0, 0.32385924), (4, 0.6663325)]
[(5, 0.83401996)]
[(2, 0.12745173), (5, 0.86879146)]
[(0, 0.46686715), (5, 0.44353905)]
[(1, 0.32812858), (2, 0.18609217), (6, 0.4807141)]
[(0, 0.33322573), (5, 0.65674317)]
[(2, 0.50562537), (5, 0.48034814)]
[(1, 0.8139797), (5, 0.110700175)]
[(2, 0.8037929), (5, 0.18493389)]
[(3, 0.9102269)]
[(1, 0.35356283), (3, 0.44312912), (4, 0.1335669)]
[(0, 0.18676321), (1, 0.1081896), (4, 0.2975564), (5, 0.40373045)]
[(2, 0.12548973), (4, 0.17138214), (5, 0.69840753)]
[(5, 0.32651502), (6, 0.6187314)]
[(1, 0.23936237), (3, 0.111299545), (6, 0.6396472)]
[(1, 0.8884977)]
[(0, 0.98349345)]
[(2, 0.4591922), (6, 0.534316)]
[(5, 0.99227893)]
[(2, 0.2592673), (4, 0.2096721), (5, 0.52751297)]
[(4, 0.6239267), (5, 0.28915724)]
[(1, 0.5737644), (6, 0.4172909)]
[(2, 0.61332595), (3, 0.23111671), (5, 0.14386056)]
[(4, 0.575282), (5, 0.4109455)]
[(0, 0.31947073), (2, 0.33674458), (4, 0.33522743)]
[(1, 0.20224029), (5, 0.79029715)]
[(2, 0.83334154), (6, 0.1642243)]
[(5, 0.9830885)]
[(2, 0.38021424), (5, 0.60630804)]
[(0, 0.45871422), (1, 0.46267325)]
[(4, 0.43828347), (5, 0.25263867), (6, 0.2919983)]
[(2, 0.9944131)]
[(1, 0.7156432), (2, 0.27802852)]
[(0, 0.9864839)]
[(3, 0.9817534)]
[(0, 0.40704873), (6, 0.5778893)]
[(1, 0.24889606), (5, 0.7356939)]
[(1, 0.98762393)]
[(2, 0.67983454), (6, 0.28738806)]
[(2, 0.31038842), (3, 0.65625924)]
[(0, 0.80791), (2, 0.18047456)]
[(0, 0.20729263), (1, 0.77994984)]
[(0, 0.56475794), (6, 0.42536274)]
[(1, 0.6524848), (4, 0.3359654)]
[(0, 0.13834643), (2, 0.534983), (6, 0.32459983)]
[(3, 0.63939464), (4, 0.17603125), (6, 0.17366031)]
[(1, 0.9850817)]
[(1, 0.15038523), (2, 0.47166562), (6, 0.37266162)]
[(4, 0.5993302), (5, 0.38390973)]
[(1, 0.56705195), (2, 0.10833934), (5, 0.28128728)]
[(2, 0.32181418), (4, 0.5524584), (5, 0.12004917)]
[(4, 0.9814934)]
[(0, 0.6880569), (2, 0.16410682), (6, 0.1391557)]
[(1, 0.7388693), (2, 0.25304642)]
[(2, 0.8812612), (4, 0.11260741)]
[(1, 0.1479896), (4, 0.61858135), (6, 0.22249374)]
[(0, 0.4955962), (2, 0.23573159), (5, 0.26129752)]
[(4, 0.989007)]
[(1, 0.9373417)]
[(2, 0.5776154), (6, 0.41356993)]
[(1, 0.56003976), (2, 0.17222968), (3, 0.26336548)]
[(4, 0.5624985), (6, 0.424354)]
[(0, 0.40939572), (1, 0.21692887), (4, 0.2796524)]
[(0, 0.36876598), (5, 0.61892873)]
[(1, 0.3975154), (2, 0.22629479), (4, 0.187978), (5, 0.1747501)]
[(4, 0.9952908)]
[(1, 0.14874177), (2, 0.5933859), (6, 0.1953427)]
[(2, 0.5441857), (4, 0.3767967)]
[(2, 0.98735034)]
[(1, 0.119901516), (2, 0.54469836), (4, 0.32587948)]
[(4, 0.6167795), (6, 0.34490564)]
[(0, 0.9026538)]
[(2, 0.3887644), (4, 0.270214), (5, 0.3389848)]
[(2, 0.55564153), (5, 0.43607917)]
[(2, 0.113708965), (4, 0.5544705), (6, 0.3259738)]
[(0, 0.25760353), (5, 0.7362976)]
[(1, 0.4645941), (2, 0.11667536), (6, 0.41519472)]
[(0, 0.16400218), (5, 0.82691324)]
[(2, 0.58607554), (3, 0.20123473), (4, 0.20872542)]
[(2, 0.74954396), (3, 0.22266042)]
[(4, 0.98906994)]
[(0, 0.9804655)]
[(0, 0.84931433), (1, 0.14451477)]
[(4, 0.21300234), (5, 0.65925634), (6, 0.10992259)]
[(1, 0.26165), (4, 0.23955624), (5, 0.49405253)]
[(0, 0.211786), (1, 0.34787148), (4, 0.1640068), (6, 0.26563865)]
[(2, 0.23054686), (6, 0.68103784)]
[(1, 0.48607448), (5, 0.5089809)]
[(2, 0.68956584), (4, 0.22559795)]
[(2, 0.2724211), (4, 0.5182267), (5, 0.14216124)]
[(0, 0.23353258), (2, 0.259318), (6, 0.43832943)]
[(1, 0.23732579), (2, 0.7102976)]
[(0, 0.9907144)]
[(2, 0.48946178), (5, 0.50121844)]
[(0, 0.30910698), (6, 0.68369466)]
[(0, 0.7409887), (6, 0.21553113)]
[(0, 0.9662547)]
[(2, 0.10195), (4, 0.88781005)]
[(0, 0.45308435), (2, 0.4949886)]
[(1, 0.99135965)]
[(1, 0.99586695)]
[(1, 0.36745927), (2, 0.13665769), (6, 0.48859227)]
[(1, 0.65146494), (5, 0.33141205)]
[(0, 0.2684455), (4, 0.71800554)]
[(0, 0.44670188), (5, 0.38984227)]
[(4, 0.5093829), (5, 0.41233352)]
[(0, 0.3587609), (1, 0.53699535)]
[(1, 0.47400337), (2, 0.35957047), (3, 0.16060495)]
[(2, 0.96692336)]
[(2, 0.38307643), (3, 0.28777122), (5, 0.2512204)]
[(0, 0.14076729), (1, 0.2370231), (2, 0.14413087), (3, 0.47306)]
[(0, 0.6963775), (1, 0.29709166)]
[(0, 0.97980326)]
[(3, 0.9654645)]
[(3, 0.50343144), (6, 0.4863694)]
[(0, 0.27398163), (5, 0.7088696)]
[(4, 0.9719965)]
[(0, 0.8688399), (5, 0.11887279)]
[(1, 0.42051628), (5, 0.5684742)]
[(4, 0.9793275)]
[(1, 0.17731734), (4, 0.81209165)]
[(0, 0.148162), (1, 0.33680317), (2, 0.11408077), (6, 0.39725175)]
[(0, 0.7429989), (3, 0.16492203)]
[(2, 0.33810648), (3, 0.11552972), (5, 0.45122963)]
[(0, 0.721694), (5, 0.26827288)]
[(1, 0.3131035), (2, 0.51729566), (6, 0.16572379)]
[(2, 0.20200329), (3, 0.18666293), (5, 0.5321902)]
[(0, 0.18675272), (5, 0.71433616)]
[(4, 0.22961633), (5, 0.75199366)]
[(1, 0.4940021), (5, 0.4933212)]
[(0, 0.9077414)]
[(5, 0.9899721)]
[(0, 0.23341802), (1, 0.38779587), (5, 0.37267792)]
[(1, 0.14686412), (2, 0.22297235), (3, 0.19820182), (5, 0.4236966)]
[(4, 0.50396127), (5, 0.47472748)]
[(0, 0.40282193), (1, 0.3356661), (6, 0.25579837)]
[(1, 0.98775464)]
[(5, 0.9857241)]
[(1, 0.8065095), (6, 0.19034357)]
[(0, 0.9956914)]
[(0, 0.5265232), (4, 0.46227887)]
[(0, 0.88176477), (1, 0.11508137)]
[(0, 0.64118725), (1, 0.11051656), (4, 0.2412428)]
[(1, 0.43530923), (2, 0.5403889)]
[(1, 0.80068), (3, 0.18628453)]
[(2, 0.25149512), (4, 0.37977368), (5, 0.3659096)]
[(4, 0.9869865)]
[(1, 0.33566135), (5, 0.65049565)]
[(2, 0.78358126), (6, 0.20927145)]
[(3, 0.30158466), (5, 0.29289803), (6, 0.39082837)]
[(1, 0.71016544), (6, 0.2702537)]
[(0, 0.990598)]
[(1, 0.12029507), (2, 0.874072)]
[(4, 0.8394219), (5, 0.14737517)]
[(2, 0.11088726), (4, 0.52832377), (5, 0.31004307)]
[(0, 0.99493927)]
[(0, 0.19022518), (1, 0.37441123), (2, 0.35201734)]
[(5, 0.985502)]
[(1, 0.80588293), (6, 0.19090305)]
[(0, 0.35509107), (4, 0.63310033)]
[(2, 0.4340429), (4, 0.46258715)]
[(0, 0.60944253), (3, 0.37927774)]
[(0, 0.7386213), (3, 0.24663724)]
[(2, 0.6062578), (5, 0.38574418)]
[(4, 0.9852556)]
[(0, 0.40033233), (5, 0.58488065)]
[(0, 0.7476572), (1, 0.24235694)]
[(0, 0.7203973), (3, 0.2708633)]
[(1, 0.22091623), (2, 0.5441449), (6, 0.22620334)]
[(3, 0.15891854), (6, 0.8291692)]
[(2, 0.5950153), (4, 0.33530957)]
[(1, 0.4342079), (5, 0.5010883)]
[(0, 0.100367166), (1, 0.33561462), (5, 0.55727464)]
[(2, 0.39392552), (4, 0.5990899)]
[(1, 0.46937087), (2, 0.11738267), (6, 0.40444428)]
[(0, 0.48778665), (1, 0.4613308)]
[(0, 0.12953566), (1, 0.67309755), (5, 0.18888985)]
[(6, 0.9768831)]
[(0, 0.38658935), (6, 0.5972418)]
[(0, 0.99146014)]
[(1, 0.28098315), (2, 0.61258626)]
[(0, 0.6600026), (5, 0.33575782)]
[(2, 0.18765932), (5, 0.80172807)]
[(2, 0.6953921), (6, 0.28228754)]
[(0, 0.30501595), (4, 0.39130732), (5, 0.29387337)]
[(0, 0.7916633), (1, 0.116309926)]
[(0, 0.4473514), (5, 0.5478597)]
[(1, 0.446141), (5, 0.54276586)]
[(0, 0.37617338), (2, 0.13873114), (5, 0.42066157)]
[(4, 0.3986994), (5, 0.5885907)]
[(0, 0.6664201), (1, 0.17207994)]
[(0, 0.6552985), (5, 0.3403811)]
[(2, 0.40301293), (4, 0.18317741), (5, 0.4069022)]
[(2, 0.46946636), (6, 0.5150585)]
[(0, 0.74863076), (6, 0.24666002)]
[(2, 0.49635348), (3, 0.49095234)]
[(1, 0.5307673), (5, 0.46218953)]
[(2, 0.9092691)]
[(0, 0.39548084), (1, 0.5904188)]
[(1, 0.11955003), (2, 0.651439), (6, 0.22158557)]
[(1, 0.39470342), (2, 0.59363204)]
[(0, 0.58544004), (3, 0.40016645)]
[(0, 0.383445), (4, 0.2889502), (6, 0.32103384)]
[(1, 0.35916167), (5, 0.6323183)]
[(0, 0.9838553)]
[(0, 0.44560528), (5, 0.4843649)]
[(0, 0.16156878), (5, 0.70980996)]
[(1, 0.107494086), (2, 0.32838497), (4, 0.20301154), (5, 0.35786492)]
[(2, 0.98705286)]
[(1, 0.38498572), (4, 0.26859075), (5, 0.3378192)]
[(1, 0.21866865), (4, 0.7701626)]
[(3, 0.98920375)]
[(1, 0.11934222), (2, 0.13862473), (3, 0.11734497), (4, 0.22212625), (5, 0.40030563)]
[(5, 0.976016)]
[(0, 0.75046724), (5, 0.22705874)]
[(4, 0.92808473)]
[(4, 0.5186768), (6, 0.47126907)]
[(0, 0.64549696), (2, 0.3433465)]
[(3, 0.44724548), (5, 0.544755)]
[(0, 0.94220245)]
[(0, 0.34766772), (1, 0.20021202), (2, 0.3779998)]
[(4, 0.9198215)]
[(2, 0.9397066)]
[(0, 0.11110581), (1, 0.23203215), (2, 0.49464), (5, 0.16061585)]
[(2, 0.4792648), (4, 0.50612056)]
[(5, 0.99248093)]
[(0, 0.49128005), (2, 0.29885864), (3, 0.1061422), (5, 0.10048977)]
[(0, 0.45143127), (5, 0.5406325)]
[(0, 0.8950751)]
[(5, 0.9822918)]
[(1, 0.9834493)]
[(3, 0.33839753), (4, 0.6438755)]
[(5, 0.98451674)]
[(0, 0.32854643), (4, 0.17981818), (6, 0.48044664)]
[(2, 0.3586971), (3, 0.389494), (4, 0.23778947)]
[(0, 0.9977617)]
[(0, 0.743345), (4, 0.23536173)]
[(5, 0.74455386), (6, 0.23289773)]
[(1, 0.995064)]
[(0, 0.3455097), (1, 0.101779275), (4, 0.4855043)]
[(0, 0.24847525), (2, 0.14896458), (4, 0.49238232), (5, 0.10240831)]
[(0, 0.737144), (2, 0.25439897)]
[(1, 0.14261569), (2, 0.1497834), (5, 0.69913137)]
[(1, 0.18144394), (2, 0.81097627)]
[(3, 0.98736906)]
[(0, 0.20400636), (2, 0.37676567), (5, 0.4052758)]
