2938563 12 0.6798651
15152386 12 0.51326114
26583294 7 0.7853691
37002314 8 0.31209782
48033270 12 0.5406654
28389357 12 0.7821437
41421481 7 0.4617977
41109861 2 0.6070078
19826146 1 0.43045667
37231300 7 0.75595665
5530278 12 0.8184329
45478853 0 0.6699504
2008173 12 0.9095072
9978892 12 0.3471188
5873402 12 0.8325227
30572366 0 0.4634376
41659660 12 0.8280908
53262008 4 0.5428191
9919766 12 0.9933106
19494812 12 0.8037363
20308163 4 0.3795364
6145173 12 0.6886794
18932828 7 0.8456003
24473778 7 0.89857525
28490670 12 0.62051666
21168490 0 0.58357435
17074796 0 0.55127627
28383586 12 0.5252178
17458940 8 0.69334376
36951474 7 0.9370764
38209317 7 0.6224809
16033468 12 0.877846
10462805 12 0.98250633
2612807 7 0.36986527
41071785 12 0.5975745
6847325 12 0.8787162
14277378 8 0.6161579
23817064 12 0.7736848
26264201 9 0.6970339
53153243 0 0.40207553
50724726 9 0.44739646
45487368 12 0.7652294
34055100 12 0.7326984
33503276 7 0.55859554
15279549 12 0.81026036
19344122 7 0.65536195
12095135 12 0.59122
33998359 1 0.4280344
10568847 4 0.3669386
56547518 7 0.47772008
7617549 2 0.6603988
40505923 4 0.7631105
15510571 12 0.98810124
6566093 1 0.29612628
54116105 12 0.49579355
32098031 8 0.40391478
36267124 7 0.7665873
3283562 12 0.838911
56422858 9 0.6344338
10005124 1 0.27721384
27227016 12 0.7480834
4029956 4 0.50642127
1325378 4 0.4272011
56533720 12 0.8061507
44947883 7 0.9106102
50186027 12 0.48670265
29787671 7 0.49877188
18976721 2 0.36360994
11676056 12 0.832798
42232438 12 0.5038199
38390632 4 0.7680893
52651692 12 0.38026193
36708242 12 0.93735105
54024657 12 0.9925828
31428019 12 0.56097907
9300804 12 0.7710832
39305621 1 0.9421417
426463 7 0.78929377
29243005 7 0.62185806
24879127 5 0.38550344
19351818 0 0.49900076
5959209 7 0.67241675
37526846 8 0.5768889
27865974 12 0.4603053
40568377 12 0.88467246
20431174 12 0.94445837
29109870 12 0.88144964
27281451 0 0.42627978
43331096 12 0.41536865
51246989 12 0.8675618
23480542 12 0.7212457
2634203 12 0.66202426
54282134 12 0.7927493
32755080 12 0.9874676
38975695 1 0.43219107
17283121 2 0.49176383
35858899 12 0.7159394
34412962 0 0.34883663
54974623 2 0.5312797
26375733 8 0.35797718
34722352 12 0.87443364
32282672 0 0.5262877
7459630 12 0.8278632
34003109 0 0.50477153
21504107 12 0.74432635
53184142 8 0.39622813
31719162 7 0.86720175
30018906 12 0.68025976
36734572 7 0.5273552
21802078 12 0.9923523
40321294 12 0.68237126
42332437 12 0.98995686
47458469 7 0.26202548
29721093 12 0.88618153
16719487 12 0.96046066
8715538 4 0.5288861
30865902 1 0.56615835
46788470 0 0.61211056
53430763 12 0.99344784
44179765 7 0.57889265
3433489 0 0.55694216
18996936 12 0.8454886
46973672 12 0.9779738
9746926 12 0.99343675
6536994 4 0.4597924
48503291 12 0.73339087
5631692 1 0.38811556
16318654 7 0.68150085
1196418 9 0.49685937
16093416 12 0.98663455
27128700 12 0.55989426
27080845 2 0.4394538
21767097 12 0.9897571
56901232 2 0.28679448
15871021 12 0.4644494
19379186 7 0.5609285
20688977 12 0.55104774
45879882 12 0.79900223
29910520 12 0.6613113
43538890 9 0.40905473
7925177 12 0.994048
476576 0 0.24624485
9909739 7 0.9901576
31665401 12 0.9971824
27340126 7 0.4598769
16789241 12 0.99605304
23351016 4 0.555936
31404043 8 0.38853225
39736922 12 0.6009559
10892595 8 0.47224143
22255080 7 0.65867585
11754420 0 0.89820766
19865688 1 0.26960608
53036331 12 0.4692256
4313864 4 0.6515579
10289569 12 0.92025
41099608 12 0.94697315
9398046 12 0.57445776
11924354 12 0.81021243
5248594 12 0.5805828
4030945 5 0.5126477
17805001 4 0.62790775
53869218 2 0.35860547
32445699 7 0.85047495
55419725 1 0.47092015
21265944 8 0.37953794
46431295 0 0.45766586
30984468 7 0.87069803
57035656 2 0.67728734
4787456 8 0.27713594
45822385 9 0.7903804
26217076 0 0.75329804
22237040 2 0.28148693
52733236 2 0.85901517
30998748 2 0.3484892
23125964 7 0.3334811
29582300 9 0.7613746
28691214 8 0.48055273
44376492 0 0.32710952
870019 12 0.4925032
57206497 1 0.49922937
24385384 12 0.2947886
24856303 7 0.86859393
22945406 12 0.5594916
10568015 8 0.5542311
3169404 12 0.6115627
16020684 7 0.4318016
2568112 8 0.31389087
33496316 4 0.7703239
17278161 12 0.80830896
18852570 12 0.7871273
7184192 8 0.6394255
6398366 12 0.9743681
10757587 7 0.6877185
23943733 1 0.56093407
32920695 12 0.64208066
53250963 12 0.9849464
8377995 1 0.5851587
18340862 7 0.5639957
30687105 0 0.5432506
23863033 1 0.34456784
27141300 12 0.9947019
28672804 12 0.5326704
46139515 3 0.40498134
24478957 12 0.5390702
372980 9 0.77456176
40504841 8 0.6033288
9912321 8 0.7444668
117352 0 0.36977264
8768469 9 0.35207465
56530195 7 0.6050168
5637697 0 0.87927735
31208968 9 0.47845432
13389863 9 0.5455961
8008620 8 0.61622816
8584767 0 0.64202106
2073564 12 0.9947016
7812284 7 0.3774756
10251198 8 0.5906697
6561631 8 0.6137227
49508152 8 0.30738798
42955989 1 0.38457698
10079927 12 0.6291741
18889195 12 0.9283565
12657246 12 0.78433585
21121272 9 0.540917
17781260 7 0.86076194
26812611 8 0.27400103
19343668 2 0.3061551
27996357 0 0.3868226
10285384 7 0.7463433
15106201 7 0.46094644
43346977 0 0.49472725
6194941 7 0.42127848
56028294 0 0.4939466
51976973 12 0.89248157
55096882 12 0.9636293
27911597 9 0.36976698
827016 12 0.91903967
7868754 8 0.45281875
42191405 12 0.68027174
50871948 1 0.709379
21420219 12 0.292412
12868384 9 0.37170294
35431483 7 0.29774424
20692386 9 0.33472303
5614217 12 0.96422863
48447944 8 0.8036481
1786532 8 0.6231956
36766239 7 0.49915245
34404427 1 0.924166
20022606 12 0.6884652
39939820 12 0.9195447
33644572 12 0.84162205
3858926 1 0.6488485
19370842 12 0.8136095
22147996 12 0.6808905
44392129 1 0.62302405
33536213 7 0.64951473
23771265 12 0.68322134
44404098 8 0.6208611
17510945 12 0.633478
55044637 1 0.5944786
34948934 12 0.40956366
2464158 12 0.56460565
24577566 7 0.500375
23891289 12 0.3923059
25117995 0 0.95842606
34687924 0 0.38744646
55239222 12 0.45791674
5052897 12 0.6329189
26243041 4 0.7483215
29961863 12 0.81407
36679902 7 0.5015095
33570933 8 0.47423258
30257464 1 0.73226696
57730253 7 0.527667
10163213 4 0.5940569
57736625 4 0.42335194
20059480 7 0.400637
35504358 2 0.31377268
54122543 4 0.39243323
51298718 0 0.62396955
29793000 0 0.4545525
33088920 2 0.6770883
4613361 8 0.37035736
47732850 0 0.7063914
11481926 12 0.9963478
36428345 12 0.99221975
5652676 2 0.60025674
52980588 7 0.47760826
5278036 12 0.400614
48875929 0 0.5815072
31403494 7 0.38016245
215302 12 0.99551433
43712671 8 0.40710858
52273855 12 0.68624026
10366950 8 0.44663978
31119911 12 0.62092876
53700172 12 0.3382654
8488240 12 0.827826
5022763 12 0.77702206
37284847 2 0.6110421
38744680 7 0.52184415
29381117 0 0.517645
7110657 2 0.45252708
7903177 12 0.4953495
39986092 12 0.5270981
19055226 0 0.3433821
6711850 12 0.9871721
44762426 2 0.3220702
8534607 12 0.99242425
43062158 12 0.74431455
15987479 2 0.8946081
10273414 0 0.68591774
29553859 12 0.5383416
33252182 7 0.71740127
15555271 8 0.37161145
11810108 0 0.53478605
6294060 7 0.5158219
1948535 12 0.35666078
35109055 12 0.9702222
21066684 12 0.93924654
12923948 0 0.475006
27429421 12 0.48901424
8015560 7 0.38909915
23613467 1 0.63611317
24044218 7 0.57251173
32818154 12 0.6121153
50951013 9 0.6090359
41703403 1 0.5163407
13299420 12 0.32814267
34578490 12 0.8036108
57429160 12 0.5523167
50439000 12 0.3692611
57645610 12 0.86510825
9298005 12 0.6188524
51550068 8 0.26957795
1959448 8 0.2769706
46776664 12 0.98541504
34840876 0 0.30184323
55085311 7 0.4078854
19167776 12 0.7330068
9162299 12 0.7354324
49609055 12 0.9955536
55175357 12 0.98421687
57531462 12 0.37489483
11367384 12 0.5108802
26359204 1 0.39297348
9977256 0 0.6182571
9948839 7 0.5960185
54112179 12 0.39477912
11500776 12 0.3734742
32239486 1 0.42724976
11888989 2 0.3562775
9522859 12 0.6020162
23038605 8 0.47881162
4855162 12 0.8774551
2940500 12 0.84817505
14637328 1 0.7107671
47690496 1 0.46400064
6325537 12 0.7604821
21225751 7 0.9540006
36732768 12 0.87028575
23818802 7 0.6385328
45881541 9 0.4903428
55766607 12 0.46321094
39569183 4 0.69542223
49463023 1 0.5129515
41084118 1 0.9371736
2550809 12 0.67971164
3876907 8 0.6004432
29695399 9 0.5021453
2190279 12 0.6697797
31721567 4 0.3183733
14548748 8 0.5868283
27269318 2 0.40555602
30486336 7 0.5481128
12873964 12 0.57462186
33492462 0 0.36955243
5630546 0 0.37500384
20146808 7 0.7199096
4695631 7 0.6292337
15329073 2 0.38824546
48766303 12 0.5151197
53371288 1 0.9727738
13343058 12 0.8593073
11878755 12 0.7399608
54268801 12 0.99116945
21693346 12 0.7287575
37483407 4 0.85316443
51048438 12 0.6619049
898683 8 0.57400876
16413204 8 0.6016804
33848431 12 0.69111145
7319250 8 0.6757018
33989390 2 0.38051704
49228647 8 0.35550958
47757850 8 0.4113485
26042394 9 0.49762857
37303176 7 0.502218
34185216 12 0.3513276
39458053 7 0.5661782
18890771 0 0.279482
28909812 7 0.5292462
22189847 12 0.7612028
36247701 12 0.54082024
53682251 12 0.9678819
57018976 1 0.74411297
33101829 1 0.5428234
5813412 2 0.3343222
54952295 0 0.6900326
17696290 7 0.9358577
44222866 8 0.44085455
44188538 7 0.39889267
13413292 12 0.72032744
7479017 9 0.4355808
21540631 4 0.33484504
47252634 9 0.5755053
46950132 8 0.6297731
33974505 7 0.7855787
23494685 12 0.9481446
5124793 9 0.3969508
525734 7 0.6065042
3952122 7 0.6378951
31344342 12 0.46108633
22573871 7 0.65203685
7853156 12 0.41798872
10225989 2 0.52822536
39994824 1 0.8923446
9488919 0 0.297322
35351308 8 0.5105367
33854785 12 0.47444955
41018443 7 0.622213
42599736 7 0.8802012
31228804 12 0.7765708
29721721 1 0.6011361
33622989 12 0.7079515
15120565 9 0.50289077
5397788 4 0.41869894
10220267 12 0.992349
9863777 12 0.8277508
29906793 12 0.6796427
50915719 9 0.5146009
13292043 9 0.57568026
25986119 12 0.29900652
50849576 2 0.5263189
742089 12 0.39685118
35363234 7 0.5334996
13572673 12 0.9466001
57291133 7 0.69787097
47871602 1 0.6589453
9430017 12 0.99610513
4108595 0 0.6283157
47297399 12 0.99596715
33498371 12 0.30780286
29658005 12 0.73425585
26449842 12 0.85664666
20058862 1 0.811327
41008361 7 0.61618817
23031507 8 0.32844594
30921488 9 0.43638852
46628466 12 0.9913905
27417295 9 0.44384784
7129096 12 0.41659838
28665389 2 0.9758519
527973 12 0.97459435
30598828 12 0.8660373
29142980 0 0.5671334
46602206 12 0.50350326
51965904 12 0.6839476
4293634 12 0.6237461
47399530 12 0.48634958
16057992 12 0.78291744
9557239 8 0.5425547
3927456 12 0.7127109
22113805 0 0.30519384
10807029 1 0.4736193
2407616 4 0.4138286
66870 12 0.99222666
25822216 12 0.9154078
31414973 8 0.38636678
18328664 8 0.63487977
18588506 2 0.5799805
54717862 12 0.41396812
40662819 9 0.44017234
36536219 0 0.5314444
19099250 7 0.68070906
15974356 4 0.57869565
5503102 8 0.33089235
11126027 0 0.3025861
14916004 12 0.9302583
38926824 7 0.8006122
15066932 9 0.45099714
44299216 4 0.31629956
29122111 7 0.7953211
22911248 12 0.99307126
2717653 12 0.94626397
47083781 12 0.40437177
42014913 7 0.98181856
30870989 12 0.93830985
40183680 7 0.6519387
30509165 7 0.34999293
631661 12 0.7528825
48027617 7 0.52014583
1608703 12 0.97651285
57658754 12 0.7713831
11211239 12 0.98111236
14944579 2 0.5988789
56957238 7 0.786576
54117283 12 0.78115445
50959262 7 0.60182244
28093960 12 0.4723492
47524230 7 0.75206125
38571190 8 0.435871
20296812 7 0.47757378
7175675 9 0.5590118
9646608 12 0.9505578
19410688 1 0.2700129
32586324 12 0.46088716
37838948 12 0.53602725
18653528 12 0.3679685
27984065 1 0.6473979
1596723 2 0.4248173
52740857 9 0.35347852
7113293 12 0.8855411
23932430 12 0.71657676
13656134 12 0.7597129
31755440 8 0.53825676
20974137 8 0.48163307
39939853 12 0.6972883
8072868 8 0.42748517
36250607 12 0.5136654
17531027 1 0.6655656
15108932 12 0.48760062
15448471 1 0.4802484
9849764 8 0.31835154
5999418 9 0.9025635
42606071 12 0.5165957
19721532 2 0.41964334
25822745 4 0.6075255
41025831 0 0.41210625
23789871 12 0.5165611
50242203 7 0.40397814
19640887 12 0.50519896
14664147 12 0.4338613
30721902 12 0.44895884
12909102 0 0.30164275
50034795 2 0.49164593
29637361 4 0.59322846
25236153 8 0.6750445
45383290 4 0.3107294
2604271 7 0.39784482
5277441 8 0.5490151
15573918 8 0.67934996
16822059 7 0.4836006
50149603 8 0.3159351
42555835 7 0.31613147
10740308 12 0.9407566
10766770 7 0.9313094
5586841 12 0.72606945
51833293 1 0.43989557
30548966 7 0.8186775
8746360 5 0.3684866
3158194 12 0.76136476
34729755 12 0.52492017
8702054 0 0.29724205
34100294 7 0.612468
41524060 7 0.4346731
18371168 1 0.35309553
43170123 12 0.69127834
4320252 1 0.6931331
30539141 12 0.54432887
16666587 8 0.5279408
16247449 0 0.57617
38579816 12 0.7774198
22414969 9 0.46461013
45890598 12 0.7834623
245600 12 0.99176604
8709602 9 0.27598032
42965090 12 0.4186573
2057164 12 0.52474815
26969565 9 0.39141977
10955902 2 0.594128
40414703 8 0.52804136
22365257 9 0.27724433
57590782 0 0.9537535
12446965 12 0.92111087
23836665 7 0.39769435
20485144 7 0.547027
57589311 12 0.87591296
25882087 7 0.9751216
9898953 4 0.33752367
28951359 12 0.36374512
16597806 8 0.70759517
14909340 9 0.3475272
31806863 10 0.35230273
51827763 12 0.7916052
5864365 8 0.5347996
33903103 4 0.62565565
13090176 8 0.499183
4348263 7 0.4223291
52263890 1 0.36589083
7772264 12 0.5410998
4613739 2 0.38022923
28813502 12 0.48667598
30621457 1 0.727137
47817626 12 0.6135599
44501212 12 0.99733466
7149944 0 0.62852603
7719693 5 0.37650108
56786160 1 0.5413198
50025139 1 0.61095303
11058441 12 0.8612128
56397039 4 0.41208705
16306677 7 0.87902725
55562665 12 0.769297
5287874 12 0.9451181
22060554 7 0.48188743
26011294 12 0.6003907
34428734 12 0.35284108
23089964 12 0.82882756
47224964 0 0.47547463
13284986 7 0.34996152
45874394 12 0.56907797
14505995 12 0.91268337
14704153 8 0.3226944
50181038 2 0.27361214
52883960 0 0.764498
2917395 12 0.56656235
46897570 12 0.9913155
56296542 1 0.43468595
21662886 2 0.70570236
49973898 4 0.857456
12580766 8 0.87007594
21033966 8 0.6380799
23151635 2 0.5768123
41116253 0 0.83717257
18419349 7 0.38022655
44591397 7 0.9544746
54244465 12 0.58273625
37371348 12 0.6121746
19797060 0 0.85455096
29180969 12 0.62657076
12493808 0 0.3729801
47650232 8 0.6712501
2275241 12 0.8287497
2114896 9 0.5317969
49384879 12 0.9335056
14931218 4 0.4668335
17844742 8 0.43526775
5672996 12 0.91886634
31459568 7 0.5850502
40718141 7 0.65972376
39515934 7 0.6368079
5878601 7 0.41166365
56921129 12 0.87079495
29648411 0 0.6483789
52088551 12 0.5756129
24545499 12 0.5002794
11716481 12 0.562134
13532626 12 0.9891817
18628399 8 0.65245044
36278302 12 0.5035396
49481644 12 0.8765842
21068650 12 0.77735305
20032374 7 0.32926738
20556614 12 0.7481436
14436801 12 0.81285584
49027391 9 0.4349857
13834602 7 0.51595944
52991756 12 0.9569757
33868971 12 0.8412228
26433815 2 0.40490863
26581362 7 0.979854
29998096 12 0.79209155
18942310 0 0.9179535
7933473 0 0.45239177
20247948 7 0.45885056
15768536 7 0.6414892
23809919 12 0.3395881
18885905 12 0.9942374
8533677 7 0.6583327
26741514 12 0.5885951
22719068 1 0.55608314
34858692 0 0.37268507
5959350 12 0.30033085
5621853 1 0.65578854
40267037 4 0.54003346
10595778 2 0.4773774
20415126 2 0.5574251
12788754 12 0.6133902
48536203 8 0.6619175
21366490 12 0.923914
8576186 0 0.32807788
11395633 12 0.7708215
26096166 12 0.5280879
25160184 7 0.7943297
30451479 2 0.51856375
3875183 12 0.64085686
483018 12 0.5415081
49708857 1 0.37988266
10927278 1 0.72925854
770195 12 0.42159444
15286190 12 0.46761367
12550123 12 0.84733635
20660055 7 0.7924846
30972408 1 0.60395455
10540094 12 0.9896457
21206071 1 0.79876685
23465690 12 0.3880527
12546210 1 0.32270527
764833 2 0.37345728
17739522 12 0.6415534
21217925 12 0.71063244
23580871 7 0.5055113
41525994 9 0.4332595
12329450 9 0.41683835
51691208 12 0.9509498
17206907 12 0.33424762
3355669 12 0.8297485
2486406 12 0.658385
4158664 8 0.34382963
25716764 12 0.45987627
19166698 12 0.84734076
15007629 0 0.59979016
33003118 7 0.6194511
16261999 0 0.4172419
2965487 8 0.61368746
8401484 12 0.7647159
19704758 12 0.9941952
41069166 12 0.7134906
56511536 1 0.37950426
15418600 7 0.4278122
28939351 7 0.40486455
52800023 2 0.86872166
33534321 12 0.5656424
28141940 12 0.7835559
22533292 9 0.52552706
35341379 12 0.7776506
5654893 12 0.9635629
33193972 7 0.6368526
17784022 1 0.33765838
9480568 12 0.991546
19984562 12 0.89589584
35612875 12 0.7241412
33734130 12 0.5734445
15231227 2 0.34359357
26781597 1 0.4809228
52732307 12 0.88741153
7073151 12 0.9899154
36950053 7 0.37081808
53543035 12 0.404202
21555798 12 0.47255978
40596395 8 0.4186717
13495082 8 0.310258
57446513 7 0.5155424
1633173 9 0.66818315
51438808 1 0.81182307
45235623 7 0.54499596
47983721 2 0.49649656
3637545 1 0.45313898
1171207 1 0.3710575
26854904 12 0.67598265
43065545 12 0.787846
40784973 8 0.6852263
19077213 12 0.78906655
3429199 12 0.4398606
19380381 2 0.9848565
7794446 2 0.83797586
27298587 1 0.37139255
36307269 2 0.4422136
52616928 12 0.6399166
30046399 7 0.698178
1582738 12 0.8399878
29179775 12 0.5982908
19584160 12 0.5016723
53423503 2 0.40524748
31733579 2 0.41956362
7636765 8 0.42464128
24587778 7 0.52035064
33380070 7 0.38225457
55101820 12 0.8134007
25220476 0 0.43781915
28258135 0 0.371482
28900378 1 0.9118695
44822539 7 0.585333
876557 12 0.68164563
22935448 12 0.42141247
10067728 9 0.48884922
49681399 1 0.5905638
47830052 12 0.9705607
31550616 12 0.497138
34529162 7 0.52949595
50044548 1 0.54413027
10871163 0 0.34616694
6436629 8 0.7623767
25547777 12 0.78761506
57508481 8 0.5534937
3852637 0 0.5511094
53210868 12 0.7558942
47155694 7 0.69846094
22538541 2 0.98558235
30959142 1 0.47445187
42834835 7 0.5861356
35831856 12 0.48475093
1306823 12 0.99527985
19120515 12 0.44438905
27439942 12 0.47228548
46294070 7 0.39612964
6271110 12 0.7585662
33518893 2 0.44515187
19108352 7 0.7621959
15689315 12 0.432202
44033866 12 0.5157414
28920703 12 0.7902629
41138104 1 0.985507
33174865 12 0.5025128
17129062 8 0.5967683
18322470 7 0.50734615
10845718 12 0.57182604
52240664 2 0.5530005
48450833 12 0.96342134
19136927 7 0.43984407
24619620 8 0.45088014
10770745 0 0.4718546
29417414 7 0.4849352
48609797 12 0.82197165
6878303 0 0.6950938
14462486 8 0.46631637
40646694 12 0.99591434
26012051 12 0.674739
52915059 0 0.4435215
50028519 12 0.84452844
9297415 12 0.99422204
5382448 1 0.42037147
41537314 12 0.7783135
44197929 1 0.5027703
16160273 12 0.63042116
6908785 8 0.53937274
41923979 0 0.43067166
9159124 8 0.36168155
24553901 8 0.7701101
1754004 8 0.52036065
55794597 12 0.98903275
36095463 12 0.97424614
5429672 12 0.9956391
7302878 12 0.89463544
8304396 12 0.9939033
301855 12 0.7074351
35674427 7 0.5886718
57354239 12 0.7707721
6223478 12 0.61234087
43822797 12 0.4069322
50636570 7 0.8798434
21026462 2 0.46107206
40209402 12 0.3901825
37093182 9 0.73546505
4595537 8 0.5667566
24096332 0 0.36397514
4780873 12 0.56727725
24471030 1 0.5607549
28227758 12 0.84309185
13991018 12 0.93155295
56447374 7 0.71099526
56386928 7 0.44432825
5103206 7 0.37136686
36249205 12 0.44659132
14136841 8 0.46105587
45589595 7 0.5091981
6007092 12 0.9933339
2436020 2 0.57558537
31392277 7 0.55884856
41030065 12 0.4494431
8621963 8 0.62513155
55985312 0 0.75063187
43876524 12 0.53295135
56693380 12 0.9920433
4592149 0 0.37024447
46978648 8 0.47005898
29158103 4 0.52165943
22193675 8 0.60274774
23407376 3 0.3444336
23794657 7 0.5297828
2512026 4 0.44404453
4609677 7 0.40402186
985074 2 0.65454817
1019707 12 0.73537797
11334454 12 0.99310637
48840321 12 0.96149296
28247487 4 0.5188426
19254699 9 0.49653667
43932548 2 0.4141184
33718072 12 0.95061266
4110964 12 0.844684
10292736 7 0.9907972
21331610 8 0.4896654
591794 8 0.46180484
55402566 7 0.44707167
21322695 12 0.6866931
1753726 1 0.87106735
29586097 8 0.28888237
1029293 0 0.62537533
32159269 12 0.5724202
49917928 2 0.76205295
41529671 7 0.7795968
4733169 12 0.995225
46581961 12 0.34553865
18866138 8 0.43093562
57657859 9 0.7433173
14583733 7 0.35397276
38176575 1 0.78422266
33912490 7 0.4578573
11539384 9 0.31867668
1845098 4 0.29285222
7598656 2 0.33108413
11459454 2 0.5995949
28135098 9 0.42377487
41017227 5 0.29468673
8465539 7 0.50249875
8332720 7 0.8234183
42415601 1 0.33817714
47367237 12 0.93996674
9951294 12 0.8527874
36526975 7 0.8982707
19354530 1 0.40856728
11004314 2 0.7440392
10460693 8 0.6960278
56834247 2 0.6885204
30665043 12 0.6940583
33402981 7 0.59341747
30553386 12 0.2825566
8119632 8 0.52944994
25454358 12 0.56371355
1287620 9 0.4072194
33081933 9 0.4119136
17657236 2 0.5957413
19237079 0 0.42835912
26274496 12 0.6130495
57721859 0 0.32555446
28203934 0 0.912442
47731967 12 0.3578791
26617726 12 0.62416154
18323738 7 0.5014744
27770276 2 0.77527326
169334 7 0.8260018
52398352 7 0.538547
6752694 12 0.95012504
7391758 8 0.51150286
17775186 12 0.99736136
50379249 12 0.49816412
46147805 8 0.4944967
33458681 12 0.39924446
12647220 1 0.9188732
52922526 12 0.4700375
30380759 7 0.98033917
18550409 12 0.7758754
22708767 12 0.9718099
19661738 12 0.5213025
30234787 8 0.4285261
41353503 12 0.9766582
6089332 12 0.5721577
21959884 12 0.81925815
16067427 12 0.99412423
56142232 1 0.591053
41364503 2 0.53034616
34096894 7 0.68840575
26477558 7 0.75230765
3291936 12 0.9936365
29008145 2 0.494034
47430121 12 0.7534728
52653855 12 0.52439046
49985358 12 0.61680305
19972703 4 0.51871943
31373203 12 0.70630246
30364518 12 0.3839804
10247896 7 0.74285674
40701311 7 0.3053341
16675147 1 0.56336623
7051504 7 0.51150066
56815398 12 0.6855685
52962440 2 0.5912191
5827344 12 0.29389465
28483713 12 0.55069315
48094537 12 0.81544226
13150885 2 0.42379624
9264942 9 0.76863015
17147890 8 0.448922
15270697 12 0.71311116
12340262 12 0.9879439
32542350 12 0.8048489
47807739 8 0.6538557
44842163 1 0.35962108
12882301 8 0.37292588
13644557 1 0.52790797
29711031 9 0.5683178
50210358 12 0.8172285
53657771 7 0.37151197
29313754 8 0.45063287
44633641 1 0.7726583
43251100 12 0.8862853
16573391 12 0.8202915
44478294 8 0.2899043
38769188 7 0.9510872
8624895 7 0.37618047
2920434 0 0.42471644
30919161 7 0.34840104
34899657 1 0.41850817
3601530 12 0.23433484
43656920 2 0.42547032
29240991 4 0.49455482
6015449 1 0.44402847
18043650 12 0.8541638
19889740 7 0.66459185
31290850 12 0.8768604
35914603 4 0.5290231
24078323 12 0.67059606
9506596 12 0.84778386
11176998 7 0.8967775
26808637 7 0.48279205
48079986 7 0.73373175
31250958 2 0.43593338
53065454 12 0.46667954
21939465 12 0.8229033
4580329 12 0.57318455
5152829 2 0.50763774
14157187 9 0.41440722
1168552 4 0.32242686
36382040 7 0.9744616
5214834 0 0.28614137
52197937 7 0.8111447
49662595 1 0.43618697
27255380 1 0.7495304
22257222 12 0.7987195
13473561 7 0.3550395
5279660 12 0.86444974
57359394 7 0.26078776
9548979 12 0.9402219
57077378 12 0.49224007
37479403 12 0.66754186
47092770 12 0.47916457
15856085 12 0.9537868
9946750 12 0.9948759
25751015 2 0.32020074
44359462 12 0.7605321
30840972 1 0.5883203
42604642 12 0.93128514
51050653 2 0.53819203
4642761 7 0.68668586
33763994 0 0.9898432
35573832 8 0.45597222
45085677 2 0.5862516
14855894 8 0.54856837
778476 8 0.5295582
52340233 0 0.38085914
50785694 2 0.28789157
55502579 12 0.7021511
27018864 12 0.96938485
47812394 12 0.8226355
5317440 12 0.6980882
30992903 7 0.6807159
10291522 12 0.4415744
4588581 9 0.67313814
57122893 0 0.41777825
19984535 12 0.9607725
52772589 7 0.7358456
43383255 7 0.5092705
46144668 10 0.389396
11629005 2 0.3951422
26308544 2 0.63344246
8180870 7 0.4465379
27940708 2 0.5030608
12026971 4 0.40315467
29596818 12 0.380922
23571315 12 0.8563136
7315936 12 0.7342016
5989444 2 0.74037755
30585192 0 0.37057045
3994436 7 0.31089056
1287180 12 0.44571573
5551767 2 0.5194586
19098714 7 0.48928922
2563978 12 0.61182195
20264862 5 0.24465133
5687392 8 0.69231826
47369634 8 0.4104043
2489926 0 0.7830844
59269612 12 0.8743526
59270547 7 0.8205277
58527709 12 0.7069126
59131310 12 0.3401248
57857071 4 0.98378426
59441167 1 0.4517725
58940945 1 0.5387088
58358921 1 0.69592196
58482660 12 0.791799
59289892 9 0.2922074
58065209 1 0.3788687
58068795 8 0.5247906
57920127 12 0.7758997
59209387 7 0.48390377
58429389 12 0.95184803
59323083 12 0.8383419
57805210 7 0.67897147
57781548 12 0.9216846
58076200 10 0.3144862
59507190 12 0.91482186
58432708 8 0.9257868
58438801 8 0.5496069
58223849 7 0.5226743
58760284 12 0.9272119
58965941 9 0.33289465
58965130 7 0.6243389
59470591 7 0.60715747
59389649 12 0.75017685
57837560 4 0.80907047
57992383 1 0.4543824
58001294 8 0.32542518
59655253 12 0.6067558
59672779 12 0.9406853
59678635 12 0.879173
59729556 9 0.55545944
59812156 12 0.703245
59899536 0 0.33148775
59902518 4 0.41816667
59951679 12 0.41266987
60306251 12 0.97083324
60359223 7 0.776471
60407504 9 0.60998565
60409778 2 0.4689718
60486202 12 0.55944854
60457454 12 0.4463872
60496690 7 0.7532693
60596407 1 0.96659464
60643312 12 0.9913849
60626854 7 0.73652357
60660568 12 0.43574232
60695201 7 0.4959966
60696215 7 0.52086574
60760350 12 0.7452888
60790467 2 0.40725645
60780535 9 0.38083643
60889563 12 0.87411106
61028588 12 0.6860999
61042847 12 0.98627126
61197091 7 0.49875396
61207085 12 0.7113947
61331901 12 0.4623585
61343098 7 0.4967751
61432990 12 0.5865134
61507362 7 0.35848284
15053373 1 0.44594073
42072264 1 0.92133576
22578551 2 0.30401164
29575057 12 0.6611306
9852782 12 0.32446814
1057871 7 0.5139982
6903942 7 0.46065784
18299871 7 0.5555256
37460880 3 0.3718101
49653346 1 0.6053831
13128176 7 0.4851631
32909658 0 0.5276495
8493519 5 0.5973363
6909523 7 0.2805475
48384029 4 0.45528424
32344529 9 0.5909556
25519465 0 0.8554613
20813730 1 0.68657744
50708686 7 0.5473637
2587212 4 0.48788092
1537478 8 0.6272583
9889783 1 0.5061168
10731732 3 0.33605078
47961855 12 0.5695538
21532371 2 0.74131435
25794152 4 0.43703526
11184882 7 0.30970722
9531247 3 0.28513435
12558035 7 0.48089147
14838123 1 0.72837424
20554442 0 0.8135088
18289472 0 0.30453092
40365295 4 0.45506757
35374480 8 0.5982071
37336332 2 0.5209799
55613950 1 0.79776436
9040889 4 0.67905307
42720159 4 0.47291514
53143963 1 0.9689717
11009745 2 0.29404315
18448182 1 0.39383626
7087335 8 0.5550931
3116542 1 0.44025156
36651355 7 0.3569957
21732266 7 0.97474396
31760532 8 0.44895986
2483630 2 0.5229631
2474802 4 0.3917648
30032200 12 0.7644545
26779410 7 0.5690737
5009271 2 0.5638135
45123969 1 0.85843474
18912128 3 0.37527886
17196743 7 0.6983546
22918369 7 0.5384812
3637918 0 0.49689853
43630158 2 0.41874737
38342326 7 0.57284015
40685152 7 0.41752675
22690625 4 0.48066777
13555962 0 0.37306267
756492 12 0.33069706
47247118 7 0.8564841
15050191 1 0.57877594
33263877 7 0.7751947
34421109 7 0.9435668
43350964 4 0.5588752
22344149 7 0.530599
22462407 8 0.50306785
18230784 7 0.40940872
51192791 3 0.6172735
34289094 2 0.48293355
49226065 7 0.8800838
9499670 1 0.85268265
26338516 3 0.7890097
17461222 4 0.40266302
48007768 12 0.6787978
13282426 1 0.8890099
9276146 8 0.33136594
30102116 1 0.6171307
55377806 12 0.55433756
9030661 4 0.64035165
4803799 1 0.4142214
4486383 12 0.87043387
19165774 1 0.8634906
29701129 4 0.43116117
9565399 9 0.4482531
12545811 0 0.4427061
4647646 4 0.6130387
55381420 3 0.5366447
56504908 9 0.38415262
24104914 8 0.64982355
6223825 1 0.39841014
38198638 4 0.3048634
21107350 10 0.48117778
2475126 12 0.91298324
49470647 8 0.82487255
54315881 0 0.98459893
10167703 3 0.64869773
37498912 7 0.99081624
46665794 0 0.42604566
41148167 7 0.3355272
27396739 1 0.52364683
12945225 7 0.39494836
48600002 0 0.5083603
57285074 3 0.57663167
55322359 7 0.5029585
25709029 7 0.5649503
20546643 5 0.34581274
42253073 8 0.45163167
10075384 1 0.3632602
33639135 5 0.64133334
12177019 8 0.3154426
10512295 1 0.41875088
11046513 7 0.38624153
29862306 7 0.3297806
15463859 8 0.75185823
43942448 2 0.4847545
41799602 7 0.3546307
57359889 7 0.62451833
10742451 1 0.5577579
41401804 12 0.9652395
41108946 12 0.7707138
27096158 7 0.9763843
36885127 12 0.9714165
27423889 5 0.38588443
46546230 2 0.6285539
27439472 2 0.4676599
43206747 2 0.44369417
32422314 1 0.82948846
20058656 0 0.8229088
25833232 7 0.64689195
43137255 4 0.38699886
53601150 1 0.7925594
25831535 7 0.3863069
32185822 5 0.7350491
9010198 4 0.39376652
52288584 9 0.28351247
1418846 7 0.41086793
53306336 1 0.44071957
40323703 1 0.7033928
26768132 0 0.64828783
21163978 12 0.9073799
44877253 1 0.44009462
10323199 7 0.8064655
44737337 1 0.36195004
5794337 4 0.46395618
46223376 7 0.4398473
33436925 1 0.425048
3289032 2 0.7074627
3069876 4 0.48749933
33586485 1 0.9010503
20937241 1 0.85945743
28995900 12 0.4305286
47346440 2 0.6603068
11651632 1 0.64987624
10177916 1 0.8609034
52577019 4 0.44004786
40955194 4 0.4149044
22092142 7 0.91316533
7117280 7 0.64334595
42231321 2 0.31975117
56559145 1 0.5038603
29214234 0 0.6441677
23332546 9 0.6302208
37470378 9 0.29931295
28159487 2 0.6141916
10761846 4 0.4429068
43429079 4 0.5410627
24151556 12 0.48805484
15990544 7 0.69011426
5531006 5 0.6408566
16157288 7 0.6537827
14124497 8 0.40940714
19445861 8 0.58376604
40369759 5 0.3586431
56266972 7 0.7045331
5867939 1 0.568778
5007616 8 0.4982017
50342033 12 0.5810075
46732460 4 0.50587034
7818117 1 0.99139905
7860362 0 0.3614528
3543091 4 0.81033176
26503146 7 0.57502776
26652142 7 0.32755575
49013728 1 0.6529998
41646726 1 0.3720525
52036445 2 0.67539656
23523522 12 0.89848864
49573001 1 0.56732965
13147843 8 0.8710532
904346 1 0.41731027
728706 12 0.67286384
21492540 1 0.75601715
35117180 5 0.51044524
16795214 1 0.22495365
56733074 1 0.31317714
27471237 2 0.5931842
16291809 3 0.54348195
35188150 1 0.48732147
7291273 5 0.9919718
5817334 7 0.8262722
15832204 1 0.41094247
50131184 2 0.6008091
36408396 4 0.50553787
4718646 7 0.60911274
3036134 8 0.49601594
43608537 9 0.4965803
34400522 1 0.77461267
6750533 1 0.38556653
10044821 9 0.45848984
23036346 0 0.41720036
1145164 8 0.30157512
48857620 0 0.26887882
48798918 1 0.45274135
37980798 2 0.3525309
20054795 5 0.6010046
7192872 1 0.32268876
21991858 8 0.6104513
32628815 1 0.8479287
7085143 7 0.4004759
55558808 0 0.5879035
22449697 1 0.48374978
55802925 8 0.44335312
52410981 1 0.6139752
46766115 7 0.70169747
14097249 12 0.42400044
33323756 12 0.9233449
33464255 1 0.32870427
47668236 4 0.40548924
13052047 0 0.5537188
14220340 1 0.8644705
4664521 0 0.535679
44988836 8 0.69629717
13413350 1 0.79081273
53463895 4 0.5174999
16171571 2 0.47582832
47069342 3 0.42625785
40609792 2 0.60101455
50499975 12 0.37074366
34465275 5 0.8334798
12438936 1 0.5860482
31183297 4 0.8650477
12635381 9 0.5204475
38255433 7 0.6122509
55619347 2 0.9885422
16396926 4 0.8021515
19070913 12 0.9244389
29257068 1 0.3180346
30096276 4 0.31006435
21295711 1 0.5872552
28929809 1 0.5567663
56177752 12 0.4056264
5744180 7 0.7663652
12661675 8 0.49073723
9749560 3 0.30349702
20039066 7 0.59365827
3125547 0 0.58876395
2447337 3 0.37297142
10495903 3 0.63389206
5580662 7 0.7603842
1755743 12 0.387733
15562054 1 0.49791062
54369794 12 0.97994894
54997035 4 0.50414944
13659079 7 0.32571152
19338395 4 0.34127682
30424405 0 0.58921623
56678794 7 0.68721014
7312487 0 0.45875385
29441005 7 0.7655275
5132939 7 0.47668692
42939457 12 0.5227911
934213 8 0.47388703
20057696 4 0.38965383
12915120 1 0.75146306
22322038 4 0.5451845
38900888 3 0.49118057
32912894 0 0.7717421
27978939 4 0.6480215
18216485 12 0.84357595
15536666 1 0.8529317
42949797 1 0.45895845
22398745 7 0.35801876
29223280 3 0.3704917
53075011 7 0.49045628
40643490 2 0.608302
29829338 0 0.5098046
18957916 1 0.86909276
48849231 7 0.7663271
4548298 12 0.33350027
14328448 1 0.3866022
51911956 7 0.8379452
34440515 7 0.69827616
29311791 0 0.49480113
8400364 7 0.36729345
37720783 1 0.79817724
14449381 4 0.53937006
17516270 2 0.6600974
12462791 4 0.4459997
9775874 1 0.4854496
17437861 9 0.5808429
30241179 12 0.46354496
18974220 2 0.29268
9174250 7 0.76007307
50589806 8 0.38441697
28477947 7 0.78826123
15836484 3 0.7902093
16510204 4 0.4510859
40703440 7 0.43015426
5125041 2 0.4867702
36876970 12 0.6478108
42890377 8 0.35453907
33378288 4 0.47625643
18675726 12 0.7308024
41808771 4 0.32749674
12411350 4 0.48022625
23900563 7 0.8859784
1042692 8 0.4280612
4603512 3 0.3271054
21874152 9 0.5570197
47961825 8 0.5893103
4819560 7 0.83144456
26602335 1 0.46242234
5634216 7 0.9605392
11306567 4 0.32538962
14441734 4 0.7999591
50617132 4 0.37297496
1007337 8 0.54567915
52713116 9 0.67163867
54110347 7 0.5423093
40669730 7 0.68618745
302914 0 0.2730835
53155166 5 0.70698166
17790442 3 0.64144015
9144536 0 0.54643565
53479172 4 0.68397003
11070138 12 0.93801
3621773 7 0.44671717
4365117 12 0.53706676
35666017 4 0.69696724
44939677 12 0.2840679
26167926 2 0.335144
54966175 7 0.67774373
13621137 1 0.40058258
38596047 7 0.56933415
56346485 4 0.38185132
23262771 1 0.43694714
16213162 3 0.46003494
42109328 4 0.9408093
38575682 4 0.6654467
51293419 9 0.5155702
22612307 5 0.5592425
28695751 4 0.58101726
52632027 7 0.8719139
49798688 8 0.606041
28179701 6 0.44054094
30151686 7 0.72468156
51500378 0 0.52507013
7649687 0 0.33455834
186932 4 0.30477288
54355676 1 0.34783575
25248241 8 0.62039477
1846081 9 0.34225526
41558217 0 0.5997709
15024583 3 0.34298763
42674227 4 0.92095125
10564491 7 0.46545574
22432066 7 0.538372
4688512 8 0.38798437
51304240 12 0.5155358
45432765 9 0.37997738
8773417 7 0.5528442
24230161 7 0.6603181
24658765 4 0.6932182
44542613 1 0.4533154
22811451 4 0.7153119
50816579 12 0.6683455
2144468 9 0.5401363
36671686 0 0.39983612
27896084 12 0.6780158
24154006 2 0.3922458
7740104 4 0.30034286
25135407 2 0.3765214
43342661 1 0.42672086
39916836 1 0.6560821
6526171 0 0.70337147
12254320 2 0.39034835
5559094 4 0.69340366
29260911 5 0.8406631
16279159 1 0.4054031
53286960 1 0.44162312
14527506 8 0.56607276
17672696 1 0.499414
46796796 12 0.34524882
10548073 7 0.58223146
25528417 1 0.6233554
15114723 4 0.58534896
38165408 7 0.5373649
16179679 7 0.81570274
30228737 1 0.4665432
31188313 7 0.57761383
38548028 4 0.37448654
42634550 7 0.7463991
45893641 0 0.6260541
5784108 7 0.6481728
22795725 12 0.8130331
799932 0 0.8334946
33265014 4 0.56872725
50042237 7 0.8964433
13443571 7 0.737663
24827511 4 0.6022386
26655432 8 0.48031816
56267631 2 0.41237625
3623610 8 0.58932793
53421649 7 0.9842475
387104 8 0.42800727
55445769 12 0.9794919
3181583 1 0.25513384
37422089 7 0.8977978
8078868 0 0.60965014
54012951 7 0.5798843
13471489 5 0.68297416
53868043 8 0.51075864
18721072 7 0.97738063
8747248 8 0.6786455
37198379 2 0.43083483
35766313 9 0.3828756
42847568 7 0.7925231
49881944 8 0.68060905
31942759 12 0.3242965
27802413 3 0.63702095
48196245 8 0.5311363
20472015 8 0.58504367
32770111 4 0.37835407
15865369 8 0.5978748
25344235 0 0.39398864
33234182 4 0.44069144
7809566 7 0.5044576
13307542 4 0.52342963
27963084 1 0.4948584
30718174 1 0.57099754
8423100 4 0.64706284
5313855 1 0.48039627
4482272 8 0.62543833
57343723 8 0.9326775
743939 0 0.78384286
44543736 2 0.8353855
57596918 12 0.982487
36105998 2 0.2547868
16844001 9 0.47075412
10717413 3 0.7847615
24663826 4 0.5127506
22695902 4 0.4937622
30150684 2 0.977666
6964847 12 0.98644197
52457511 7 0.7252976
25599375 7 0.42219108
12438379 7 0.3563983
48369956 1 0.6209061
13594492 7 0.5441238
56865047 1 0.78673923
30535767 4 0.86957693
35057272 3 0.48992804
26352051 7 0.39351234
22629869 1 0.86101145
18367692 4 0.52431935
57740702 4 0.8430862
342409 2 0.4171805
51260621 0 0.62159723
21827245 7 0.78696644
57139896 12 0.84161776
54055462 12 0.9088343
15820699 0 0.8159578
48783478 0 0.47273967
21207729 4 0.62146646
44408110 7 0.41923738
11180028 0 0.47363588
33017333 7 0.32761642
16254883 7 0.40561718
14471278 4 0.42208803
42868879 2 0.3753218
50387772 7 0.6254525
44274221 7 0.9839582
21964593 7 0.3903139
31151139 12 0.33279708
44363269 2 0.70469815
21160553 2 0.30404747
29170408 7 0.52063495
32988772 4 0.43302885
51482696 4 0.47668543
2535516 9 0.65612495
54538739 7 0.544564
43927374 9 0.33653802
17527700 3 0.41675034
33970325 2 0.29184604
56352293 4 0.49329355
15787824 3 0.4184736
1735374 1 0.39188308
22834191 4 0.43118685
3288694 3 0.54508615
24516976 8 0.7218099
30136328 0 0.4334942
52055136 3 0.53781706
30654073 2 0.6234838
5951310 12 0.299619
8837822 5 0.6430484
7364319 0 0.42400903
35503916 4 0.84558225
19067175 8 0.5605016
8077056 4 0.6208375
3204891 4 0.65013814
40016463 1 0.43967804
9946334 2 0.2738347
4793583 8 0.34466037
26853836 12 0.335224
52778033 7 0.6242236
17561767 2 0.5224062
21899904 5 0.38258445
51541968 4 0.48239487
22002999 8 0.54743224
26142763 1 0.98189664
19045302 12 0.51315874
11705815 4 0.5479381
39911287 1 0.5081519
16878318 2 0.9555148
22331687 1 0.4508247
45130330 7 0.5814884
51909877 7 0.98888785
43475984 0 0.5157214
3195788 7 0.5675335
22908520 5 0.41471413
16962248 4 0.99284977
50104673 12 0.9790465
30059107 1 0.3300771
4780317 12 0.37548304
21155282 4 0.5234058
8810750 12 0.39775342
42369271 0 0.24141422
1927380 7 0.9061392
7514678 4 0.47302523
56490320 12 0.86176467
36452829 1 0.56502354
42836495 7 0.6047179
4654932 7 0.46003804
5113333 2 0.38160217
25349306 4 0.8234726
48602557 8 0.36433133
24534320 1 0.718665
35681704 1 0.6297528
15702930 1 0.4489364
48588535 2 0.39092958
46662810 12 0.38060758
3207051 2 0.36323977
46292632 2 0.82044184
12153009 7 0.5508749
6008295 3 0.31458414
18106478 8 0.51171124
8492208 5 0.54124135
39358826 1 0.57212925
26748725 9 0.45755383
13562737 7 0.6178682
51669302 12 0.3417831
20159371 8 0.520629
56502361 0 0.438768
10324611 12 0.40593347
16967365 5 0.62435555
2256950 3 0.6212661
48074652 1 0.46440414
33441321 7 0.87720454
53530418 8 0.62840396
47691350 7 0.4703371
3914936 8 0.8167009
56945504 12 0.51415056
37333684 1 0.78638923
39725030 4 0.42180723
27495370 7 0.84482884
23513025 8 0.6447285
23676445 7 0.7084665
27355541 3 0.73604155
17409960 1 0.41422457
30057280 1 0.39728102
24728661 7 0.54179883
1877727 1 0.36486295
25171771 12 0.55825037
7090819 2 0.62917006
12772102 1 0.380958
8140198 1 0.3121661
20885832 2 0.4932455
33030014 2 0.42307442
20799604 1 0.38811696
12176538 7 0.53540576
55331510 12 0.8213338
22449946 4 0.545157
11299051 4 0.4927847
4111808 12 0.34405714
27160792 1 0.6455965
41909017 2 0.5107702
30722114 1 0.8607028
15652816 1 0.5747449
2389919 5 0.59054667
13612343 3 0.6536851
55691841 1 0.91131103
18171973 7 0.53405446
24487099 5 0.6214496
48469928 5 0.49309218
17456343 0 0.73808885
16335428 0 0.5204415
28047751 8 0.40304044
35430748 7 0.38350904
18124403 7 0.55705446
15851134 1 0.62672275
31413441 8 0.38923362
13722237 1 0.642795
10796485 8 0.8474211
24921105 1 0.75416774
6608703 4 0.90022737
54948862 7 0.42726016
2507777 1 0.7308143
38306242 7 0.7018648
53533022 12 0.47897258
36275075 12 0.5121115
19976614 8 0.43422756
17555180 2 0.6369618
43962876 5 0.7383297
2498978 8 0.443804
18152523 4 0.6934389
21110008 1 0.9889961
50792406 4 0.50849015
21108971 2 0.3352006
57657493 4 0.89250445
10533775 1 0.77351844
30451389 9 0.30205157
18315050 7 0.5987717
45023619 1 0.54637295
24062347 7 0.48558748
16891019 5 0.6630072
20677169 1 0.6327828
54224094 7 0.4926187
8744233 0 0.49849102
11858456 7 0.4410251
18152913 7 0.6238812
21635084 2 0.35185176
7878327 5 0.28846335
37438566 4 0.67542344
32649030 4 0.5490036
36811450 3 0.85407275
36095878 3 0.6762766
37130900 2 0.43917346
42304640 1 0.6969082
48855287 7 0.9503049
48603112 12 0.48850632
12169566 2 0.74535906
22607121 4 0.7943219
20115661 2 0.50531566
56824629 12 0.63730305
36127150 7 0.62818706
8921251 2 0.35284477
36959118 5 0.705573
15654269 8 0.30203718
2928006 0 0.28908324
4113278 0 0.5575445
21569295 2 0.5356875
28806448 4 0.61686236
51731802 7 0.41966867
39393744 12 0.61980844
29755850 0 0.627023
46192045 8 0.48685795
41354190 0 0.9134014
46467702 4 0.49341097
40004037 12 0.9904737
23610077 1 0.57161623
1939289 4 0.62185544
43377862 2 0.4569463
10184960 4 0.51990086
15269379 1 0.86002755
52691510 4 0.584601
46312900 1 0.79286003
48324615 1 0.9466498
20322075 0 0.47654417
3009137 4 0.4244649
34439249 7 0.7096539
47929005 7 0.4362154
20286368 1 0.33750138
29785054 7 0.50468606
8927827 7 0.9889934
43363617 7 0.74700725
51225010 4 0.5657565
21512424 2 0.715181
24717558 9 0.6838122
5437240 5 0.65865993
46225327 7 0.44305155
57480082 4 0.52584386
4866772 4 0.5268606
5129498 9 0.6087303
1072540 1 0.31876755
10532346 1 0.656653
57362122 2 0.66478646
47689591 7 0.84353113
16898211 1 0.6099268
37395209 7 0.91790307
20321302 7 0.8671511
55633002 1 0.4411901
8876944 3 0.5388363
23767529 4 0.65915036
16122500 4 0.47992614
19388886 7 0.48756692
45756085 0 0.4783592
34543265 1 0.4881324
46592846 7 0.736804
41976038 12 0.36898306
23584990 8 0.6494062
27597451 12 0.6771403
2287123 0 0.40156412
13323184 12 0.7987986
4955081 0 0.48718274
50274899 7 0.6903528
6088276 3 0.42245817
44709193 7 0.9939082
28770426 1 0.90292335
13325125 0 0.6095265
37466430 7 0.71532446
10291383 8 0.68850553
12008954 2 0.93859005
5927164 1 0.7189409
9162106 12 0.43897003
29831759 4 0.45294574
6371775 1 0.3967514
8275592 7 0.5975611
56055281 4 0.6511813
54040140 0 0.29154795
16353133 4 0.6408596
21837463 1 0.70442533
18261740 8 0.27939403
7096990 8 0.41835994
47658389 7 0.5668144
16340015 12 0.60234714
11578684 12 0.53162163
23734019 4 0.67233914
34053868 7 0.74125636
20346174 1 0.80256927
9284074 7 0.97695637
19876179 8 0.590182
9250721 4 0.4056697
22113758 0 0.8341463
40549318 2 0.78264064
2756553 1 0.48765945
38859176 0 0.45221546
53952695 3 0.72192556
27244380 4 0.30750117
36228654 12 0.9698631
41502677 2 0.3998266
56602670 2 0.4282862
26719772 4 0.41311413
13024977 12 0.9566517
49827219 4 0.3765401
47461440 12 0.6573747
755994 7 0.7630884
25280110 9 0.27579346
5629681 8 0.40396687
25552754 7 0.43946704
10798187 4 0.57374585
44142220 9 0.47965693
9944090 8 0.62905633
14174486 7 0.55939335
7293226 12 0.44166973
24066318 1 0.5065349
15896134 4 0.6287088
44276494 2 0.49171203
51975566 3 0.61449754
16843836 2 0.44325373
21290975 8 0.42944354
12342890 9 0.4524183
13608286 0 0.6036346
26971590 7 0.68178564
10912921 3 0.4803568
22881211 3 0.40730658
35361252 8 0.38476753
28287256 12 0.97476804
34304570 7 0.50344753
16539977 4 0.7660501
32724331 8 0.3638438
41034539 1 0.941548
57327641 8 0.35538697
2720171 2 0.47777325
31273016 2 0.37176487
3278354 1 0.604412
1099547 2 0.34411436
27540914 7 0.8889922
48517333 4 0.34241807
19974548 5 0.47739425
13403469 0 0.39635068
52122684 1 0.3997367
32297559 1 0.627298
43476518 4 0.35000512
46683091 7 0.6278524
12096825 1 0.5741979
10326698 8 0.610052
14026768 0 0.4008973
14952702 1 0.3851517
43675083 4 0.6448031
29929144 1 0.6596544
39101228 7 0.7600413
12460700 8 0.6210707
25800291 7 0.85367095
57675115 7 0.39451066
14906574 0 0.3890235
15502443 0 0.60479313
50445252 1 0.9353665
53415897 8 0.32696128
55369400 7 0.9881715
17266787 12 0.98581976
9141047 12 0.64976597
8022321 2 0.7507148
6883633 12 0.9303093
32438746 2 0.6103237
48661233 12 0.9450564
29576642 12 0.26083177
27327365 1 0.7335255
41036448 8 0.4838624
31390784 1 0.6706781
30270297 4 0.4622377
14784962 7 0.8781227
9406840 1 0.45256132
26852110 8 0.27392
14193166 1 0.430571
45220584 12 0.5036284
33099687 4 0.51245946
2154976 0 0.33384237
26113690 4 0.48532245
32975554 7 0.31719676
13855789 4 0.36641657
56217051 1 0.6256923
54496958 8 0.5567499
4453822 5 0.85219526
47550347 1 0.82005507
56509552 7 0.78418803
29874150 7 0.5046659
18850473 7 0.7938145
25634856 12 0.6972681
791694 4 0.572625
34234159 3 0.59445405
29718686 7 0.9176754
23178113 7 0.8833137
50897458 7 0.9335841
4836467 1 0.520856
34752186 2 0.66299886
42561072 1 0.77529377
30001059 0 0.60957414
50336891 7 0.62512904
26345175 2 0.5126212
24296728 12 0.6719079
48460655 4 0.46497667
18290915 7 0.96097267
17517696 7 0.8488827
3936117 0 0.8806569
10861211 12 0.5831626
2238107 0 0.84749806
6772465 1 0.32772958
7725993 2 0.6113373
28859058 12 0.8885677
3969047 0 0.39052528
11886262 1 0.60736036
17974156 4 0.82413954
19791859 1 0.43868488
39480281 7 0.4375109
35626119 1 0.45416182
20133502 7 0.94030356
27317330 12 0.8261299
18273899 1 0.745649
44246967 7 0.8531148
38313916 5 0.9121465
22479098 1 0.8401809
45118261 9 0.47600275
15761687 5 0.78850704
23143485 1 0.6006791
48045927 2 0.5669899
16652246 4 0.45976964
41907011 1 0.6431728
16245943 2 0.52897376
42114829 3 0.52970815
36500014 4 0.51343936
26974148 1 0.6279441
38883454 7 0.7239533
38827738 1 0.29940972
41011361 1 0.5620327
14421951 5 0.922668
10942389 4 0.66196257
11186502 0 0.7063497
34042899 7 0.7937883
19651159 10 0.29755756
26495274 12 0.9819095
29801425 2 0.49038893
30863050 1 0.82415706
21266761 1 0.8999549
57644295 4 0.64504796
57302437 4 0.9868411
30587239 2 0.47156015
35145173 12 0.6862207
46444137 7 0.33011645
45211765 1 0.63115865
31984750 1 0.5158794
19792056 10 0.7694001
36604601 1 0.77637506
22360222 7 0.9536777
36821430 3 0.4341813
46995946 7 0.94658995
19394151 4 0.55458915
2489379 8 0.42569616
19833592 4 0.59281164
18765362 7 0.96704835
52699696 0 0.44913104
33684774 2 0.64090663
47093199 7 0.6788427
16585609 1 0.49471754
10397334 4 0.41539064
55231737 7 0.9190267
45737699 2 0.83032805
36421217 8 0.6094679
3810058 1 0.32457173
54292269 0 0.326607
3542412 0 0.4989035
9752045 0 0.79446816
40554460 4 0.6808672
46281254 7 0.84230053
31403065 1 0.6007323
55249755 8 0.35598877
12332499 1 0.8459713
20856001 2 0.5761742
56260518 1 0.3626489
29218442 2 0.79182124
53902588 4 0.8841102
6263060 4 0.6603858
30339698 1 0.6138386
3750164 4 0.7940962
23024586 4 0.54312503
18855500 3 0.578605
7010211 8 0.28559914
28477637 12 0.6285984
43911379 5 0.6267439
31663112 7 0.6798898
49685102 7 0.60202026
10765860 8 0.39709604
12544986 2 0.8266111
29749401 2 0.6261803
21218875 12 0.3562348
12660851 0 0.4281519
12180552 3 0.82484293
9494869 7 0.399632
36879533 7 0.9038483
40542628 2 0.36237478
28249887 7 0.45917037
32069132 0 0.52736604
10790294 9 0.5465888
38585334 3 0.40477473
11612473 8 0.34766495
47094493 1 0.44516295
53394102 7 0.82424647
32575915 12 0.93982863
26425933 1 0.5938037
17087601 4 0.6879467
7796058 7 0.41220286
55350079 12 0.4618606
10060218 4 0.39368826
13659613 1 0.90047896
24684286 0 0.6220905
28845263 7 0.8709593
133546 12 0.62558776
39308461 12 0.94253653
47496912 1 0.868439
20208671 1 0.72527236
57489944 4 0.42064747
8794588 1 0.29055813
27783031 3 0.84708285
31185407 7 0.987897
5665698 7 0.9633236
3468268 0 0.67538464
14371263 1 0.69555897
14107880 4 0.49394402
43624389 12 0.96937615
57281575 1 0.46264818
38269867 1 0.87719387
25233992 7 0.98835045
18576940 7 0.8210647
18546244 0 0.49197203
8397181 1 0.693221
50274852 1 0.46944803
47314544 7 0.9009723
53885590 12 0.57951015
30175436 1 0.9896624
43790660 3 0.81754464
9889492 2 0.32835984
43743250 8 0.7091631
8220729 5 0.8436331
32791485 2 0.60388607
26369314 0 0.78507185
25673225 7 0.96228075
10727133 7 0.83538145
9136639 2 0.46920305
35470136 12 0.84906197
7700400 0 0.8307426
29855538 1 0.48291734
1161157 0 0.6343101
10494617 0 0.48464623
26218495 3 0.8844679
29970497 1 0.6839934
6104841 12 0.60333836
11135178 2 0.9185923
691223 9 0.8895884
21194431 9 0.35325667
8552372 12 0.46736568
33599531 4 0.5633782
26785606 2 0.5130495
25660837 7 0.28021353
12981125 4 0.5127909
26088194 2 0.39020798
40061815 3 0.7667785
21724553 4 0.4410795
17969695 7 0.75533265
43197676 12 0.7213361
38715364 1 0.6043818
53043930 4 0.95955
6053412 4 0.36860442
17766550 5 0.9032326
31678983 7 0.55121
3303155 1 0.6264851
43924706 7 0.80739576
33427033 7 0.8135754
46867766 4 0.74327403
52578718 12 0.92382133
15375854 7 0.9519281
7781069 1 0.68874466
15664792 8 0.33807737
8778010 8 0.78733474
18617436 7 0.434994
21596980 2 0.74001235
35182334 8 0.61244863
50087909 0 0.42425603
28485190 4 0.6275163
15337432 3 0.6620151
32397885 1 0.8148959
41885964 2 0.5943549
5715063 8 0.66447943
20729137 0 0.72856426
29951671 12 0.5985638
51242721 1 0.4102139
10034877 3 0.47939566
23608822 8 0.6715406
29939204 3 0.8052157
34968670 2 0.60162735
56217725 7 0.38484305
55976996 12 0.6116092
38949576 1 0.48809773
53138067 7 0.6606635
26074628 4 0.48485568
5900478 8 0.5440147
54750876 5 0.7499269
24990455 7 0.7753923
30904838 0 0.26339582
39157529 7 0.538391
10472697 8 0.6639665
42072835 12 0.38990065
41166132 4 0.6281139
53977428 7 0.85411125
51058946 7 0.51606876
56925996 4 0.47933814
55974853 5 0.865806
17153043 1 0.71864074
5148210 8 0.7576854
34174274 7 0.54387665
44662487 12 0.88267785
23436812 9 0.41844523
41099140 10 0.32343188
50250491 4 0.39679864
21882115 7 0.5116359
35420538 1 0.5197707
30720414 7 0.56813926
16323575 4 0.75419897
19383966 4 0.70359814
6212430 1 0.6491693
36424909 8 0.7086031
1738715 8 0.53606915
18941072 2 0.89005923
57066759 1 0.79953843
29279869 9 0.48016787
44155498 1 0.5707997
47526767 4 0.5643366
46968464 7 0.63705075
48112905 3 0.5933504
19865327 7 0.40431467
29639055 9 0.52304715
33393719 2 0.374771
14343851 12 0.88564414
4765512 10 0.39019725
55033349 8 0.5371344
23037970 0 0.35901794
7622617 8 0.60081536
15400290 12 0.9896561
18411637 8 0.36809647
39469025 4 0.5399462
24288557 4 0.6060555
19578253 7 0.97183096
53174571 0 0.3281309
53690728 7 0.8141868
37635692 8 0.7394
55666171 7 0.6509939
22861325 1 0.4519717
25125165 3 0.40833372
55435087 4 0.9333217
3956775 9 0.49124545
12270141 7 0.7629341
57688134 1 0.3918764
6921920 4 0.5756286
23176439 1 0.8639456
6214863 0 0.5945685
28042363 3 0.5487074
2613708 1 0.9154914
28680602 12 0.98173845
1139489 4 0.62466294
14291325 7 0.30200177
6293170 7 0.659084
24188013 2 0.35933143
53613181 12 0.7879837
3382147 8 0.42111808
39593800 7 0.7824257
51364752 3 0.84304804
49701186 1 0.5345523
33182925 4 0.81269586
37369020 7 0.49400404
11783781 2 0.758512
6844987 8 0.8723201
35591102 12 0.7891786
28926530 12 0.50721514
10829030 4 0.37677956
14291244 9 0.5797478
18155559 1 0.8445165
26151518 2 0.8834216
29682023 4 0.55918854
51453570 5 0.7905344
4468605 7 0.37823367
36849587 4 0.5448551
53716919 1 0.5253876
4882186 8 0.71859473
11678392 4 0.7363524
44431290 1 0.33824143
52609063 12 0.87985885
40710978 7 0.6521202
57334915 7 0.80824244
46561517 0 0.40793294
13321993 7 0.722449
38493524 7 0.96162295
2789182 2 0.33388177
56745627 12 0.9174033
11408240 1 0.67298996
46322246 2 0.516897
18214950 1 0.39536843
47353344 1 0.6251838
56515920 12 0.49759218
31426648 0 0.4789132
57181870 12 0.9545098
26512545 7 0.72802824
29565184 0 0.6631266
50127910 7 0.7644279
49867330 7 0.8531702
31504984 12 0.94544697
21327299 1 0.7307393
21820294 1 0.75104177
16943647 4 0.67040503
37470481 9 0.49801752
21501002 4 0.36445424
29545544 3 0.4139286
3092745 4 0.4973768
28017858 0 0.7413794
5231242 8 0.4848497
11178321 0 0.7420063
6616259 4 0.45077303
15947057 7 0.3087219
7527509 8 0.5037031
37905722 7 0.9466647
24833226 4 0.5156489
50883780 7 0.6843876
29805785 4 0.71211344
39485703 1 0.8389741
34403105 7 0.56190056
12020106 1 0.45191377
38764600 7 0.83258116
45955138 2 0.3424631
4124182 8 0.60706395
17861042 0 0.7698833
6589243 12 0.6905124
646086 8 0.66934454
24102105 0 0.33710122
40131661 8 0.45242438
9158019 7 0.5375789
33319758 2 0.77891254
27581098 12 0.9854175
47645552 4 0.50186634
7810036 12 0.76203877
53581664 1 0.28852358
16522621 4 0.93339187
25272722 0 0.67267394
45534101 2 0.654172
20010711 2 0.5404227
29094986 2 0.6049731
13612199 2 0.5813607
44950546 2 0.7775276
15754582 5 0.34095624
4513155 1 0.6666709
16224184 1 0.47079805
3549459 1 0.50706154
32543721 4 0.38867527
25416089 2 0.58646244
31697261 4 0.37536418
15137857 7 0.9020961
10774287 9 0.30985132
51652960 7 0.62180907
10701566 1 0.87562764
26011760 1 0.69541335
2563073 4 0.68219167
2486887 0 0.67348534
5136279 7 0.74232197
24318229 7 0.5050151
47429340 12 0.9786065
27006161 12 0.74013203
15945830 8 0.5337078
34794272 2 0.81436527
7544075 2 0.43491182
19163484 3 0.34389955
2228860 7 0.43986875
6524062 7 0.5014393
53587932 4 0.37931347
5785746 5 0.48730353
42650017 1 0.3554816
9303911 8 0.7460121
9380856 1 0.87634367
1249413 8 0.36628506
44395291 12 0.5001871
12885680 1 0.2997616
43985322 2 0.5470436
53877718 7 0.4902607
31034781 1 0.8932045
22873010 0 0.4633577
12324954 4 0.816241
39083890 1 0.26784512
49451395 1 0.5563475
24279402 12 0.5665908
26827867 7 0.7841094
15169387 0 0.5682831
15032338 1 0.8624229
22304631 12 0.7075442
27907809 7 0.7390145
25916096 7 0.76676685
11207082 8 0.62989
55567299 3 0.6950249
25946462 7 0.8656732
5988835 7 0.7372876
53208631 0 0.6455003
18503993 2 0.92510754
40794640 4 0.7409693
41726085 1 0.40943924
16851948 5 0.8603797
1734469 0 0.5007142
46939673 7 0.987058
14864202 12 0.9585306
12226283 1 0.8164473
53277768 4 0.9073506
30494684 4 0.46158925
9434265 7 0.47841284
1149191 0 0.5928843
10906524 1 0.5260235
19856739 1 0.75339264
40711549 7 0.6423338
9304680 8 0.6015479
52587179 1 0.27699354
22146099 8 0.7120938
12613232 12 0.7621597
43089242 4 0.45579585
38548184 8 0.4894915
7698488 4 0.6145334
52619332 7 0.87383485
29406857 0 0.30302277
53408547 3 0.844555
9363347 7 0.82960624
11878271 1 0.6217419
35463204 8 0.49941823
24505134 6 0.30840695
2443166 12 0.8994371
45590205 0 0.7280016
7711960 1 0.8138848
5670256 0 0.66689986
47181133 7 0.459602
51361375 9 0.36897373
41091816 1 0.48527056
30526875 7 0.52465105
18229078 3 0.66459787
18264465 7 0.73217094
56821662 12 0.6646836
42997678 12 0.8875202
18956655 4 0.7270516
40098170 5 0.6976073
44355901 7 0.9790163
22712162 8 0.3621072
37115584 0 0.6602794
42508367 7 0.74588716
13384631 1 0.6987822
56074898 2 0.3065929
42202121 2 0.63218874
40482862 7 0.64051217
23686910 7 0.53098905
21864682 8 0.7510354
25287142 7 0.33912966
41277890 12 0.63240355
49871236 7 0.9701244
22504467 4 0.6625738
6343871 5 0.8822027
10699813 4 0.47460422
36382514 7 0.86636376
38656703 0 0.5595808
23872249 4 0.6090628
38519886 4 0.53044677
54334633 1 0.58805186
24658074 9 0.38767412
16146432 4 0.6310128
48566724 2 0.34642467
5862441 1 0.52773654
40812836 4 0.4157656
36240279 8 0.39627302
40049751 5 0.9076812
2166532 4 0.4465221
48040206 8 0.5810104
50922626 1 0.26063937
37546393 4 0.9051306
19862507 2 0.6992357
24303558 4 0.63427556
57072245 4 0.4784861
16301031 4 0.6108741
14008879 7 0.6370224
44454582 1 0.875471
21651045 12 0.85352933
47269396 2 0.34265488
11081645 0 0.3831324
41040900 4 0.49389118
46883807 12 0.33262026
50413349 9 0.690009
34175409 12 0.9875016
19443593 1 0.6393556
11811356 2 0.7309436
17517156 7 0.780993
27089607 7 0.87109417
18915964 12 0.37267953
23149615 12 0.9110502
25794408 9 0.53942615
40342066 7 0.6049969
16560720 7 0.7421158
40618523 8 0.6792142
12032971 4 0.79949987
48130985 8 0.39987502
9607516 3 0.53205514
40867812 4 0.41012526
55329974 12 0.7844704
30075249 4 0.70481247
55265750 0 0.37589502
10274902 5 0.50886333
7937715 7 0.6640793
17538169 2 0.40716287
19015248 1 0.29006472
10988369 0 0.3576141
556194 12 0.9816688
36552130 8 0.4232415
32664368 12 0.7455694
32569597 0 0.65627706
27558625 7 0.7224039
36996572 4 0.43379924
38120724 2 0.42455333
10448035 4 0.79435676
58174371 4 0.5454078
58130194 7 0.3464893
59476128 2 0.46015382
59169560 7 0.63120866
58931983 12 0.40626487
58864535 7 0.88128024
59038009 4 0.5576683
59110811 7 0.87331617
59231745 9 0.46688858
59016989 4 0.6378383
59252913 1 0.5243842
59253431 7 0.5564787
59254543 12 0.9486734
57852647 3 0.55622333
58054474 1 0.449011
59063383 7 0.3421247
59435707 7 0.65362906
58443837 9 0.50581574
58446354 9 0.6949576
59085764 7 0.3084158
59022518 2 0.77313757
59023601 9 0.49117953
58986990 2 0.59255207
58003919 7 0.9714057
58009903 9 0.45731488
58218797 4 0.7357877
58653485 7 0.585183
59457584 3 0.7868895
59461389 7 0.96626645
59144689 2 0.42203802
58843687 12 0.9304805
59194425 12 0.6950568
59316935 12 0.91417503
58772060 12 0.94892347
58072386 7 0.81045175
58674949 4 0.37289366
58600161 9 0.6345202
58712835 4 0.6593897
59042566 12 0.96435094
59538281 0 0.40443623
58045543 2 0.33174685
58046595 1 0.6143399
59569225 7 0.7044954
58919056 7 0.66742533
58921625 5 0.8285166
59112701 0 0.48748034
57892059 1 0.9761869
58645830 7 0.9773535
58393307 7 0.5195523
58760329 7 0.63059205
58835731 7 0.4768259
57758750 4 0.4422588
58823814 7 0.5563959
58782845 7 0.50509846
58791027 7 0.7382402
58504322 7 0.9799849
59496196 3 0.32435107
59498702 0 0.3723849
59421103 0 0.95620954
58302636 1 0.46991885
59513584 7 0.3863847
59387283 5 0.72663504
57783497 7 0.33550826
57790909 12 0.5512088
59569225 7 0.70036733
59724163 7 0.5619114
59732491 7 0.5104192
59737801 12 0.95456433
59800978 4 0.48984405
59894931 0 0.34096977
59909231 4 0.36010063
59917834 7 0.89552975
59931316 7 0.6338095
60130077 4 0.4201472
60172959 0 0.8515392
60199611 7 0.7973322
60206878 5 0.7499101
60217800 7 0.9528987
60231881 7 0.6988735
60262243 0 0.7193933
60316347 12 0.50386006
60340213 12 0.555625
60406682 4 0.46866143
60415342 4 0.65381795
60426851 8 0.7012964
60457328 7 0.41645685
60509725 1 0.8821184
60534675 12 0.9878183
60543989 7 0.5315009
60571272 1 0.28186968
60609762 2 0.49125645
60695451 7 0.7841508
60764655 7 0.46213594
60853149 7 0.71113664
60870411 3 0.49222898
60876864 9 0.607909
60910280 4 0.4291202
60926336 5 0.8065929
60977842 4 0.91679484
60982479 1 0.6923067
60984946 0 0.4638709
61034369 12 0.9441393
61110652 12 0.82443845
61162400 7 0.5357979
61206529 1 0.7582684
61226988 8 0.6628333
61285554 7 0.7153776
61345886 12 0.9473704
61423202 4 0.652579
61426766 12 0.6743893
61444570 7 0.8409554
61451424 9 0.47743866
61492624 12 0.9729188
61508548 1 0.6385477
