55042749 0 0.7124355
44556251 1 0.7023821
53863032 1 0.35069638
42340696 7 0.4499409
56571127 1 0.65960634
44295642 1 0.37427
41106804 7 0.6272102
52199464 1 0.9801533
55443260 1 0.8451696
48740031 0 0.77302474
42951407 1 0.5434443
52934664 0 0.91310966
57041049 7 0.9472476
41505441 2 0.68031025
56510745 2 0.98214614
57309186 3 0.73143214
36594516 0 0.43838856
54542737 1 0.55782807
57079956 4 0.4779739
50828925 1 0.8100055
41671267 4 0.7002644
45350082 0 0.54715925
54900325 1 0.7362549
53114896 2 0.99048465
48430224 1 0.6324723
51890443 2 0.94517136
51950197 0 0.89754826
44429553 7 0.72589
52452063 1 0.67775476
34380690 0 0.48196676
50330898 0 0.8807914
40589605 0 0.34389982
55849585 0 0.71254826
38848637 5 0.9718774
34415725 7 0.32274956
55916727 7 0.51057535
46617883 2 0.4216647
57030530 7 0.6311061
45840365 5 0.53022796
57734178 0 0.99007577
55519768 2 0.56916595
53867515 0 0.62605506
45955037 3 0.76289237
43900996 1 0.8802698
49327138 2 0.8572607
56718300 0 0.99054796
45319682 1 0.658502
44851822 7 0.57597005
46815831 7 0.9330104
48435113 1 0.47871998
53196110 1 0.4306513
38593515 5 0.71373725
47872261 7 0.9889775
47828746 1 0.6163295
47517532 0 0.82863104
41768043 1 0.41452768
49897545 1 0.993928
41095744 1 0.5781534
53457214 4 0.6610695
55810146 6 0.90248793
51131887 0 0.82615674
56356344 0 0.9892474
58531299 2 0.66215444
59128925 0 0.99604094
58339849 7 0.54802954
58018588 2 0.987343
57956106 1 0.50179917
57748162 0 0.67044157
58995189 0 0.99305296
59514409 1 0.63997865
59684242 7 0.653469
59730441 2 0.9781067
60026721 2 0.5581498
60186073 0 0.79432255
60245145 4 0.8752633
60390967 1 0.601173
60508473 1 0.9785501
60578019 1 0.36869514
60668998 3 0.8626623
60675465 3 0.5153998
60676476 2 0.6787622
60705025 1 0.9867878
60741659 0 0.51034635
60779522 6 0.55758715
61133880 3 0.48992753
61203442 4 0.645644
61351688 6 0.4327105
61470684 0 0.6583816
46489915 7 0.7641
53587270 7 0.979955
40698930 1 0.50780433
41494984 7 0.4786506
43319612 7 0.6281331
56943443 5 0.358211
51682059 5 0.985509
39560189 7 0.60162276
51551900 3 0.62010163
51226877 2 0.3521943
40468553 7 0.463508
46981959 6 0.69362235
47798208 4 0.40793246
38239883 3 0.49348348
50452136 7 0.9810768
57357275 0 0.9753468
42713804 0 0.35846627
55477352 1 0.71462256
41569625 1 0.9893927
54338220 2 0.5105634
57237622 6 0.39488783
54218186 7 0.8702388
48251825 3 0.97650605
55708410 7 0.9861667
50244736 7 0.7971318
51073985 4 0.6853166
48654595 3 0.46626648
46529540 0 0.589707
37490963 2 0.99407434
57009741 7 0.9848775
50236065 7 0.34623635
49058895 5 0.54617536
54426392 4 0.66904056
49942415 0 0.79672295
49786525 3 0.42162097
53504570 7 0.98635733
51081308 1 0.6290817
39019430 0 0.4514242
43132132 7 0.52670765
53095599 6 0.99053466
35430552 3 0.90668255
32680394 6 0.44787318
57409325 3 0.58318025
54287013 6 0.7884943
38456120 3 0.99180114
55810900 4 0.98503196
50929323 6 0.37419167
51952055 2 0.59525305
46070241 0 0.7890093
44240027 6 0.4037722
53903106 6 0.55075043
32203063 7 0.7649464
20759532 3 0.9952501
37679768 3 0.499275
43069719 1 0.7207187
54548477 5 0.6710074
57725576 0 0.5035151
39393414 5 0.6968335
49958277 1 0.5361601
48741977 1 0.68722934
57273657 6 0.55701995
45278430 5 0.54708743
52194366 1 0.5758199
39781074 2 0.97964877
31639214 3 0.99633706
54578246 7 0.9852829
43004016 1 0.5512435
56180672 2 0.9871844
42731588 7 0.4378511
56036279 1 0.7750167
43943001 6 0.7567633
56402372 3 0.3641753
49759410 1 0.82853174
49537471 7 0.3472289
40660077 4 0.34438235
53837133 7 0.6633779
50529091 7 0.9795952
53456036 1 0.48667806
33684634 6 0.4253438
55321867 4 0.59674144
35960224 1 0.49458542
43126039 5 0.55266243
47576863 0 0.82939696
53723962 2 0.8947474
42518230 5 0.45010158
53836196 1 0.7596313
51587719 0 0.53872865
52450921 2 0.9160736
49768869 0 0.98922676
46403910 4 0.4781075
43788131 1 0.9987785
46401797 5 0.3655738
56994425 3 0.34669992
53565601 0 0.62867916
48927792 7 0.64066815
44570311 1 0.5133384
55268058 0 0.38560724
56033353 0 0.67397547
45446054 0 0.5206517
56697663 4 0.9738058
43628468 5 0.49740282
39406933 4 0.6053742
55193378 2 0.5744937
38761388 2 0.5295258
47720401 5 0.60752153
54639813 6 0.9897582
40885238 7 0.82865745
40253008 5 0.4770942
52043495 2 0.9913344
55375863 6 0.30797833
46862239 2 0.9877021
36610553 1 0.44666442
40099186 7 0.7548467
47367149 2 0.8492766
41243410 7 0.34059155
41503340 5 0.5544628
48562371 0 0.5767749
52804167 2 0.9902683
45037738 0 0.8862391
56585885 2 0.37006202
56625587 1 0.99607193
48258317 1 0.33617175
24968276 3 0.42978877
53524990 7 0.61300004
52183950 6 0.71606433
37821737 2 0.4168855
54543410 7 0.4049298
45297151 6 0.99036866
51864517 7 0.64291006
50540825 1 0.5423231
55294227 4 0.6805722
40347735 5 0.6447528
46113163 5 0.45877105
54525342 7 0.52786183
55473241 4 0.3828565
56079525 6 0.2802105
47846449 7 0.8101223
46680602 0 0.9892405
46642143 7 0.4280478
54407010 7 0.48147088
29918324 3 0.99763185
57580076 0 0.60774964
54341802 7 0.4124297
37036548 3 0.6241211
55403566 0 0.6228801
51798595 2 0.2786234
43888117 3 0.77515286
46279765 0 0.8572419
54630124 1 0.98691416
42362357 0 0.812881
38181319 5 0.3845522
56861367 6 0.98971295
54446418 2 0.9844479
49932318 7 0.5132327
52958269 5 0.51297945
57247801 6 0.7339742
50579208 2 0.9365397
47162158 1 0.5000229
21692713 5 0.484957
47368491 6 0.9410051
33792978 4 0.98659575
45589039 0 0.5475266
52769244 3 0.4022214
49814241 3 0.81094503
52075138 7 0.6446753
44474288 7 0.8130457
52696352 3 0.6497271
35876697 0 0.9092566
41450568 7 0.7926186
51782242 1 0.66518843
50108017 6 0.5802518
54844839 3 0.5673462
55451304 2 0.49177647
57454185 0 0.5969937
40985249 1 0.43610835
56354037 7 0.47846454
52441438 7 0.59800214
43256712 4 0.52265024
47252742 1 0.70750815
54041023 6 0.35580617
57391393 7 0.9807428
51120494 4 0.7510742
56439706 1 0.5441405
46393358 0 0.65232694
33768655 2 0.84194654
45183352 7 0.4334534
17007837 3 0.9763715
21522402 0 0.7094141
53972780 3 0.5370875
39768147 7 0.5594331
41967950 7 0.5948262
51147693 1 0.50411236
45752210 2 0.9002546
36932238 5 0.86186564
50926331 7 0.6779592
46552569 5 0.6126198
57032137 1 0.9863338
47222793 1 0.839955
35991529 3 0.6007394
55261812 5 0.74169767
48333862 3 0.8662304
56285744 0 0.8210513
46329609 6 0.5824319
54741647 1 0.6864084
50691547 4 0.47744524
38206232 7 0.5396313
40098030 3 0.8766986
43659980 4 0.30101982
47203717 4 0.98655486
38331194 5 0.98431075
47966525 6 0.72833425
24546317 3 0.68464804
43792854 7 0.6097218
23570377 3 0.9836932
54842370 7 0.98596805
56126968 2 0.6087398
46101023 1 0.981771
52105862 7 0.6572536
48798737 5 0.7322992
37919233 1 0.5740886
33813352 7 0.83728087
50292152 4 0.40775457
51785780 3 0.99419004
39524536 2 0.5574047
43740513 6 0.4723846
56396197 7 0.5159748
56485236 1 0.78146523
51362662 0 0.821042
46698509 6 0.52370197
47232518 6 0.40313932
38831527 3 0.44432542
52078468 7 0.54384726
56834918 7 0.53832287
46667338 1 0.45244157
55066157 1 0.9818729
41116405 2 0.8016533
39046486 7 0.46068758
42505032 1 0.7516745
57143335 1 0.8822779
43666098 6 0.69624084
49009702 4 0.7420609
57341610 2 0.49115124
39913517 6 0.8082622
40071172 7 0.44020313
56878552 4 0.6404453
56544315 7 0.55261225
45262905 3 0.60788935
40426831 7 0.478038
55881480 6 0.5244716
53878852 7 0.9826749
56166969 3 0.986657
49098412 4 0.4165327
54551115 0 0.83476746
55848070 5 0.6409022
43719968 1 0.48741132
42945073 7 0.7628591
57425443 7 0.7080727
55625467 7 0.9891454
49752784 1 0.9849217
47281313 1 0.87345886
43248087 2 0.77547014
56715594 2 0.657828
56566235 1 0.9228748
39842372 5 0.6408264
53482422 0 0.99159956
53039796 5 0.97511804
56626829 1 0.59093934
55166114 6 0.4758482
49513863 7 0.68938047
41605794 2 0.42206225
44288100 3 0.57781565
45363284 4 0.55229825
52344578 6 0.6784923
57144888 6 0.39344496
31634118 3 0.82382685
29475969 3 0.59803176
44601084 7 0.984536
41018976 7 0.59259695
40173311 1 0.63144195
50483010 2 0.40533918
40089419 0 0.57930785
47138223 6 0.400684
52953236 1 0.98047143
56720355 3 0.6387428
51897848 7 0.4499812
53787062 7 0.6609791
53656421 3 0.7176477
56457240 1 0.7314633
43388068 1 0.5437879
47502299 4 0.9739472
54317994 7 0.7132196
43850729 7 0.9729614
55688532 1 0.6714872
56280825 4 0.9877675
46383424 5 0.4508705
21224922 3 0.53033084
55929284 6 0.47202933
45415596 1 0.7237546
33830197 0 0.84443694
46354305 3 0.37661183
56531551 7 0.5369112
52818709 7 0.37024957
53057393 4 0.6439975
46679298 4 0.88666964
37685397 7 0.59474546
56384974 1 0.47102436
45711786 1 0.5473605
53376456 1 0.74101126
47411630 7 0.8018031
41873559 7 0.7919851
39808555 0 0.46027726
40979421 3 0.8724294
53002895 2 0.56085896
39483777 0 0.6471411
49753965 5 0.44354916
45617513 7 0.50519097
34735368 6 0.6813257
32050611 0 0.9357984
39182451 6 0.5897868
51711307 7 0.6722753
29561244 3 0.7234556
52064025 6 0.9760427
44371975 1 0.7566246
49401174 5 0.4102143
55196885 3 0.43126914
50909649 2 0.31659994
37576732 5 0.7823643
38671121 5 0.46216264
51803604 5 0.9922122
54017778 7 0.9852382
42739769 0 0.62138134
39244419 5 0.98984325
56055511 0 0.5519815
46713202 0 0.5254306
52256668 5 0.55852044
35247120 5 0.539589
38303065 5 0.98749286
52790929 1 0.6948981
16508435 3 0.45031384
53595827 1 0.480938
37332204 2 0.54293525
56350175 7 0.5517261
43538359 6 0.5176101
46505582 6 0.99710727
55527862 4 0.9292366
55883871 7 0.522198
51780751 1 0.8261032
43412945 7 0.85903037
51605331 3 0.9950189
53305435 1 0.72475296
50328865 4 0.9887966
50734437 1 0.9790687
48434968 0 0.6168095
48264880 6 0.34599382
56407518 0 0.6180264
50685971 6 0.5319805
50488975 1 0.990868
24935618 5 0.35754436
42560694 3 0.98426116
46557662 6 0.98402196
51446949 6 0.75868624
55230263 5 0.5052112
54219076 7 0.7216832
51035515 4 0.98739445
42605960 3 0.57424146
49978204 5 0.35830733
56153113 0 0.71205443
47982269 2 0.36942658
50282260 2 0.9895376
53373240 0 0.39675555
44087603 1 0.78909457
44002702 5 0.42219192
53301546 7 0.6401233
49536034 7 0.5129509
56135884 0 0.51649094
40744144 1 0.36175713
52602528 3 0.80956846
52775967 7 0.6709727
46005867 7 0.79855734
34974947 5 0.42357615
51208469 1 0.6237562
45575554 6 0.9936025
41461413 6 0.31873128
55695890 1 0.97391206
47075694 1 0.67798954
51163548 3 0.48313734
49256129 7 0.55060285
36917826 4 0.5770844
49553734 2 0.58422816
54057631 0 0.54042614
54556023 0 0.8078466
50523561 0 0.50593865
34467000 5 0.9900581
50178758 6 0.98395234
55591663 6 0.5214986
56460716 6 0.5743102
50984719 5 0.81600726
34873405 7 0.5379502
43713536 1 0.98753387
56121787 4 0.5718843
32741107 3 0.70401293
17273883 3 0.93622684
57372106 6 0.7150638
39384928 2 0.38011828
38088595 4 0.3005465
44290391 5 0.50766927
54181820 6 0.70809275
38861869 1 0.60475975
54878476 7 0.84225565
56552749 6 0.9890066
56461107 0 0.5078803
57164116 2 0.99021494
54608958 1 0.8430943
43915228 5 0.68392426
34363670 5 0.77057284
39858992 5 0.61189115
41972330 2 0.98699987
52097125 3 0.49780527
53312507 2 0.60430145
38805596 6 0.57593876
55193058 0 0.9761094
48993783 1 0.89299107
54193294 7 0.37870085
44113628 1 0.74440634
55565883 3 0.5373306
28098966 3 0.9855159
26427722 0 0.6751914
40438397 4 0.40117654
42677714 5 0.57482266
56106173 7 0.4745119
43435659 2 0.6076233
39500866 2 0.4685304
36486071 0 0.39658013
50618431 4 0.48808244
40766948 3 0.5929007
52530771 6 0.51692194
41158707 4 0.5032319
55462210 7 0.98191565
50728460 2 0.99548733
50861319 2 0.73877686
42922188 7 0.59263784
37835055 2 0.6898545
14774907 3 0.44970676
41886727 2 0.9833207
55444274 1 0.8135261
54034556 7 0.6285276
37927657 5 0.6007772
14751807 3 0.9970564
47642041 7 0.4123768
56935160 1 0.7737237
46666686 4 0.37570533
44978189 5 0.48411945
36196780 7 0.9879585
38038380 3 0.57357943
51432735 4 0.9404861
45658640 3 0.7344502
57202510 1 0.8761956
51636953 7 0.8429575
56038279 4 0.98636466
54766521 7 0.60600543
53775996 0 0.63560385
41525568 4 0.7126934
48622173 5 0.9803708
40431788 7 0.5452713
49372081 2 0.9901031
56626157 2 0.53890336
39188247 6 0.37917647
56075708 1 0.6386956
44794642 0 0.5905818
33685482 6 0.7866511
40579675 2 0.5032724
56053553 0 0.32165942
49753400 2 0.92226815
47242492 2 0.49925345
24572744 3 0.4078651
24558294 0 0.6490251
51510587 6 0.9810106
52219067 6 0.3873212
55090489 7 0.81715983
41962717 2 0.64240986
57117756 3 0.93427634
41956347 6 0.51667964
43305223 6 0.83680797
49735286 1 0.979125
42679253 7 0.8554344
56847085 2 0.8083844
41399058 7 0.49657586
51537355 4 0.55437577
42993830 1 0.69533825
57596446 4 0.7856428
50727036 6 0.72723246
48245140 3 0.9914141
56254354 1 0.47799772
42104409 5 0.97902536
24961163 6 0.4147204
56235245 0 0.36322635
34693364 7 0.7639565
56727286 7 0.9917439
55988124 4 0.888373
57389826 4 0.5341144
54239647 6 0.65459526
33011500 7 0.4626516
56386171 6 0.29744378
56629937 4 0.4147602
48625369 3 0.61760354
35764257 5 0.6163614
56588770 3 0.5921491
45889005 1 0.9801
14412164 3 0.7474599
51783771 1 0.6345244
49762369 5 0.60209626
54042708 5 0.9843248
56296136 0 0.72806966
49076033 1 0.69767773
40171563 0 0.7360499
48596572 7 0.9795674
54039031 1 0.9871245
52407483 7 0.9826343
54238071 7 0.5818901
54041309 4 0.66438395
48887181 4 0.50272906
49128058 4 0.6713997
49990482 7 0.9051301
55758791 6 0.53809524
41055489 0 0.44623798
28785143 1 0.58277696
57466677 7 0.8496038
47419921 1 0.9925783
46446026 6 0.5912943
46636460 2 0.5178
35298903 4 0.5396805
44146105 3 0.99421793
51141122 6 0.47460076
53770708 2 0.4213223
12874942 0 0.449064
47423801 2 0.986549
51850357 5 0.7538895
39855414 4 0.84215075
48825850 1 0.71112096
56958641 0 0.65150297
50365529 3 0.35508478
49757000 7 0.8871991
33685982 3 0.6649184
36577564 3 0.99347985
55659065 4 0.6129791
56845302 7 0.9749454
50935481 2 0.99020153
44798956 7 0.43554458
46301690 1 0.9963553
49809971 7 0.68004113
42710359 7 0.5558699
53267269 6 0.6365781
45915376 7 0.66864824
28069934 5 0.34897864
45303600 1 0.7760293
53902659 6 0.83875024
55990632 1 0.73907095
46589865 2 0.9921737
51784879 2 0.5450298
42254406 3 0.5018364
56517503 2 0.40167707
57125700 3 0.9960618
38847567 7 0.50632656
51559673 5 0.6697428
48317368 7 0.97439307
55479241 2 0.58695567
50955564 1 0.52077615
18306108 6 0.9122243
57272447 2 0.998246
49232781 5 0.9923207
46955312 6 0.7049843
48072711 7 0.9705809
31041988 3 0.39704835
56409713 0 0.98222315
49626479 0 0.9822137
44069004 7 0.6643509
42615760 3 0.3584511
57553534 4 0.9821021
38456695 5 0.51329947
46839847 7 0.55557257
45861592 6 0.62118554
57418364 0 0.73488915
55370325 5 0.7386033
49631745 5 0.6889269
47223897 1 0.9897456
53071886 6 0.48781613
50085994 7 0.56703
52783229 7 0.57258755
53613529 1 0.74133235
38168046 4 0.80221856
48685016 1 0.5182637
39567503 5 0.8892634
37430608 0 0.47497448
45156762 7 0.618145
56144924 1 0.6740455
47028951 2 0.6302698
47030786 3 0.5283722
53195381 6 0.4535629
41231176 7 0.53091717
39906054 6 0.99083275
47671797 2 0.43137637
50715335 4 0.92912567
51501882 0 0.9099228
44629786 4 0.98700184
46353399 2 0.43818474
27417107 6 0.8516835
52108319 7 0.5179291
55539700 1 0.6673003
53934081 6 0.51746255
53506022 5 0.69871265
52821423 7 0.88213784
51912733 7 0.6280742
40191385 5 0.48420733
55449644 5 0.69260985
42753566 4 0.7970196
44829563 1 0.99007964
48246655 5 0.5261194
46829629 7 0.5365848
44089871 7 0.5227653
12846533 3 0.7742774
31865473 0 0.5524342
47351970 1 0.5064086
56275860 0 0.7243833
54298640 3 0.95549214
56396988 1 0.80071247
59271433 5 0.9886578
58525047 7 0.68562436
58640684 7 0.38161168
58514269 4 0.6093291
58705644 2 0.93582404
59040980 2 0.9810819
59016476 2 0.55554575
59260138 7 0.98574054
57855349 1 0.387572
58563241 7 0.71597034
58861115 3 0.30815166
58265085 3 0.65074176
58061629 0 0.9793346
58729774 0 0.97455406
59032320 7 0.5779019
57980223 4 0.7619005
58338490 6 0.99210495
58069069 4 0.9782224
58776257 4 0.631373
58343779 1 0.93491614
58347864 1 0.4668284
59546708 1 0.6703826
58985688 2 0.54094243
59490988 2 0.8333618
58902305 4 0.9901018
57931337 5 0.57080877
59206806 3 0.98377943
58424862 2 0.78788453
59328357 3 0.4149707
58880851 5 0.6626895
58881549 0 0.5165178
58208439 4 0.9865566
57991156 7 0.5715995
58850612 5 0.61337537
58581670 1 0.59246033
58554920 7 0.43236968
58555170 0 0.7332016
57869522 0 0.5629874
59183145 1 0.9903293
57799872 0 0.65787274
58326975 3 0.5383677
58458308 6 0.66814905
59424518 7 0.63415766
59313098 1 0.6261394
59313928 6 0.5656504
59320270 7 0.44827
58251698 6 0.8595389
58186916 1 0.89180315
57961786 4 0.42281103
57767056 7 0.66183203
58601425 2 0.5211248
59409857 2 0.75695133
58537508 7 0.99367607
58434702 1 0.8567623
58440468 6 0.50583106
58493460 4 0.9860343
59276163 6 0.6583351
58918509 4 0.51293856
58194829 0 0.67515236
58906188 7 0.87514395
58824592 7 0.62775344
59135589 7 0.87138736
59390026 6 0.52194285
58282589 2 0.76328695
58001847 7 0.6883552
57791209 1 0.3850054
59630939 7 0.9738449
59643152 1 0.98219657
59682879 6 0.67465836
59686721 5 0.83505625
59718560 1 0.6075422
59793127 2 0.8278245
59837789 7 0.52580434
59846669 1 0.8085219
59860462 1 0.8347585
59872824 6 0.58727217
59903935 2 0.6036425
59926817 3 0.49111992
60041340 6 0.9949488
60052937 1 0.66875005
60062318 5 0.5077109
60063415 1 0.71002585
60088338 6 0.42293823
60096590 7 0.9797949
60110364 6 0.8713011
60137304 7 0.9889496
60145336 2 0.2625818
60146722 0 0.8421492
60170981 3 0.7623851
60203957 5 0.48565215
60224618 0 0.9910027
60241818 6 0.9906628
60243316 5 0.73596424
60243795 7 0.56400883
60277121 1 0.7495297
60287525 5 0.9779573
60292502 6 0.98701745
60346591 1 0.44130817
60347894 5 0.981847
60367946 7 0.40784705
60376412 7 0.8117444
60381986 6 0.4967554
60397071 1 0.76605004
60406762 7 0.6823929
60419395 3 0.40107018
60451337 2 0.45459008
60468481 2 0.43825832
60475091 1 0.55405873
60515278 7 0.9651184
60533631 1 0.72045904
60533902 3 0.56700504
60564057 0 0.5482535
60565082 0 0.99305916
60580140 1 0.50659627
60590314 3 0.48289865
60649795 6 0.9867105
60649935 1 0.9863912
60659201 4 0.5129247
60664912 7 0.52014726
60668616 3 0.6475851
60672412 6 0.76140004
60737236 2 0.9791585
60754927 0 0.5621422
60838434 1 0.6318211
60909217 1 0.8076849
60921639 4 0.7415676
61034727 5 0.83136684
61050977 1 0.9740434
61067406 2 0.92538744
61072054 7 0.8872994
61151919 7 0.5240281
61166421 3 0.59975034
61240248 2 0.57818115
61245701 4 0.5252031
61255126 4 0.86030626
61269160 4 0.74240977
61348799 6 0.7769913
61364475 6 0.5550436
61386536 7 0.9629346
61408577 1 0.98395133
61493286 4 0.8741356
61506221 7 0.558902
61513440 4 0.9831293
