[(0, 0.7124355), (6, 0.2673487)]
[(0, 0.28990293), (1, 0.7023821)]
[(0, 0.24559982), (1, 0.35069638), (2, 0.10321954), (3, 0.2961961)]
[(0, 0.29993406), (3, 0.1764575), (7, 0.4499409)]
[(1, 0.65960634), (7, 0.28699198)]
[(0, 0.33090183), (1, 0.37427), (2, 0.17034754), (7, 0.11262145)]
[(6, 0.30954075), (7, 0.6272102)]
[(1, 0.9801533)]
[(1, 0.8451696), (2, 0.13850516)]
[(0, 0.77302474), (2, 0.2124554)]
[(1, 0.5434443), (3, 0.17490329), (7, 0.2770706)]
[(0, 0.91310966)]
[(7, 0.9472476)]
[(0, 0.30234835), (2, 0.68031025)]
[(2, 0.98214614)]
[(0, 0.16281645), (3, 0.73143214)]
[(0, 0.43838856), (1, 0.4014956), (5, 0.15501258)]
[(0, 0.31826994), (1, 0.55782807), (4, 0.11788282)]
[(0, 0.42049384), (4, 0.4779739)]
[(0, 0.18228449), (1, 0.8100055)]
[(0, 0.25433782), (4, 0.7002644)]
[(0, 0.54715925), (5, 0.43546763)]
[(0, 0.25912845), (1, 0.7362549)]
[(2, 0.99048465)]
[(1, 0.6324723), (4, 0.3553927)]
[(2, 0.94517136)]
[(0, 0.89754826)]
[(6, 0.182821), (7, 0.72589)]
[(1, 0.67775476), (4, 0.23196837)]
[(0, 0.48196676), (4, 0.18112978), (7, 0.32335123)]
[(0, 0.8807914), (5, 0.1121987)]
[(0, 0.34389982), (2, 0.3146599), (5, 0.33494657)]
[(0, 0.71254826), (1, 0.28424904)]
[(5, 0.9718774)]
[(1, 0.19625111), (2, 0.16032454), (3, 0.2725957), (7, 0.32274956)]
[(1, 0.4523935), (7, 0.51057535)]
[(0, 0.11679359), (1, 0.3970088), (2, 0.4216647)]
[(4, 0.35258862), (7, 0.6311061)]
[(1, 0.43847883), (5, 0.53022796)]
[(0, 0.99007577)]
[(2, 0.56916595), (4, 0.4234623)]
[(0, 0.62605506), (3, 0.35430607)]
[(1, 0.22487424), (3, 0.76289237)]
[(1, 0.8802698)]
[(1, 0.13597375), (2, 0.8572607)]
[(0, 0.99054796)]
[(1, 0.658502), (3, 0.32620066)]
[(1, 0.41127124), (7, 0.57597005)]
[(7, 0.9330104)]
[(1, 0.47871998), (5, 0.42175266)]
[(1, 0.4306513), (6, 0.371818), (7, 0.18876427)]
[(1, 0.24631625), (5, 0.71373725)]
[(7, 0.9889775)]
[(0, 0.37170482), (1, 0.6163295)]
[(0, 0.82863104), (2, 0.16518427)]
[(0, 0.2615492), (1, 0.41452768), (7, 0.31930274)]
[(1, 0.993928)]
[(1, 0.5781534), (2, 0.1890747), (7, 0.21573281)]
[(4, 0.6610695), (7, 0.31822315)]
[(6, 0.90248793)]
[(0, 0.82615674), (1, 0.17079136)]
[(0, 0.9892474)]
[(1, 0.3310864), (2, 0.66215444)]
[(0, 0.99604094)]
[(1, 0.11059667), (2, 0.31736973), (7, 0.54802954)]
[(2, 0.987343)]
[(0, 0.48598817), (1, 0.50179917)]
[(0, 0.67044157), (6, 0.32267475)]
[(0, 0.99305296)]
[(0, 0.14985651), (1, 0.63997865), (3, 0.20596366)]
[(1, 0.34059253), (7, 0.653469)]
[(2, 0.9781067)]
[(2, 0.5581498), (3, 0.43681052)]
[(0, 0.79432255), (4, 0.1976638)]
[(1, 0.11357702), (4, 0.8752633)]
[(1, 0.601173), (6, 0.22088979), (7, 0.17041531)]
[(1, 0.9785501)]
[(1, 0.36869514), (2, 0.32270443), (4, 0.29027212)]
[(3, 0.8626623)]
[(3, 0.5153998), (7, 0.47546318)]
[(0, 0.31028953), (2, 0.6787622)]
[(1, 0.9867878)]
[(0, 0.51034635), (5, 0.47793558)]
[(0, 0.42331), (6, 0.55758715)]
[(1, 0.47191024), (3, 0.48992753)]
[(0, 0.33283988), (4, 0.645644)]
[(1, 0.30959335), (2, 0.24531259), (6, 0.4327105)]
[(0, 0.6583816), (1, 0.1789555), (2, 0.15229236)]
[(1, 0.2026914), (7, 0.7641)]
[(7, 0.979955)]
[(1, 0.50780433), (2, 0.18739894), (7, 0.2976779)]
[(2, 0.29598278), (5, 0.22018917), (7, 0.4786506)]
[(4, 0.19021931), (7, 0.6281331)]
[(0, 0.21861905), (5, 0.358211), (6, 0.12961031), (7, 0.20565496)]
[(5, 0.985509)]
[(4, 0.3790769), (7, 0.60162276)]
[(1, 0.35747784), (3, 0.62010163)]
[(2, 0.3521943), (5, 0.21259096), (7, 0.3408987)]
[(3, 0.30372286), (5, 0.14022256), (7, 0.463508)]
[(1, 0.28405976), (6, 0.69362235)]
[(0, 0.19351375), (4, 0.40793246), (7, 0.30538723)]
[(2, 0.3423323), (3, 0.49348348), (5, 0.1512843)]
[(7, 0.9810768)]
[(0, 0.9753468)]
[(0, 0.35846627), (4, 0.33732444), (7, 0.29734525)]
[(1, 0.71462256), (5, 0.26912418)]
[(1, 0.9893927)]
[(1, 0.4729265), (2, 0.5105634)]
[(3, 0.37243608), (4, 0.12313121), (6, 0.39488783)]
[(2, 0.11664186), (7, 0.8702388)]
[(3, 0.97650605)]
[(7, 0.9861667)]
[(3, 0.117429785), (7, 0.7971318)]
[(4, 0.6853166), (5, 0.2662324)]
[(3, 0.46626648), (4, 0.18759407), (6, 0.34021327)]
[(0, 0.589707), (4, 0.39937496)]
[(2, 0.99407434)]
[(7, 0.9848775)]
[(0, 0.1106565), (1, 0.24143599), (4, 0.29650068), (7, 0.34623635)]
[(3, 0.43765876), (5, 0.54617536)]
[(1, 0.32001555), (4, 0.66904056)]
[(0, 0.79672295), (7, 0.1922281)]
[(1, 0.27580598), (3, 0.42162097), (4, 0.24386786)]
[(7, 0.98635733)]
[(1, 0.6290817), (6, 0.23619832), (7, 0.12446134)]
[(0, 0.4514242), (2, 0.43255946), (5, 0.10606631)]
[(2, 0.45869648), (7, 0.52670765)]
[(6, 0.99053466)]
[(3, 0.90668255)]
[(3, 0.23280755), (4, 0.1881386), (6, 0.44787318)]
[(3, 0.58318025), (6, 0.40805706)]
[(3, 0.19965455), (6, 0.7884943)]
[(3, 0.99180114)]
[(4, 0.98503196)]
[(0, 0.2714403), (2, 0.34382567), (6, 0.37419167)]
[(2, 0.59525305), (3, 0.39140722)]
[(0, 0.7890093), (5, 0.19948357)]
[(2, 0.27762464), (6, 0.4037722), (7, 0.30050862)]
[(0, 0.43549952), (6, 0.55075043)]
[(0, 0.22191021), (7, 0.7649464)]
[(3, 0.9952501)]
[(3, 0.499275), (6, 0.4922738)]
[(0, 0.24605648), (1, 0.7207187)]
[(4, 0.31990433), (5, 0.6710074)]
[(0, 0.5035151), (1, 0.49179685)]
[(0, 0.29206082), (5, 0.6968335)]
[(1, 0.5361601), (5, 0.4511918)]
[(1, 0.68722934), (3, 0.29514897)]
[(0, 0.43602943), (6, 0.55701995)]
[(0, 0.28614676), (1, 0.14675865), (5, 0.54708743)]
[(1, 0.5758199), (7, 0.41186678)]
[(2, 0.97964877)]
[(3, 0.99633706)]
[(7, 0.9852829)]
[(1, 0.5512435), (2, 0.23017752), (7, 0.20360906)]
[(2, 0.9871844)]
[(1, 0.27963734), (3, 0.27345812), (7, 0.4378511)]
[(1, 0.7750167), (2, 0.20840533)]
[(6, 0.7567633), (7, 0.22297016)]
[(0, 0.28038424), (3, 0.3641753), (6, 0.35004935)]
[(1, 0.82853174), (2, 0.15859944)]
[(1, 0.30573407), (3, 0.17748858), (5, 0.16536343), (7, 0.3472289)]
[(0, 0.3167563), (4, 0.34438235), (6, 0.33033693)]
[(0, 0.15045598), (6, 0.17632289), (7, 0.6633779)]
[(7, 0.9795952)]
[(1, 0.48667806), (3, 0.48456922)]
[(3, 0.28066066), (6, 0.4253438), (7, 0.28385264)]
[(4, 0.59674144), (6, 0.39253727)]
[(0, 0.29470018), (1, 0.49458542), (7, 0.20236808)]
[(1, 0.11415629), (5, 0.55266243), (7, 0.31177485)]
[(0, 0.82939696), (7, 0.15608798)]
[(2, 0.8947474)]
[(1, 0.13710018), (2, 0.30958718), (5, 0.45010158)]
[(1, 0.7596313), (4, 0.22552834)]
[(0, 0.53872865), (6, 0.44778213)]
[(2, 0.9160736)]
[(0, 0.98922676)]
[(1, 0.45192274), (4, 0.4781075)]
[(1, 0.9987785)]
[(2, 0.31072822), (5, 0.3655738), (7, 0.30698472)]
[(1, 0.11376111), (2, 0.25129282), (3, 0.34669992), (6, 0.28069422)]
[(0, 0.62867916), (5, 0.23475814), (7, 0.12330122)]
[(5, 0.35017732), (7, 0.64066815)]
[(1, 0.5133384), (7, 0.4795465)]
[(0, 0.38560724), (1, 0.34087345), (5, 0.15123704), (7, 0.11645605)]
[(0, 0.67397547), (5, 0.21484818)]
[(0, 0.5206517), (1, 0.40964183)]
[(4, 0.9738058)]
[(1, 0.18300746), (3, 0.3021228), (5, 0.49740282)]
[(2, 0.114829116), (4, 0.6053742), (5, 0.27368096)]
[(1, 0.41076946), (2, 0.5744937)]
[(2, 0.5295258), (3, 0.24263622), (5, 0.12736759)]
[(2, 0.3799554), (5, 0.60752153)]
[(6, 0.9897582)]
[(2, 0.15737341), (7, 0.82865745)]
[(3, 0.4405788), (5, 0.4770942)]
[(2, 0.9913344)]
[(2, 0.20788608), (3, 0.18618846), (4, 0.29261962), (6, 0.30797833)]
[(2, 0.9877021)]
[(1, 0.44666442), (3, 0.4365475), (5, 0.102331564)]
[(3, 0.22636783), (7, 0.7548467)]
[(1, 0.13935953), (2, 0.8492766)]
[(0, 0.16522007), (1, 0.3138407), (5, 0.17053905), (7, 0.34059155)]
[(2, 0.22757839), (5, 0.5544628), (6, 0.207407)]
[(0, 0.5767749), (7, 0.40539837)]
[(2, 0.9902683)]
[(0, 0.8862391), (5, 0.104345836)]
[(1, 0.26382765), (2, 0.37006202), (5, 0.36069214)]
[(1, 0.99607193)]
[(1, 0.33617175), (3, 0.1830882), (4, 0.19205622), (5, 0.27125677)]
[(0, 0.24996972), (3, 0.42978877), (5, 0.15620647)]
[(4, 0.36632732), (7, 0.61300004)]
[(3, 0.222857), (6, 0.71606433)]
[(1, 0.31124893), (2, 0.4168855), (4, 0.2520765)]
[(0, 0.24661176), (1, 0.34126952), (7, 0.4049298)]
[(6, 0.99036866)]
[(3, 0.34715337), (7, 0.64291006)]
[(1, 0.5423231), (2, 0.44732767)]
[(4, 0.6805722), (7, 0.2987891)]
[(2, 0.34697497), (5, 0.6447528)]
[(3, 0.33960772), (5, 0.45877105), (7, 0.18361598)]
[(6, 0.44232413), (7, 0.52786183)]
[(0, 0.26507708), (4, 0.3828565), (6, 0.33365774)]
[(3, 0.26493534), (4, 0.21131665), (6, 0.2802105), (7, 0.23228781)]
[(1, 0.14225374), (7, 0.8101223)]
[(0, 0.9892405)]
[(0, 0.29904103), (1, 0.26948318), (7, 0.4280478)]
[(1, 0.2611241), (3, 0.24600017), (7, 0.48147088)]
[(3, 0.99763185)]
[(0, 0.60774964), (4, 0.378095)]
[(0, 0.2720301), (1, 0.31328902), (7, 0.4124297)]
[(0, 0.36898196), (3, 0.6241211)]
[(0, 0.6228801), (6, 0.3712489)]
[(0, 0.25904492), (2, 0.2786234), (5, 0.20197909), (7, 0.25266322)]
[(3, 0.77515286), (6, 0.13664086)]
[(0, 0.8572419), (7, 0.13359343)]
[(1, 0.98691416)]
[(0, 0.812881), (7, 0.17199007)]
[(1, 0.23306414), (3, 0.36800012), (5, 0.3845522)]
[(6, 0.98971295)]
[(2, 0.9844479)]
[(1, 0.26873407), (4, 0.21365435), (7, 0.5132327)]
[(3, 0.47568798), (5, 0.51297945)]
[(3, 0.2583489), (6, 0.7339742)]
[(2, 0.9365397)]
[(0, 0.12580414), (1, 0.5000229), (5, 0.36647746)]
[(0, 0.30869567), (4, 0.19936994), (5, 0.484957)]
[(6, 0.9410051)]
[(4, 0.98659575)]
[(0, 0.5475266), (2, 0.39958432)]
[(1, 0.22465016), (3, 0.4022214), (4, 0.36398616)]
[(3, 0.81094503), (6, 0.17856255)]
[(0, 0.34683812), (7, 0.6446753)]
[(4, 0.17636018), (7, 0.8130457)]
[(2, 0.1943224), (3, 0.6497271), (4, 0.14812307)]
[(0, 0.9092566)]
[(5, 0.2000592), (7, 0.7926186)]
[(1, 0.66518843), (2, 0.31492913)]
[(1, 0.23812756), (3, 0.16760527), (6, 0.5802518)]
[(3, 0.5673462), (4, 0.41984192)]
[(2, 0.49177647), (3, 0.32739255), (4, 0.17389524)]
[(0, 0.5969937), (6, 0.395618)]
[(1, 0.43610835), (2, 0.14447437), (7, 0.4115978)]
[(4, 0.2777584), (5, 0.22650805), (7, 0.47846454)]
[(0, 0.2105692), (1, 0.14708877), (7, 0.59800214)]
[(0, 0.4694184), (4, 0.52265024)]
[(0, 0.27472693), (1, 0.70750815)]
[(1, 0.33898512), (6, 0.35580617), (7, 0.29215157)]
[(7, 0.9807428)]
[(4, 0.7510742), (6, 0.23307294)]
[(0, 0.2769926), (1, 0.5441405), (2, 0.17075706)]
[(0, 0.65232694), (3, 0.3437686)]
[(2, 0.84194654), (5, 0.14571844)]
[(0, 0.3360367), (3, 0.2189171), (7, 0.4334534)]
[(3, 0.9763715)]
[(0, 0.7094141), (3, 0.28352243)]
[(3, 0.5370875), (7, 0.4167182)]
[(2, 0.26317662), (5, 0.16726387), (7, 0.5594331)]
[(6, 0.38929865), (7, 0.5948262)]
[(0, 0.15596145), (1, 0.50411236), (7, 0.23969331)]
[(2, 0.9002546)]
[(5, 0.86186564), (7, 0.12993091)]
[(1, 0.21735476), (7, 0.6779592)]
[(1, 0.17398511), (5, 0.6126198), (6, 0.19376315)]
[(1, 0.9863338)]
[(0, 0.14330007), (1, 0.839955)]
[(3, 0.6007394), (6, 0.3916986)]
[(0, 0.24678344), (5, 0.74169767)]
[(3, 0.8662304), (5, 0.13048258)]
[(0, 0.8210513), (7, 0.16840565)]
[(4, 0.17236753), (6, 0.5824319), (7, 0.23008247)]
[(1, 0.6864084), (7, 0.28349298)]
[(4, 0.47744524), (5, 0.19103578), (6, 0.2588612)]
[(5, 0.1553857), (6, 0.28589332), (7, 0.5396313)]
[(3, 0.8766986), (6, 0.114894085)]
[(0, 0.21242741), (3, 0.20977801), (4, 0.30101982), (6, 0.26149955)]
[(4, 0.98655486)]
[(5, 0.98431075)]
[(0, 0.13513404), (4, 0.12602293), (6, 0.72833425)]
[(3, 0.68464804), (7, 0.3041796)]
[(5, 0.3763834), (7, 0.6097218)]
[(3, 0.9836932)]
[(7, 0.98596805)]
[(2, 0.6087398), (5, 0.12508719), (6, 0.250994)]
[(1, 0.981771)]
[(4, 0.16596699), (6, 0.17036618), (7, 0.6572536)]
[(2, 0.25831324), (5, 0.7322992)]
[(1, 0.5740886), (3, 0.15119554), (7, 0.26241228)]
[(5, 0.14789233), (7, 0.83728087)]
[(4, 0.40775457), (6, 0.20097972), (7, 0.38301155)]
[(3, 0.99419004)]
[(2, 0.5574047), (4, 0.15872817), (5, 0.27631417)]
[(0, 0.28598818), (3, 0.23084718), (6, 0.4723846)]
[(1, 0.27890733), (5, 0.19227561), (7, 0.5159748)]
[(1, 0.78146523), (6, 0.112801544)]
[(0, 0.821042), (7, 0.16631298)]
[(0, 0.12310719), (4, 0.33917418), (6, 0.52370197)]
[(3, 0.2791313), (4, 0.29628667), (6, 0.40313932)]
[(3, 0.44432542), (4, 0.4329875), (7, 0.113329805)]
[(0, 0.4228859), (7, 0.54384726)]
[(1, 0.2893612), (2, 0.16221544), (7, 0.53832287)]
[(1, 0.45244157), (4, 0.11524976), (7, 0.4237506)]
[(1, 0.9818729)]
[(2, 0.8016533), (5, 0.1919082)]
[(2, 0.31133947), (5, 0.21574083), (7, 0.46068758)]
[(1, 0.7516745), (2, 0.23136991)]
[(1, 0.8822779), (6, 0.10159693)]
[(6, 0.69624084), (7, 0.288554)]
[(3, 0.24233744), (4, 0.7420609)]
[(2, 0.49115124), (4, 0.4062132)]
[(0, 0.18147758), (6, 0.8082622)]
[(1, 0.21601906), (2, 0.22901586), (5, 0.10539909), (7, 0.44020313)]
[(4, 0.6404453), (6, 0.33805433)]
[(1, 0.13585396), (3, 0.2672921), (7, 0.55261225)]
[(3, 0.60788935), (4, 0.2914379)]
[(4, 0.1616909), (5, 0.34976298), (7, 0.478038)]
[(0, 0.1824201), (1, 0.12718377), (4, 0.16360192), (6, 0.5244716)]
[(7, 0.9826749)]
[(3, 0.986657)]
[(0, 0.13180014), (3, 0.29092956), (4, 0.4165327), (6, 0.14830554)]
[(0, 0.83476746), (1, 0.16267364)]
[(1, 0.18257338), (2, 0.16590881), (5, 0.6409022)]
[(0, 0.11351154), (1, 0.48741132), (4, 0.39157602)]
[(1, 0.2251921), (7, 0.7628591)]
[(1, 0.15175489), (5, 0.12876374), (7, 0.7080727)]
[(7, 0.9891454)]
[(1, 0.9849217)]
[(0, 0.119118325), (1, 0.87345886)]
[(2, 0.77547014), (7, 0.21831015)]
[(1, 0.2743698), (2, 0.657828)]
[(1, 0.9228748)]
[(2, 0.31409106), (5, 0.6408264)]
[(0, 0.99159956)]
[(5, 0.97511804)]
[(0, 0.14978795), (1, 0.59093934), (5, 0.1143971), (7, 0.1396117)]
[(3, 0.23788111), (6, 0.4758482), (7, 0.27376273)]
[(2, 0.29629347), (7, 0.68938047)]
[(1, 0.21923156), (2, 0.42206225), (3, 0.35077873)]
[(3, 0.57781565), (6, 0.4054519)]
[(1, 0.106470965), (4, 0.55229825), (5, 0.10167754), (7, 0.2195449)]
[(0, 0.15541069), (2, 0.15838951), (6, 0.6784923)]
[(4, 0.25014707), (5, 0.33998787), (6, 0.39344496)]
[(0, 0.17351602), (3, 0.82382685)]
[(0, 0.29884326), (3, 0.59803176)]
[(7, 0.984536)]
[(0, 0.3934638), (7, 0.59259695)]
[(1, 0.63144195), (5, 0.3526478)]
[(0, 0.2579877), (2, 0.40533918), (7, 0.3313227)]
[(0, 0.57930785), (3, 0.41474384)]
[(0, 0.35341242), (1, 0.24095471), (6, 0.400684)]
[(1, 0.98047143)]
[(2, 0.11684524), (3, 0.6387428), (6, 0.23233777)]
[(2, 0.19730325), (3, 0.2568142), (7, 0.4499812)]
[(0, 0.32352325), (7, 0.6609791)]
[(3, 0.7176477), (6, 0.2729432)]
[(1, 0.7314633), (7, 0.2380733)]
[(0, 0.16635443), (1, 0.5437879), (5, 0.2809271)]
[(4, 0.9739472)]
[(5, 0.2736072), (7, 0.7132196)]
[(7, 0.9729614)]
[(1, 0.6714872), (2, 0.25826043)]
[(4, 0.9877675)]
[(1, 0.1987317), (2, 0.33646888), (5, 0.4508705)]
[(1, 0.33601958), (3, 0.53033084), (6, 0.121937595)]
[(1, 0.19074692), (4, 0.3160124), (6, 0.47202933)]
[(1, 0.7237546), (3, 0.17226759)]
[(0, 0.84443694), (2, 0.14580886)]
[(1, 0.12297677), (2, 0.27240327), (3, 0.37661183), (5, 0.22213213)]
[(3, 0.13104407), (4, 0.32048166), (7, 0.5369112)]
[(1, 0.16927494), (2, 0.20840701), (5, 0.24325792), (7, 0.37024957)]
[(1, 0.14021833), (4, 0.6439975), (7, 0.1990296)]
[(2, 0.106183946), (4, 0.88666964)]
[(2, 0.38729388), (7, 0.59474546)]
[(0, 0.41582477), (1, 0.47102436), (5, 0.10657419)]
[(1, 0.5473605), (7, 0.43136066)]
[(1, 0.74101126), (4, 0.23532772)]
[(0, 0.18163162), (7, 0.8018031)]
[(1, 0.19751307), (7, 0.7919851)]
[(0, 0.46027726), (1, 0.3041965), (6, 0.22052713)]
[(3, 0.8724294), (5, 0.11997571)]
[(2, 0.56085896), (7, 0.42208678)]
[(0, 0.6471411), (6, 0.3399052)]
[(3, 0.35940787), (5, 0.44354916), (7, 0.1779425)]
[(2, 0.47657886), (7, 0.50519097)]
[(2, 0.3103309), (6, 0.6813257)]
[(0, 0.9357984)]
[(3, 0.23161206), (5, 0.16969863), (6, 0.5897868)]
[(1, 0.2993406), (7, 0.6722753)]
[(3, 0.7234556), (5, 0.26837397)]
[(6, 0.9760427)]
[(1, 0.7566246), (5, 0.22568624)]
[(0, 0.2601751), (1, 0.3226685), (5, 0.4102143)]
[(3, 0.43126914), (4, 0.1570068), (6, 0.40187618)]
[(2, 0.31659994), (3, 0.28375003), (4, 0.14235471), (6, 0.24872333)]
[(5, 0.7823643), (7, 0.20316087)]
[(0, 0.36623895), (3, 0.1545148), (5, 0.46216264)]
[(5, 0.9922122)]
[(7, 0.9852382)]
[(0, 0.62138134), (4, 0.3675193)]
[(5, 0.98984325)]
[(0, 0.5519815), (2, 0.34485346)]
[(0, 0.5254306), (1, 0.4511218)]
[(5, 0.55852044), (7, 0.41603318)]
[(2, 0.4412216), (5, 0.539589)]
[(5, 0.98749286)]
[(1, 0.6948981), (7, 0.27440986)]
[(0, 0.18060014), (3, 0.45031384), (6, 0.36559945)]
[(0, 0.1350091), (1, 0.480938), (7, 0.37644106)]
[(2, 0.54293525), (3, 0.12532805), (7, 0.31011188)]
[(5, 0.4395314), (7, 0.5517261)]
[(0, 0.22073609), (3, 0.21718259), (6, 0.5176101)]
[(6, 0.99710727)]
[(4, 0.9292366)]
[(2, 0.26357093), (6, 0.19967654), (7, 0.522198)]
[(1, 0.8261032), (2, 0.15281132)]
[(3, 0.12931101), (7, 0.85903037)]
[(3, 0.9950189)]
[(1, 0.72475296), (2, 0.26918682)]
[(4, 0.9887966)]
[(1, 0.9790687)]
[(0, 0.6168095), (1, 0.3780931)]
[(2, 0.3259374), (6, 0.34599382), (7, 0.3020329)]
[(0, 0.6180264), (5, 0.32295614)]
[(0, 0.23144613), (2, 0.2317168), (6, 0.5319805)]
[(1, 0.990868)]
[(0, 0.16100375), (2, 0.12960179), (3, 0.23684588), (5, 0.35754436), (6, 0.106586665)]
[(3, 0.98426116)]
[(6, 0.98402196)]
[(5, 0.23755343), (6, 0.75868624)]
[(3, 0.48465165), (5, 0.5052112)]
[(3, 0.2709164), (7, 0.7216832)]
[(4, 0.98739445)]
[(3, 0.57424146), (6, 0.40476474)]
[(0, 0.1691338), (3, 0.14703563), (5, 0.35830733), (7, 0.31400895)]
[(0, 0.71205443), (3, 0.19557755)]
[(2, 0.36942658), (5, 0.30579922), (6, 0.31147957)]
[(2, 0.9895376)]
[(0, 0.39675555), (4, 0.22205374), (7, 0.36820862)]
[(0, 0.2054249), (1, 0.78909457)]
[(2, 0.3527414), (4, 0.21498668), (5, 0.42219192)]
[(5, 0.34829664), (7, 0.6401233)]
[(3, 0.4653277), (7, 0.5129509)]
[(0, 0.51649094), (7, 0.46241727)]
[(0, 0.34102845), (1, 0.36175713), (5, 0.29240465)]
[(3, 0.80956846), (4, 0.1773785)]
[(1, 0.130429), (3, 0.1896402), (7, 0.6709727)]
[(0, 0.18854935), (7, 0.79855734)]
[(0, 0.17368722), (2, 0.11764437), (3, 0.14102785), (5, 0.42357615), (7, 0.14021933)]
[(1, 0.6237562), (7, 0.3600018)]
[(6, 0.9936025)]
[(1, 0.3046675), (5, 0.19344795), (6, 0.31873128), (7, 0.17519182)]
[(1, 0.97391206)]
[(1, 0.67798954), (4, 0.29475912)]
[(1, 0.13116316), (3, 0.48313734), (4, 0.3741448)]
[(2, 0.1384294), (6, 0.30282098), (7, 0.55060285)]
[(3, 0.28466728), (4, 0.5770844), (5, 0.12391598)]
[(0, 0.39934367), (2, 0.58422816)]
[(0, 0.54042614), (1, 0.24684894), (7, 0.20769946)]
[(0, 0.8078466), (5, 0.17886177)]
[(0, 0.50593865), (1, 0.15421434), (7, 0.3322393)]
[(5, 0.9900581)]
[(6, 0.98395234)]
[(3, 0.15877411), (4, 0.3134049), (6, 0.5214986)]
[(3, 0.4213948), (6, 0.5743102)]
[(2, 0.17524074), (5, 0.81600726)]
[(0, 0.32887837), (5, 0.12592441), (7, 0.5379502)]
[(1, 0.98753387)]
[(1, 0.23061495), (4, 0.5718843), (5, 0.18188679)]
[(3, 0.70401293), (4, 0.27669427)]
[(3, 0.93622684)]
[(1, 0.1607136), (6, 0.7150638)]
[(2, 0.38011828), (3, 0.17560628), (4, 0.12591134), (6, 0.3057004)]
[(1, 0.26940525), (3, 0.13907339), (4, 0.3005465), (6, 0.28590456)]
[(1, 0.48216832), (5, 0.50766927)]
[(0, 0.28640482), (6, 0.70809275)]
[(0, 0.37981522), (1, 0.60475975)]
[(0, 0.15017435), (7, 0.84225565)]
[(6, 0.9890066)]
[(0, 0.5078803), (1, 0.43404296)]
[(2, 0.99021494)]
[(1, 0.8430943), (2, 0.1399697)]
[(1, 0.17293407), (2, 0.1352314), (5, 0.68392426)]
[(3, 0.22026514), (5, 0.77057284)]
[(0, 0.37481743), (5, 0.61189115)]
[(2, 0.98699987)]
[(0, 0.25704786), (3, 0.49780527), (4, 0.23583846)]
[(1, 0.38209772), (2, 0.60430145)]
[(1, 0.18986873), (4, 0.22220677), (6, 0.57593876)]
[(0, 0.9761094)]
[(1, 0.89299107)]
[(5, 0.35055345), (6, 0.18052877), (7, 0.37870085)]
[(0, 0.12129378), (1, 0.74440634), (3, 0.1264575)]
[(3, 0.5373306), (4, 0.36338612)]
[(3, 0.9855159)]
[(0, 0.6751914), (3, 0.32362998)]
[(4, 0.40117654), (5, 0.3630287), (6, 0.17654954)]
[(0, 0.30328152), (5, 0.57482266)]
[(1, 0.21312562), (2, 0.22741945), (7, 0.4745119)]
[(1, 0.24522555), (2, 0.6076233), (5, 0.12520333)]
[(2, 0.4685304), (5, 0.13269028), (6, 0.35552105)]
[(0, 0.39658013), (5, 0.24313697), (7, 0.3115333)]
[(0, 0.13017935), (3, 0.367679), (4, 0.48808244)]
[(1, 0.206939), (3, 0.5929007), (6, 0.14360006)]
[(3, 0.36908987), (4, 0.1058782), (6, 0.51692194)]
[(0, 0.18213093), (4, 0.5032319), (6, 0.306575)]
[(7, 0.98191565)]
[(2, 0.99548733)]
[(2, 0.73877686), (5, 0.25511447)]
[(1, 0.11393911), (5, 0.23220043), (7, 0.59263784)]
[(1, 0.29837647), (2, 0.6898545)]
[(3, 0.44970676), (6, 0.17176934), (7, 0.3695291)]
[(2, 0.9833207)]
[(0, 0.18055327), (1, 0.8135261)]
[(0, 0.19847895), (1, 0.16660284), (7, 0.6285276)]
[(4, 0.18064478), (5, 0.6007772), (7, 0.21369122)]
[(3, 0.9970564)]
[(1, 0.38208935), (6, 0.19418193), (7, 0.4123768)]
[(0, 0.21866411), (1, 0.7737237)]
[(3, 0.11976174), (4, 0.37570533), (6, 0.15602747), (7, 0.33825585)]
[(1, 0.1043892), (5, 0.48411945), (7, 0.40076506)]
[(7, 0.9879585)]
[(3, 0.57357943), (6, 0.41441646)]
[(4, 0.9404861)]
[(3, 0.7344502), (5, 0.1253333), (7, 0.12967373)]
[(1, 0.8761956), (7, 0.11562838)]
[(2, 0.14062724), (7, 0.8429575)]
[(4, 0.98636466)]
[(1, 0.38516515), (7, 0.60600543)]
[(0, 0.63560385), (5, 0.35495734)]
[(3, 0.27710047), (4, 0.7126934)]
[(5, 0.9803708)]
[(0, 0.22062276), (2, 0.2243444), (7, 0.5452713)]
[(2, 0.9901031)]
[(0, 0.2921194), (2, 0.53890336), (4, 0.1586625)]
[(0, 0.35531977), (6, 0.37917647), (7, 0.2542447)]
[(0, 0.34698534), (1, 0.6386956)]
[(0, 0.5905818), (1, 0.39931184)]
[(6, 0.7866511), (7, 0.18927881)]
[(1, 0.18444024), (2, 0.5032724), (7, 0.30684918)]
[(0, 0.32165942), (2, 0.27080587), (3, 0.1472956), (5, 0.25255045)]
[(2, 0.92226815)]
[(2, 0.49925345), (6, 0.49357167)]
[(0, 0.32596374), (3, 0.4078651), (6, 0.26193666)]
[(0, 0.6490251), (5, 0.34359995)]
[(6, 0.9810106)]
[(0, 0.23850948), (4, 0.13619244), (5, 0.22752543), (6, 0.3873212)]
[(6, 0.17456491), (7, 0.81715983)]
[(1, 0.3261009), (2, 0.64240986)]
[(3, 0.93427634)]
[(4, 0.37978232), (6, 0.51667964)]
[(6, 0.83680797)]
[(1, 0.979125)]
[(7, 0.8554344)]
[(1, 0.18580589), (2, 0.8083844)]
[(0, 0.24844946), (1, 0.24979842), (7, 0.49657586)]
[(4, 0.55437577), (5, 0.30298337), (7, 0.12617068)]
[(0, 0.28635284), (1, 0.69533825)]
[(4, 0.7856428), (5, 0.20326431)]
[(1, 0.14514315), (2, 0.12049186), (6, 0.72723246)]
[(3, 0.9914141)]
[(0, 0.2961987), (1, 0.47799772), (5, 0.219923)]
[(5, 0.97902536)]
[(3, 0.27915463), (5, 0.20660387), (6, 0.4147204)]
[(0, 0.36322635), (4, 0.3437726), (6, 0.2828552)]
[(0, 0.10209252), (1, 0.125991), (7, 0.7639565)]
[(7, 0.9917439)]
[(1, 0.10379369), (4, 0.888373)]
[(4, 0.5341144), (6, 0.45517722)]
[(0, 0.11719093), (4, 0.221286), (6, 0.65459526)]
[(0, 0.2370046), (5, 0.29233053), (7, 0.4626516)]
[(0, 0.27289042), (3, 0.16059472), (5, 0.2642205), (6, 0.29744378)]
[(0, 0.16116421), (3, 0.23868747), (4, 0.4147602), (7, 0.17676999)]
[(0, 0.13871253), (3, 0.61760354), (6, 0.23502585)]
[(2, 0.19268392), (3, 0.13171078), (5, 0.6163614)]
[(3, 0.5921491), (6, 0.39865246)]
[(1, 0.9801)]
[(1, 0.24978332), (3, 0.7474599)]
[(0, 0.3560238), (1, 0.6345244)]
[(1, 0.12246929), (4, 0.14761169), (5, 0.60209626), (6, 0.11922211)]
[(5, 0.9843248)]
[(0, 0.72806966), (1, 0.2597219)]
[(1, 0.69767773), (3, 0.1097653), (6, 0.18922937)]
[(0, 0.7360499), (2, 0.25933197)]
[(7, 0.9795674)]
[(1, 0.9871245)]
[(7, 0.9826343)]
[(1, 0.2938586), (6, 0.11799666), (7, 0.5818901)]
[(4, 0.66438395), (6, 0.32757196)]
[(4, 0.50272906), (5, 0.48743567)]
[(1, 0.3001709), (4, 0.6713997)]
[(7, 0.9051301)]
[(6, 0.53809524), (7, 0.4526401)]
[(0, 0.44623798), (6, 0.17211464), (7, 0.37016693)]
[(1, 0.58277696), (3, 0.41087478)]
[(5, 0.14454596), (7, 0.8496038)]
[(1, 0.9925783)]
[(4, 0.40029418), (6, 0.5912943)]
[(0, 0.12776941), (2, 0.5178), (7, 0.34702688)]
[(4, 0.5396805), (5, 0.4534506)]
[(3, 0.99421793)]
[(1, 0.3394675), (3, 0.10914297), (6, 0.47460076)]
[(0, 0.1644121), (2, 0.4213223), (7, 0.39633605)]
[(0, 0.449064), (3, 0.22886619), (6, 0.3199129)]
[(2, 0.986549)]
[(2, 0.2327936), (5, 0.7538895)]
[(1, 0.13159949), (4, 0.84215075)]
[(1, 0.71112096), (2, 0.18510976)]
[(0, 0.65150297), (5, 0.3146234)]
[(0, 0.3344168), (3, 0.35508478), (5, 0.29174098)]
[(7, 0.8871991)]
[(0, 0.32002196), (3, 0.6649184)]
[(3, 0.99347985)]
[(3, 0.13455), (4, 0.6129791), (6, 0.23800914)]
[(7, 0.9749454)]
[(2, 0.99020153)]
[(1, 0.29342073), (5, 0.26219252), (7, 0.43554458)]
[(1, 0.9963553)]
[(5, 0.2937872), (7, 0.68004113)]
[(2, 0.43077528), (7, 0.5558699)]
[(2, 0.11277072), (3, 0.1467547), (6, 0.6365781)]
[(0, 0.14512162), (4, 0.17325938), (7, 0.66864824)]
[(1, 0.20638601), (3, 0.3294187), (4, 0.10691974), (5, 0.34897864)]
[(1, 0.7760293), (5, 0.21829128)]
[(2, 0.14633337), (6, 0.83875024)]
[(0, 0.25341415), (1, 0.73907095)]
[(2, 0.9921737)]
[(1, 0.42824277), (2, 0.5450298)]
[(3, 0.5018364), (5, 0.25258186), (6, 0.15257552)]
[(2, 0.40167707), (3, 0.28152302), (6, 0.31271192)]
[(3, 0.9960618)]
[(1, 0.4817126), (7, 0.50632656)]
[(2, 0.31889465), (5, 0.6697428)]
[(7, 0.97439307)]
[(0, 0.23702124), (2, 0.58695567), (3, 0.1662333)]
[(1, 0.52077615), (2, 0.3350799), (5, 0.12741692)]
[(6, 0.9122243)]
[(2, 0.998246)]
[(5, 0.9923207)]
[(6, 0.7049843), (7, 0.28363487)]
[(7, 0.9705809)]
[(1, 0.18783964), (3, 0.39704835), (4, 0.28379792), (5, 0.12441986)]
[(0, 0.98222315)]
[(0, 0.9822137)]
[(2, 0.27954918), (7, 0.6643509)]
[(1, 0.2621422), (3, 0.3584511), (7, 0.28043202)]
[(4, 0.9821021)]
[(0, 0.14554375), (4, 0.3297798), (5, 0.51329947)]
[(1, 0.43052447), (7, 0.55557257)]
[(3, 0.37176573), (6, 0.62118554)]
[(0, 0.73488915), (7, 0.25245887)]
[(4, 0.24132042), (5, 0.7386033)]
[(5, 0.6889269), (7, 0.28575543)]
[(1, 0.9897456)]
[(2, 0.16615811), (3, 0.33856714), (6, 0.48781613)]
[(2, 0.41656977), (7, 0.56703)]
[(1, 0.21642329), (2, 0.20613374), (7, 0.57258755)]
[(1, 0.74133235), (2, 0.24023312)]
[(3, 0.18129393), (4, 0.80221856)]
[(1, 0.5182637), (3, 0.1514239), (5, 0.31879875)]
[(5, 0.8892634)]
[(0, 0.47497448), (3, 0.4169283), (6, 0.10565147)]
[(2, 0.37270904), (7, 0.618145)]
[(1, 0.6740455), (2, 0.12952237), (3, 0.18941005)]
[(2, 0.6302698), (4, 0.35743028)]
[(1, 0.14326227), (2, 0.3215054), (3, 0.5283722)]
[(2, 0.119485304), (4, 0.3063111), (6, 0.4535629)]
[(0, 0.28341046), (5, 0.13943164), (7, 0.53091717)]
[(6, 0.99083275)]
[(1, 0.37014064), (2, 0.43137637), (4, 0.18807487)]
[(4, 0.92912567)]
[(0, 0.9099228)]
[(4, 0.98700184)]
[(1, 0.40636984), (2, 0.43818474), (7, 0.13788228)]
[(3, 0.1421807), (6, 0.8516835)]
[(4, 0.47147456), (7, 0.5179291)]
[(1, 0.6673003), (3, 0.2652087)]
[(5, 0.45990083), (6, 0.51746255)]
[(1, 0.28258476), (5, 0.69871265)]
[(7, 0.88213784)]
[(1, 0.27052948), (7, 0.6280742)]
[(4, 0.34138212), (5, 0.48420733), (6, 0.15091653)]
[(5, 0.69260985), (6, 0.30103198)]
[(1, 0.19724825), (4, 0.7970196)]
[(1, 0.99007964)]
[(0, 0.30036443), (5, 0.5261194), (7, 0.16243693)]
[(0, 0.19682045), (6, 0.25798827), (7, 0.5365848)]
[(2, 0.3418646), (4, 0.11587225), (7, 0.5227653)]
[(3, 0.7742774), (6, 0.20996)]
[(0, 0.5524342), (3, 0.19241564), (4, 0.24567296)]
[(1, 0.5064086), (3, 0.10117175), (5, 0.23989245), (6, 0.1473867)]
[(0, 0.7243833), (1, 0.1845839)]
[(3, 0.95549214)]
[(1, 0.80071247), (7, 0.13200161)]
[(5, 0.9886578)]
[(0, 0.30889353), (7, 0.68562436)]
[(1, 0.105993904), (2, 0.1801928), (6, 0.32075188), (7, 0.38161168)]
[(3, 0.20527178), (4, 0.6093291), (6, 0.15070769)]
[(2, 0.93582404)]
[(2, 0.9810819)]
[(2, 0.55554575), (5, 0.42257515)]
[(7, 0.98574054)]
[(1, 0.387572), (2, 0.28115177), (5, 0.32209104)]
[(0, 0.1845362), (7, 0.71597034)]
[(1, 0.25646684), (3, 0.30815166), (4, 0.3047063), (6, 0.12621939)]
[(2, 0.21683112), (3, 0.65074176), (7, 0.12355853)]
[(0, 0.9793346)]
[(0, 0.97455406)]
[(1, 0.23964196), (2, 0.17345436), (7, 0.5779019)]
[(1, 0.13548554), (4, 0.7619005)]
[(6, 0.99210495)]
[(4, 0.9782224)]
[(1, 0.34752572), (4, 0.631373)]
[(1, 0.93491614)]
[(0, 0.43685046), (1, 0.4668284)]
[(1, 0.6703826), (4, 0.24648266)]
[(2, 0.54094243), (7, 0.44983357)]
[(2, 0.8333618), (7, 0.15869705)]
[(4, 0.9901018)]
[(3, 0.29514384), (5, 0.57080877), (6, 0.12587251)]
[(3, 0.98377943)]
[(1, 0.19790995), (2, 0.78788453)]
[(2, 0.21132092), (3, 0.4149707), (4, 0.13627194), (6, 0.22071896)]
[(1, 0.31983486), (5, 0.6626895)]
[(0, 0.5165178), (2, 0.47809917)]
[(4, 0.9865566)]
[(2, 0.42068318), (7, 0.5715995)]
[(0, 0.37049198), (5, 0.61337537)]
[(1, 0.59246033), (2, 0.31778407)]
[(1, 0.27361837), (6, 0.2795992), (7, 0.43236968)]
[(0, 0.7332016), (5, 0.2556866)]
[(0, 0.5629874), (4, 0.21220182), (5, 0.13114579)]
[(1, 0.9903293)]
[(0, 0.65787274), (4, 0.3312147)]
[(3, 0.5383677), (6, 0.44215062)]
[(3, 0.12369104), (5, 0.2042573), (6, 0.66814905)]
[(4, 0.12839223), (6, 0.16780159), (7, 0.63415766)]
[(1, 0.6261394), (6, 0.3686886)]
[(6, 0.5656504), (7, 0.4252017)]
[(1, 0.44122958), (7, 0.44827)]
[(4, 0.13575858), (6, 0.8595389)]
[(1, 0.89180315)]
[(0, 0.20794952), (3, 0.20421483), (4, 0.42281103), (6, 0.13841219)]
[(3, 0.3111071), (7, 0.66183203)]
[(0, 0.31511745), (2, 0.5211248), (4, 0.15580848)]
[(2, 0.75695133), (4, 0.15373716)]
[(7, 0.99367607)]
[(0, 0.13346721), (1, 0.8567623)]
[(0, 0.4809422), (6, 0.50583106)]
[(4, 0.9860343)]
[(1, 0.3337679), (6, 0.6583351)]
[(4, 0.51293856), (7, 0.4677571)]
[(0, 0.67515236), (1, 0.2865182)]
[(2, 0.10917909), (7, 0.87514395)]
[(1, 0.3105738), (7, 0.62775344)]
[(3, 0.10095174), (7, 0.87138736)]
[(0, 0.47048905), (6, 0.52194285)]
[(2, 0.76328695), (3, 0.22547854)]
[(1, 0.218887), (7, 0.6883552)]
[(0, 0.30539703), (1, 0.3850054), (7, 0.3044191)]
[(7, 0.9738449)]
[(1, 0.98219657)]
[(2, 0.3054205), (6, 0.67465836)]
[(0, 0.14436659), (5, 0.83505625)]
[(1, 0.6075422), (3, 0.34571275)]
[(1, 0.1620429), (2, 0.8278245)]
[(0, 0.36288014), (7, 0.52580434)]
[(1, 0.8085219), (2, 0.12975372)]
[(0, 0.14748278), (1, 0.8347585)]
[(0, 0.39866987), (6, 0.58727217)]
[(1, 0.38928586), (2, 0.6036425)]
[(2, 0.18248245), (3, 0.49111992), (6, 0.31760243)]
[(6, 0.9949488)]
[(1, 0.66875005), (6, 0.13681912), (7, 0.18736924)]
[(3, 0.4841178), (5, 0.5077109)]
[(1, 0.71002585), (3, 0.21515162)]
[(3, 0.29394448), (4, 0.17583822), (5, 0.10321552), (6, 0.42293823)]
[(7, 0.9797949)]
[(1, 0.11753746), (6, 0.8713011)]
[(7, 0.9889496)]
[(2, 0.2625818), (3, 0.14269155), (4, 0.19936207), (6, 0.23479308), (7, 0.15336587)]
[(0, 0.8421492), (1, 0.14756876)]
[(2, 0.16219161), (3, 0.7623851)]
[(1, 0.16283596), (3, 0.32290137), (5, 0.48565215)]
[(0, 0.9910027)]
[(6, 0.9906628)]
[(1, 0.12103232), (2, 0.13353102), (5, 0.73596424)]
[(0, 0.17637223), (1, 0.25069737), (7, 0.56400883)]
[(1, 0.7495297), (7, 0.22211806)]
[(5, 0.9779573)]
[(6, 0.98701745)]
[(1, 0.44130817), (3, 0.17049897), (7, 0.37802026)]
[(5, 0.981847)]
[(0, 0.23909004), (3, 0.26637092), (7, 0.40784705)]
[(5, 0.17701268), (7, 0.8117444)]
[(0, 0.49342236), (6, 0.4967554)]
[(1, 0.76605004), (7, 0.22348991)]
[(1, 0.15093465), (4, 0.15840483), (7, 0.6823929)]
[(2, 0.36845666), (3, 0.40107018), (4, 0.22320494)]
[(0, 0.19414823), (2, 0.45459008), (4, 0.15832873), (5, 0.18681516)]
[(1, 0.32039452), (2, 0.43825832), (7, 0.15563627)]
[(1, 0.55405873), (7, 0.43492174)]
[(7, 0.9651184)]
[(1, 0.72045904), (7, 0.17889903)]
[(3, 0.56700504), (5, 0.39947158)]
[(0, 0.5482535), (1, 0.27516416), (7, 0.16929482)]
[(0, 0.99305916)]
[(1, 0.50659627), (7, 0.4821369)]
[(0, 0.19588591), (1, 0.31641626), (3, 0.48289865)]
[(6, 0.9867105)]
[(1, 0.9863912)]
[(0, 0.46753636), (4, 0.5129247)]
[(3, 0.4122457), (7, 0.52014726)]
[(0, 0.18402967), (2, 0.15423875), (3, 0.6475851)]
[(6, 0.76140004), (7, 0.22464134)]
[(2, 0.9791585)]
[(0, 0.5621422), (7, 0.42985967)]
[(1, 0.6318211), (7, 0.34756833)]
[(1, 0.8076849), (3, 0.17978913)]
[(4, 0.7415676), (6, 0.25000852)]
[(3, 0.15300015), (5, 0.83136684)]
[(1, 0.9740434)]
[(2, 0.92538744)]
[(1, 0.10144277), (7, 0.8872994)]
[(0, 0.45980433), (7, 0.5240281)]
[(2, 0.23056892), (3, 0.59975034), (6, 0.16101192)]
[(2, 0.57818115), (3, 0.21022043), (7, 0.1989456)]
[(4, 0.5252031), (5, 0.43600443)]
[(4, 0.86030626), (5, 0.12426513)]
[(4, 0.74240977), (7, 0.22820395)]
[(5, 0.19420096), (6, 0.7769913)]
[(3, 0.37129757), (6, 0.5550436)]
[(7, 0.9629346)]
[(1, 0.98395133)]
[(4, 0.8741356), (7, 0.104737975)]
[(1, 0.3894677), (7, 0.558902)]
[(4, 0.9831293)]
