148 1 0.9989297
376 1 0.99863553
58 1 0.9987485
50 1 0.9979435
22 1 0.95881134
463 1 0.9967391
455 1 0.9706016
420 1 0.9997907
413 1 0.9996696
412 1 0.9994336
361 1 0.99784416
359 1 0.9992996
358 1 0.99946195
341 1 0.9992147
329 1 0.9997653
289 1 0.9998188
278 1 0.9996901
273 1 0.99838394
268 1 0.9997927
251 1 0.98455876
248 1 0.99991417
239 1 0.99900377
238 1 0.99832976
234 1 0.9998345
233 1 0.9989527
212 1 0.99826527
211 1 0.9990457
154 1 0.956297
153 1 0.9982605
102 1 0.9996453
67 1 0.9995574
66 1 0.99974006
52 1 0.9991697
11 1 0.9987124
5 1 0.9991674
651 1 0.9981183
626 1 0.99915177
586 1 0.9998216
567 1 0.99761295
565 1 0.9978455
417 1 0.99924153
408 1 0.8865035
404 1 0.9755302
287 1 0.99974936
279 1 0.99906564
234 1 0.997725
197 1 0.99908376
183 1 0.9993412
180 1 0.99833083
161 1 0.9974785
148 1 0.99617904
144 1 0.9997002
98 1 0.9987491
53 1 0.99648076
45 1 0.99746597
43 1 0.997724
16 1 0.99871397
41 1 0.9995183
9 1 0.9027662
127 1 0.98266786
45 1 0.99985933
1469 1 0.9992774
1468 1 0.981524
1335 1 0.9996814
1333 1 0.9997026
1301 1 0.9995484
1298 1 0.9991853
1267 1 0.9997966
1261 1 0.9991217
1233 1 0.9996902
1195 1 0.9998586
1192 1 0.9995747
1188 1 0.9991388
1173 1 0.78024304
1114 1 0.9991854
1034 1 0.9992133
987 1 0.99987346
980 1 0.9977347
905 1 0.99942714
842 1 0.88355905
807 1 0.99916947
727 1 0.9997422
600 1 0.997945
540 1 0.99964553
461 1 0.99918616
433 1 0.9967088
382 1 0.8503337
307 1 0.9990645
257 1 0.99989086
255 1 0.9994029
240 1 0.99900305
239 1 0.99794483
207 1 0.99917006
115 1 0.9967385
114 1 0.9987851
84 1 0.99967563
67 1 0.9967361
51 1 0.997156
50 0 0.56791055
35 1 0.99893063
1747 0 0.6003983
1729 0 0.6700775
1727 1 0.790381
1723 1 0.7859847
1719 1 0.6538907
1718 1 0.7467917
1707 1 0.99747217
1705 1 0.83815587
1652 1 0.6807167
1606 1 0.6187343
1602 1 0.6171205
1586 1 0.53957766
1562 1 0.7971256
1525 1 0.92911744
1513 1 0.8389422
1509 1 0.87513065
1489 1 0.8808781
1482 1 0.82851124
1438 1 0.7905563
1437 1 0.7905553
1422 1 0.838072
1418 1 0.6436573
1398 1 0.81057733
1377 1 0.878367
1372 1 0.96902126
1367 1 0.9038295
1360 1 0.8398904
1353 1 0.8424425
1347 1 0.7618102
1328 1 0.8862954
1320 1 0.9056072
1258 1 0.99935186
1249 1 0.9823557
1243 1 0.9183717
1189 1 0.623283
1181 1 0.76532274
1170 1 0.9884319
1167 1 0.84635234
1157 1 0.59375936
1155 1 0.9975892
1152 1 0.9988171
1128 1 0.7615682
1102 1 0.99926627
1099 1 0.97179544
1073 1 0.8692756
1067 1 0.57270277
1039 1 0.9953835
1034 1 0.63914734
1018 1 0.8719969
967 1 0.7762983
965 1 0.5338283
926 1 0.5795605
919 1 0.64390546
820 1 0.5758263
785 1 0.6617319
780 1 0.738503
778 1 0.7797143
777 1 0.57446826
764 1 0.6139777
755 1 0.57781553
701 1 0.7160666
670 1 0.94621557
665 1 0.9992248
663 1 0.74220884
600 1 0.62765604
574 1 0.99924046
550 1 0.7920429
530 1 0.8030212
481 1 0.6917752
422 1 0.9543006
398 1 0.8552925
377 1 0.9981944
375 1 0.83387744
341 1 0.9358526
315 1 0.88832057
269 1 0.936543
268 1 0.8003186
228 1 0.7738786
224 1 0.99832785
206 1 0.88210595
204 1 0.85231525
195 1 0.93688214
189 1 0.972627
187 1 0.88244736
182 1 0.88428366
179 1 0.9040138
175 1 0.8541021
172 1 0.5635774
170 1 0.86166394
155 1 0.7334594
153 1 0.7813368
144 1 0.5281494
141 1 0.6236093
139 1 0.74617034
134 1 0.63794196
133 0 0.59850216
129 1 0.6110355
126 1 0.68003684
122 1 0.5343361
116 0 0.84006196
101 1 0.58875597
95 0 0.56372666
83 1 0.7012022
72 0 0.53526956
68 1 0.6205982
51 1 0.9704572
46 1 0.89562756
43 1 0.82095164
19 1 0.5732539
11 1 0.8878585
9 1 0.85997075
8 1 0.9393169
498 1 0.9993212
394 1 0.9989804
387 1 0.99890494
353 1 0.9998827
272 1 0.99916995
240 1 0.9992394
183 1 0.99955326
303 1 0.9986731
256 1 0.99867696
506 1 0.9987141
238 1 0.9997877
206 1 0.9053411
72 1 0.9998106
7 1 0.99859446
215 1 0.99893
214 1 0.9989312
202 1 0.9995296
193 1 0.99976903
187 1 0.55335075
175 1 0.95052207
99 1 0.9998312
92 1 0.9992409
89 1 0.9991992
87 1 0.9998965
86 1 0.9999082
76 1 0.99916995
69 1 0.999851
53 1 0.9997062
40 1 0.99985564
34 1 0.9978441
15 1 0.99995357
12 1 0.9559339
2 1 0.99926627
111 1 0.9992403
641 1 0.9991986
399 1 0.9994609
520 1 0.99863625
230 1 0.99147326
152 1 0.99932194
139 1 0.9991858
99 1 0.99987704
98 1 0.9989806
96 1 0.9991386
94 1 0.99895537
39 1 0.9985437
33 1 0.9994387
5 1 0.9991536
1179 1 0.99941176
921 1 0.9990038
892 1 0.9997575
802 1 0.9982555
757 1 0.9992398
721 1 0.9996686
696 1 0.998716
695 1 0.99913764
685 1 0.9993787
397 1 0.998956
313 1 0.99839044
140 1 0.99906564
38 1 0.99731934
342 1 0.99881446
1088 1 0.99936146
1018 1 0.9979451
962 1 0.9993785
892 1 0.99950844
847 1 0.9996849
447 1 0.99863577
404 1 0.99715585
358 1 0.9967364
125 1 0.6440912
122 1 0.8366173
29 1 0.9997726
13 1 0.9991701
313 1 0.9741062
305 1 0.94009334
283 1 0.9156349
238 1 0.6792247
66 1 0.97928387
58 1 0.87413573
47 1 0.7929885
32 1 0.9994019
727 1 0.99981165
722 1 0.99982244
720 1 0.99904627
710 1 0.98361665
687 1 0.9999099
685 1 0.9996052
631 1 0.9996516
629 1 0.9998751
602 1 0.99966717
572 1 0.9994015
535 1 0.9979426
533 1 0.99954426
523 1 0.9988164
517 1 0.9997451
507 1 0.9999047
468 1 0.99991864
465 1 0.9998596
452 1 0.99875057
448 1 0.99928993
443 1 0.9983297
442 1 0.9992779
441 1 0.9995897
407 1 0.9998087
401 1 0.9997263
400 1 0.9994197
375 1 0.9999357
267 1 0.9998591
248 1 0.999833
245 1 0.9992775
239 1 0.9998224
233 1 0.992418
171 1 0.9998362
144 1 0.9997439
102 1 0.9983305
79 1 0.9999657
74 1 0.9993873
71 1 0.9993426
69 1 0.99957097
62 1 0.997156
49 1 0.9999574
46 1 0.99962157
40 1 0.9980359
35 1 0.9993686
27 1 0.9995979
24 1 0.99932176
12 1 0.99979246
4 1 0.9996581
4503 1 0.94909036
4475 1 0.89144975
4456 1 0.99902344
4399 1 0.99977577
4365 1 0.7776711
4273 1 0.99964505
3992 1 0.9993408
3824 1 0.99950254
3589 1 0.99969155
3502 1 0.99906653
3218 1 0.9994344
3195 1 0.9969515
2642 1 0.99925256
1931 1 0.999679
1930 1 0.99933195
1813 1 0.9953828
1652 1 0.99884605
1440 1 0.99961436
1244 1 0.9997435
1021 1 0.99976397
839 1 0.602566
789 1 0.99980927
680 1 0.992083
570 1 0.99647975
532 1 0.9986375
136 1 0.99982435
3011 1 0.9989789
2956 1 0.99773204
2375 1 0.99867404
2284 1 0.9948512
2186 1 0.9991703
2057 1 0.98535186
1971 1 0.9993224
1533 1 0.9988945
1472 1 0.9981909
1455 1 0.9999006
1298 1 0.99936736
1108 1 0.99936056
1033 1 0.9976077
983 1 0.99911624
622 1 0.99914956
588 1 0.99897754
539 1 0.99968576
474 1 0.99784476
468 1 0.6906414
461 1 0.9999739
219 1 0.9996201
99 1 0.9986744
77 1 0.9999519
17847 1 0.97909385
17844 1 0.99941003
17721 1 0.99895513
17653 1 0.9978325
17623 1 0.85353696
17400 1 0.9953797
17399 1 0.90378827
17218 1 0.94325304
17193 1 0.9979452
16910 1 0.6568689
16609 0 0.59122545
16573 1 0.6436449
16549 1 0.999955
16224 1 0.7290555
16084 1 0.7360313
15919 1 0.95764095
15871 1 0.50736934
15252 1 0.9856182
15205 1 0.94189334
15134 1 0.95599365
15091 0 0.5233801
15014 0 0.58908594
15003 1 0.9996396
14833 1 0.90843016
14583 1 0.99999
13715 1 0.5530148
13341 1 0.99994147
13168 1 0.9613574
13125 1 0.681246
12946 1 0.94313306
12932 1 0.60333806
12475 1 0.6889499
12379 1 0.9998559
12350 1 0.99999475
12080 1 0.99978554
11458 1 0.5984466
11250 1 0.6539917
11153 1 0.93989676
11111 1 0.86387753
11038 1 0.8728041
10558 1 0.5736412
10450 1 0.9996537
10286 1 0.9998208
10271 1 0.85169923
10258 1 0.66322
9632 1 0.92896163
9569 1 0.70694244
9549 1 0.693205
9537 0 0.59584415
9532 1 0.8206061
9522 1 0.99987
8950 0 0.74954236
8877 1 0.8901792
8762 1 0.5603006
8758 1 0.9999034
8719 1 0.7667909
8667 1 0.8371262
8574 1 0.9998186
8551 1 0.56923896
8537 1 0.67210966
8370 0 0.5309779
8304 1 0.8202307
8224 1 0.54224503
8206 1 0.9998982
7968 1 0.6824654
7916 1 0.989781
7868 0 0.6077626
7685 1 0.999043
7679 1 0.99906456
7657 1 0.99906445
7653 1 0.9990454
7611 1 0.999044
7431 0 0.55934
7412 1 0.99984354
7393 1 0.5155429
7312 0 0.6600999
7251 0 0.56810254
7243 0 0.5193626
7060 0 0.6296472
6951 1 0.63127273
6857 1 0.99982274
6805 1 0.6997353
6770 1 0.8960086
6618 1 0.6268725
6593 1 0.54026395
6592 1 0.60654426
6591 1 0.6191515
6500 1 0.57462883
6280 0 0.7336533
6250 1 0.9795387
6204 1 0.9927056
5972 1 0.69853354
5693 0 0.5118113
5503 1 0.9988094
5393 1 0.9987765
5392 1 0.99887437
5185 1 0.9988685
4756 1 0.99982363
4609 1 0.9993592
4095 1 0.70595175
4085 1 0.8811795
3958 1 0.7216159
3918 1 0.83807385
3835 1 0.6371602
3780 1 0.90435374
2457 1 0.83195156
2456 1 0.5977737
2454 1 0.7080615
2335 1 0.628321
2288 1 0.9334568
1855 1 0.9996638
765 1 0.99913746
463 1 0.99959624
425 1 0.99985737
35 1 0.9981078
1950 1 0.9998373
1516 1 0.99988306
1244 1 0.99935997
105 1 0.9980359
118 1 0.99917006
109 1 0.99944764
69 1 0.9996149
66 1 0.8534941
50 1 0.9998368
40 1 0.9997914
20 1 0.99902457
34 1 0.99913317
5631 1 0.99959797
5615 1 0.9982658
5561 1 0.9991711
5560 1 0.9971567
5507 1 0.9992149
5474 1 0.9996569
5462 1 0.9982628
5449 1 0.9996426
5448 1 0.99838954
5434 1 0.9987524
5432 1 0.9984972
5423 1 0.99826473
5412 1 0.97288305
5407 1 0.99895716
5398 1 0.99715656
5397 1 0.9991035
5394 1 0.9984458
5374 1 0.99987656
5373 1 0.99538517
5354 1 0.99922776
5322 1 0.99960494
5304 1 0.9981929
5299 1 0.9983912
5297 1 0.9991706
5248 1 0.9976144
5247 1 0.99732614
5236 1 0.9991043
5230 1 0.9973275
5223 1 0.9995136
5214 1 0.9991219
5210 1 0.99937904
5201 1 0.99897695
5195 1 0.9992782
5159 1 0.9991996
5136 1 0.9992775
5107 1 0.999122
5084 1 0.99871284
5083 1 0.9985912
5061 1 0.9994864
5053 1 0.9990664
5042 1 0.9996569
5037 1 0.99928963
5009 1 0.99969876
4992 1 0.9988186
4989 1 0.99972135
4988 1 0.99944866
4970 1 0.9987862
4954 1 0.99881655
4949 1 0.9991701
4938 1 0.999004
4924 1 0.9998479
4920 1 0.99921495
4918 1 0.9995867
4909 1 0.9992529
4896 1 0.99915445
4870 1 0.9958172
4835 1 0.99926615
4834 1 0.99893063
4828 1 0.9998323
4804 1 0.99890447
4803 1 0.99936944
4788 1 0.99960494
4777 1 0.9986371
4769 1 0.99922824
4743 1 0.9991382
4741 1 0.997945
4739 1 0.99945366
4736 1 0.99906635
4734 1 0.99950916
4730 1 0.9990464
4706 1 0.99952954
4705 1 0.95925033
4682 1 0.999085
4679 1 0.99974513
4676 1 0.99898094
4665 1 0.9994477
4662 1 0.99784327
4656 1 0.9988476
4626 1 0.9993115
4608 1 0.99915516
4606 1 0.99884874
4594 1 0.9987861
4571 1 0.9988479
4557 1 0.9982653
4552 1 0.9991853
4551 1 0.9989307
4544 1 0.99933267
4539 1 0.99904424
4534 1 0.99912196
4507 1 0.99485105
4506 1 0.9967391
4496 1 0.998331
4491 1 0.9983857
4484 1 0.99949807
4447 1 0.99839073
4446 1 0.99833083
4427 1 0.9971549
4426 1 0.99875057
4397 1 0.9978448
4392 1 0.9989322
4386 1 0.9992
4383 1 0.9973275
4353 1 0.99838936
4311 1 0.99863297
4298 1 0.99925387
4295 1 0.9986375
4279 1 0.9987857
4277 1 0.9971564
4271 1 0.99902576
4193 1 0.9961784
4188 1 0.99838746
4149 1 0.9969606
4132 1 0.9974726
4129 1 0.99747884
4114 1 0.99871624
4108 1 0.9992658
4097 1 0.9990038
4029 1 0.9991702
4018 1 0.9994036
4017 1 0.9994415
3988 1 0.9996488
3984 1 0.9996857
3976 1 0.9971563
3975 1 0.9994197
3974 1 0.99881876
3972 1 0.99859405
3969 1 0.999594
3961 1 0.9990653
3926 1 0.999137
3909 1 0.9988474
3898 1 0.99908334
3890 1 0.99884844
3888 1 0.9997991
3814 1 0.9995977
3791 1 0.99893224
3776 1 0.99970204
3762 1 0.9996281
3746 1 0.99672866
3740 1 0.99854875
3722 1 0.99881685
3705 1 0.99956644
3693 1 0.9986777
3659 1 0.99803513
3612 1 0.9993215
3610 1 0.9985468
3577 1 0.9989032
3510 1 0.99950373
3509 1 0.99939597
3508 1 0.999674
3491 1 0.998637
3485 1 0.9985922
3448 1 0.9984474
3435 0 0.5336221
3432 1 0.9994982
3429 1 0.99900377
3414 1 0.99939543
3406 1 0.99863756
3371 1 0.9991707
3354 1 0.9993787
3286 1 0.99984956
3275 1 0.9988141
3262 1 0.9983909
3259 1 0.9987506
3257 1 0.99927855
3256 1 0.9991216
3229 1 0.99900395
3205 1 0.99825776
3203 1 0.99844056
3183 1 0.9986332
3176 1 0.99673945
3054 1 0.9977322
3036 1 0.9976006
3014 1 0.9998662
3011 1 0.9993791
2995 1 0.9994192
2984 0 0.615622
2966 1 0.9988493
2958 1 0.99803275
2939 1 0.99902356
2926 1 0.9998342
2909 1 0.99946797
2908 1 0.99895644
2874 1 0.99961966
2848 1 0.99878573
2847 1 0.9988474
2819 1 0.9981151
2818 1 0.9974792
2783 1 0.99906385
2763 1 0.99859077
2738 1 0.9980335
2709 1 0.9984403
2706 1 0.99908423
2662 1 0.9990665
2660 1 0.99919933
2644 1 0.999278
2588 1 0.9992149
2586 1 0.99913794
2574 1 0.9993319
2568 1 0.8755257
2560 1 0.9988776
2544 1 0.99867755
2542 1 0.99854845
2540 1 0.99747294
2499 1 0.99913776
2495 1 0.9991698
2482 1 0.9989056
2449 1 0.9991027
2444 1 0.999369
2437 1 0.9986719
2419 1 0.99040544
2414 1 0.99925447
2394 1 0.998981
2364 1 0.9989806
2349 1 0.9979406
2346 1 0.9989322
2339 1 0.99910325
2338 1 0.99931175
2309 1 0.99803585
2242 1 0.9986321
2238 1 0.9974747
2191 1 0.99884933
2139 1 0.99895334
2120 1 0.9998188
2103 1 0.9997533
2091 1 0.99952996
2080 1 0.9981045
2062 1 0.9992136
2061 1 0.9987855
2000 1 0.99953914
1955 1 0.99803585
1952 1 0.9964782
1946 1 0.9997587
1943 1 0.99802953
1940 1 0.9992006
1876 1 0.9995663
1859 1 0.9994865
1858 1 0.99982524
1857 1 0.9989025
1851 1 0.99954426
1829 1 0.99890465
1824 1 0.9985901
1810 1 0.9984994
1803 1 0.99904656
1789 1 0.9991218
1782 1 0.99854773
1767 1 0.99878436
1752 1 0.9995286
1746 1 0.9997866
1741 1 0.9976135
1716 1 0.9988484
1690 1 0.99900323
1663 1 0.9985929
1654 1 0.9980336
1653 1 0.999419
1641 1 0.99871284
1634 1 0.9979434
1618 1 0.99839145
1617 1 0.99819463
1609 1 0.9986337
1606 1 0.99902344
1603 1 0.9992533
1543 1 0.9993109
1541 1 0.9988178
1539 1 0.9984474
1494 1 0.999199
1489 1 0.9990032
1478 1 0.9979397
1466 1 0.99874985
1457 1 0.99921364
1411 1 0.999228
1404 1 0.9983277
1290 1 0.99871516
1287 1 0.99844617
1278 1 0.99878466
1246 1 0.99969804
1219 1 0.9984998
1182 1 0.9985488
1181 1 0.99890524
1167 1 0.9993601
1162 1 0.9993793
1161 1 0.99887705
1144 1 0.9983297
1077 1 0.9985927
1028 1 0.99833035
1026 1 0.99895704
1021 1 0.9979406
944 1 0.99715286
941 1 0.9990844
937 1 0.9987162
934 1 0.99832857
931 1 0.9953854
904 1 0.9991855
896 1 0.99871576
893 1 0.9991032
888 1 0.996481
830 1 0.99954885
818 1 0.9979452
777 1 0.99863464
751 1 0.99964267
733 1 0.99906677
725 1 0.99538434
692 1 0.9993793
673 1 0.99920076
672 1 0.99917066
665 1 0.9985488
644 1 0.99794483
642 1 0.99818826
604 1 0.9984999
587 1 0.9990666
562 1 0.99803597
536 1 0.99854875
524 1 0.99863684
520 1 0.9989309
511 1 0.99890465
456 1 0.9985467
454 1 0.9973273
432 1 0.998672
428 1 0.9990464
424 1 0.9997104
412 1 0.99920017
410 1 0.99926615
408 1 0.9991702
402 1 0.99927765
393 1 0.9994118
378 1 0.99731123
377 1 0.9993322
360 1 0.99854857
355 1 0.8994708
336 1 0.99893194
323 1 0.9989322
313 1 0.9985937
305 1 0.9992666
298 1 0.9994548
291 1 0.9989037
267 1 0.8508491
253 1 0.9953812
249 1 0.9983874
232 1 0.9978428
215 1 0.9994256
185 1 0.99581975
164 1 0.99696237
144 1 0.9988171
120 1 0.9980348
56 1 0.9964744
47 1 0.9978452
203 1 0.9980307
168 1 0.99978864
51 1 0.99968994
40 1 0.9974787
115 1 0.999466
68 1 0.99979025
41 1 0.9987064
19 1 0.99927557
163 1 0.9998035
55 1 0.6588852
109 1 0.9980339
19 1 0.90882844
1216 1 0.9993947
1192 1 0.9992122
1036 1 0.99826574
859 1 0.99979436
726 1 0.9747797
536 1 0.99959385
432 1 0.99959356
375 1 0.99867636
330 1 0.9996047
320 1 0.99954385
249 1 0.99906284
248 1 0.9990451
53 1 0.9996859
47 1 0.9994981
32 1 0.9992537
1906 1 0.99944806
1871 1 0.99900264
1863 1 0.99951464
1781 1 0.9989022
1554 1 0.93730474
1533 1 0.97792125
1296 1 0.99884623
1284 1 0.9986351
1246 1 0.9988736
1160 1 0.9996217
1054 1 0.99895364
762 1 0.9996153
737 1 0.95714897
639 1 0.99893034
541 1 0.99952984
535 1 0.9992275
469 1 0.99648166
373 1 0.9995246
282 1 0.9985947
174 1 0.99949723
140 1 0.99803144
124 1 0.9992878
46 1 0.9994181
611 1 0.99983317
261 1 0.9993325
259 1 0.99803156
73 1 0.99832773
302 1 0.9991708
296 1 0.9974725
161 1 0.99878514
19 1 0.99915504
85 1 0.6724137
212 1 0.9194204
200 1 0.5616041
198 1 0.8919515
176 1 0.83359027
175 1 0.9318563
163 1 0.88775057
160 1 0.9559828
158 1 0.8718054
155 1 0.8616879
121 1 0.8863482
119 1 0.68873703
118 1 0.69916975
114 1 0.83768755
113 1 0.7659094
87 1 0.8294472
72 0 0.6640364
52 1 0.7901856
48 1 0.73742163
35 1 0.9083787
32 1 0.72057474
7 1 0.89750713
33 1 0.9981175
193 1 0.99966407
167 1 0.9998529
25 1 0.9976101
407 1 0.99937034
398 1 0.99962467
380 1 0.99925214
358 1 0.9980328
334 1 0.9998307
323 1 0.99715424
316 1 0.9990643
302 1 0.99921495
261 1 0.9998312
239 1 0.9989286
182 1 0.9992786
159 1 0.99985665
89 1 0.99977344
88 1 0.9994604
3 1 0.99793875
667 1 0.9990034
385 1 0.9995288
380 1 0.9990655
335 1 0.99968743
132 1 0.9996367
112 1 0.9987832
96 1 0.65599024
92 1 0.9520586
34 1 0.99538165
27 1 0.9996958
1311 1 0.9993613
1309 1 0.99953485
1229 1 0.9986761
1227 1 0.9986376
1226 1 0.9989573
1214 1 0.99859434
1210 1 0.9991836
1207 1 0.99761313
1009 1 0.9995901
858 1 0.9981189
793 1 0.99959695
792 1 0.9998775
681 1 0.9993419
551 1 0.99773604
527 1 0.9989545
517 1 0.999103
497 1 0.99941176
478 1 0.99966216
459 1 0.99982923
408 1 0.99875224
405 1 0.9989532
364 1 0.9983265
311 1 0.99915487
309 1 0.99963135
224 1 0.9996044
178 1 0.9958198
158 1 0.9961791
157 1 0.99732405
76 1 0.9990022
70 1 0.99954766
69 1 0.99648005
58 1 0.99714893
44 1 0.999299
4 1 0.99981725
227 1 0.99937814
169 1 0.9969485
312 1 0.9989987
303 1 0.99938667
259 1 0.99881655
254 1 0.9991185
243 1 0.9995293
238 1 0.9778725
225 1 0.9984458
165 1 0.9969478
148 1 0.8277638
119 1 0.99924034
114 1 0.99844056
93 1 0.9976073
85 1 0.99956596
75 1 0.9601099
59 1 0.99838257
40 1 0.99844396
36 1 0.9979404
24 1 0.9988475
8 1 0.9991006
4 1 0.9992999
165 1 0.9984424
143 1 0.9973245
112 1 0.99844617
85 1 0.9971449
82 1 0.9997168
208 1 0.9997029
175 1 0.999558
117 1 0.99915427
37 1 0.9976035
20 1 0.99863386
1552 1 0.9995035
1475 1 0.99926645
1403 1 0.9986773
1371 1 0.99906373
1333 1 0.9989276
1327 1 0.99916965
1290 1 0.9977254
1239 1 0.9967377
954 1 0.9981139
845 1 0.99874437
721 1 0.9990255
686 1 0.8810825
681 1 0.86419386
666 1 0.99908566
622 1 0.99825764
598 1 0.99849546
590 1 0.9981858
585 1 0.99818975
542 1 0.99759907
459 1 0.9994924
443 1 0.99960095
346 1 0.99871576
262 1 0.9974755
193 1 0.81407386
185 1 0.99849594
145 1 0.9974792
123 1 0.99731964
55 1 0.99537283
289 1 0.99811506
285 1 0.9998093
284 1 0.99715483
275 1 0.99926615
213 1 0.8519414
205 1 0.99826306
203 1 0.99953425
177 1 0.99988693
145 1 0.99915355
116 1 0.9983297
56 1 0.99900335
55 1 0.9989055
54 1 0.9988488
47 1 0.99895567
25 1 0.99867725
126 1 0.99819285
84 1 0.9757406
58 1 0.99984485
43 1 0.9999717
22 1 0.9924802
5 1 0.997945
3 1 0.99811506
8 1 0.9941725
769 0 0.85620344
687 0 0.7847328
675 0 0.77038527
152 0 0.6158855
71 1 0.81766677
54 1 0.99884415
53 1 0.99784136
52 1 0.9992143
29 1 0.998932
10 1 0.9984473
179 1 0.9994798
106 1 0.99874955
95 1 0.9991858
72 1 0.9994036
21 1 0.99696183
8 1 0.9001158
775 1 0.9986719
322 1 0.9328269
297 1 0.9984956
268 1 0.9994972
246 1 0.7030335
216 1 0.8584346
157 1 0.9885926
47 1 0.9996939
30 1 0.96547425
26 1 0.67915314
1548 1 0.9981936
1495 1 0.9994968
1453 1 0.9996046
1362 1 0.99910355
1361 1 0.99946105
1278 1 0.99819523
1269 1 0.99902505
1262 1 0.86960584
1243 1 0.9991016
1221 1 0.9991389
1219 1 0.99887687
1207 1 0.99971014
509 1 0.894847
114 1 0.9995579
626 1 0.77896434
609 1 0.8621428
604 1 0.9995298
573 1 0.997325
570 1 0.998931
465 1 0.9997925
421 1 0.9993682
296 1 0.9991858
285 1 0.99941134
237 1 0.79183644
196 1 0.99819523
194 1 0.99987656
12 1 0.99920076
650 1 0.99956244
648 1 0.99981743
642 1 0.9865067
641 1 0.99901724
629 1 0.99983853
624 1 0.9994743
565 1 0.999686
563 1 0.9997104
520 1 0.9985864
490 1 0.99949145
489 1 0.9995746
483 1 0.9981885
475 1 0.9990464
463 1 0.9999461
416 1 0.99859387
415 1 0.9993012
411 1 0.9995903
378 1 0.99965143
341 1 0.9353436
298 1 0.9998793
295 1 0.99964595
288 1 0.99908566
283 1 0.9993223
247 1 0.99895537
173 1 0.99946105
161 1 0.9989048
138 1 0.9998806
127 1 0.99910426
121 1 0.9993417
104 1 0.99910337
87 1 0.90845525
72 1 0.9994921
425 1 0.99715006
415 1 0.997612
265 1 0.99673754
109 1 0.9979299
108 1 0.99747705
101 1 0.9988163
91 1 0.9971511
65 1 0.9118587
688 1 0.9974784
256 1 0.99417555
189 1 0.99482435
98 1 0.99773043
11 1 0.9996279
140 1 0.9996997
127 1 0.9996457
74 1 0.86752135
7 1 0.9948244
3095 1 0.9993606
3060 1 0.9986774
3054 1 0.99921113
3032 1 0.9992138
3001 1 0.99917
2845 1 0.99902445
2818 1 0.9986353
2765 1 0.99928963
2596 1 0.99803346
2523 1 0.9991031
2340 1 0.99884635
2303 1 0.99878615
2111 1 0.99908507
2008 1 0.9992648
2002 1 0.9993318
1970 1 0.99832976
1692 1 0.99959415
1539 1 0.9507646
1527 1 0.99927616
1497 1 0.9969604
1448 1 0.99897844
1359 1 0.7806403
1316 1 0.999419
1190 1 0.9980347
1091 1 0.99890584
1034 1 0.9994262
1031 1 0.99803597
961 1 0.9989023
929 1 0.9985415
817 1 0.99844706
642 1 0.9999717
628 1 0.99878556
610 1 0.9948232
469 1 0.9991029
460 1 0.99761444
457 1 0.9988171
212 1 0.9987155
175 1 0.99890536
448 1 0.99886984
437 1 0.99917006
408 1 0.9993947
295 1 0.9980206
188 1 0.995342
90 1 0.99956554
14 1 0.9998408
2 1 0.99895376
89 1 0.9990847
39 1 0.9998674
33 1 0.9998451
678 1 0.9986358
622 1 0.9995573
616 1 0.9987505
584 1 0.99838865
504 1 0.99898064
450 1 0.9989531
157 1 0.99893135
63 1 0.9987854
61 1 0.9976131
47 1 0.99890256
89 1 0.995386
84 1 0.9987846
81 1 0.9997962
75 1 0.99773496
74 1 0.9991852
72 1 0.9998806
65 1 0.99811304
64 1 0.99854547
50 1 0.99964863
34 1 0.99973124
30 1 0.998497
21 1 0.9983852
9 1 0.99884725
8 1 0.99761266
5 1 0.99826556
412 1 0.5256615
524 1 0.99871373
70 1 0.99874836
39 1 0.999395
1973 1 0.9998673
1947 1 0.99936694
1923 1 0.9999028
1921 1 0.99931085
1906 1 0.9992257
1897 1 0.9989808
1874 1 0.99925417
1821 1 0.99696094
1805 1 0.99715656
1773 1 0.96050775
1597 1 0.9941083
1595 1 0.99576634
1548 1 0.998817
1547 1 0.9986358
1475 1 0.9948458
1314 1 0.999103
1313 1 0.99695486
1273 1 0.9995036
1252 1 0.99831796
1196 1 0.99793893
1179 1 0.99887526
1133 1 0.9983913
1075 1 0.99772376
956 1 0.99773455
783 1 0.9971425
782 1 0.9964598
700 1 0.99714494
664 1 0.8815888
663 1 0.9977327
659 1 0.99731266
472 1 0.9985931
471 1 0.9986362
439 1 0.99930954
427 1 0.9958197
306 1 0.621017
303 1 0.9993205
114 1 0.9988157
83 1 0.65062344
67 1 0.9967388
63 1 0.99849725
898 1 0.99871427
785 1 0.9981131
719 1 0.99932134
657 1 0.99975365
655 1 0.9997551
551 1 0.9995037
536 1 0.99938726
510 1 0.99211043
484 1 0.9993845
458 1 0.9543491
137 1 0.9984975
2311 1 0.99952877
2297 1 0.9987122
1819 1 0.99993926
1667 1 0.9988757
1202 1 0.995378
1034 1 0.99940264
1033 1 0.99854875
747 1 0.99878407
544 1 0.9988177
522 1 0.99803406
520 1 0.9882913
442 1 0.9997142
391 1 0.99871206
361 1 0.9996313
340 1 0.9985485
254 1 0.9995704
172 1 0.9994345
32 1 0.99938637
31 1 0.99867254
91 1 0.9973154
87 1 0.996733
7 1 0.99933976
232 1 0.99839014
214 1 0.99949765
176 1 0.9995343
83 1 0.99773586
73 1 0.9984997
50 1 0.9981108
23 1 0.99863183
125 1 0.9991699
665 1 0.99960726
125 1 0.7269713
7 1 0.999152
15 1 0.9996807
123 1 0.9969506
107 1 0.9658964
101 1 0.9993611
100 1 0.9995522
79 1 0.9983276
75 1 0.99760824
74 1 0.99746543
69 1 0.9993002
67 1 0.807562
65 1 0.999601
64 1 0.999608
27 1 0.99994063
26 1 0.9983309
24 1 0.99863625
20 1 0.9992402
14 1 0.99695426
13 1 0.9982657
11 1 0.99890226
10 1 0.99582
3 1 0.9969616
2 1 0.9974781
124 1 0.9994481
58 1 0.9996118
6 1 0.99646884
68 1 0.7776436
45 1 0.518188
39 1 0.88830256
1 1 0.87356853
86 1 0.9979407
42 1 0.99884605
33 1 0.9995659
754 1 0.99863535
752 1 0.9996742
747 1 0.99975353
746 1 0.9967344
729 1 0.99985796
727 1 0.99760836
724 1 0.99773514
715 1 0.99784255
698 1 0.9987459
693 1 0.9990462
685 1 0.9988768
680 1 0.99881834
668 1 0.99875224
651 1 0.9985945
646 1 0.99859065
617 1 0.9077101
606 1 0.99897933
597 1 0.99747825
588 1 0.9974723
576 1 0.99859166
563 1 0.997316
552 1 0.99819356
540 1 0.9993313
533 1 0.9991699
509 1 0.9980345
446 1 0.9986351
444 1 0.94011676
441 1 0.9994671
394 1 0.9977303
370 1 0.9977346
339 1 0.99849916
331 1 0.966475
281 1 0.9988162
212 1 0.9993597
193 1 0.99959046
190 1 0.99895656
160 1 0.9992979
153 1 0.99926436
147 1 0.99811906
142 1 0.9996249
128 1 0.99875
117 1 0.99938697
116 1 0.9987494
108 1 0.99773395
100 1 0.9987134
96 1 0.999441
91 1 0.94267786
56 1 0.9983253
49 1 0.99714816
28 1 0.999288
278 1 0.9995575
185 1 0.99536407
111 1 0.9995251
7393 1 0.9984921
6141 1 0.99946016
6063 1 0.99920017
5654 1 0.9987133
5611 1 0.9985935
5286 1 0.99977154
3857 1 0.99838567
3856 1 0.99838567
2043 1 0.9997746
474 1 0.9987522
253 1 0.99944776
716 1 0.99954253
607 1 0.9991993
162 1 0.9991166
28 1 0.9964813
22 1 0.99915063
14 1 0.9992881
11 1 0.9993009
8 1 0.9991367
1 1 0.99935097
813 1 0.8659908
648 1 0.89803064
544 1 0.99895555
529 1 0.5504455
528 1 0.5445352
347 1 0.9985427
34 1 0.99732316
6713 1 0.9993702
6689 1 0.99871486
6590 1 0.99844587
6564 1 0.99732715
6524 1 0.9991991
6516 1 0.9995824
6513 1 0.9958185
6511 1 0.9991998
6505 1 0.9995746
6250 1 0.9967393
6233 1 0.86497146
6166 1 0.99908537
6144 1 0.99747616
6133 1 0.99898046
6078 1 0.9973273
5967 1 0.9988169
5908 1 0.9971512
5699 1 0.9987138
5687 1 0.9623491
5680 1 0.99910265
5584 1 0.99918455
5570 1 0.99694633
5501 1 0.9967386
5485 1 0.9988471
5383 1 0.99849707
5376 1 0.99616426
5369 1 0.99839085
5358 1 0.9974722
5316 1 0.9977358
5306 1 0.99960864
5298 1 0.99732715
5115 1 0.9984963
5080 1 0.9997591
5029 1 0.99863565
4977 1 0.9995535
4920 1 0.99922705
4801 1 0.9993216
4742 1 0.99887395
4666 1 0.9964659
4641 1 0.9981878
4610 1 0.99984896
4484 1 0.99825317
4442 1 0.99898064
4421 1 0.9996118
4207 1 0.99884903
4186 1 0.99617684
4143 1 0.99924093
3881 1 0.99935114
3856 1 0.9976102
3743 1 0.9997359
3614 1 0.9997042
3549 1 0.9996143
3529 1 0.998751
3412 1 0.99773014
3376 1 0.9979421
3037 1 0.9992652
3036 1 0.9994036
2855 1 0.99950314
2827 1 0.9978457
2761 1 0.99844486
2757 1 0.99959046
2724 1 0.99696237
2695 1 0.9990257
2687 1 0.9993114
2686 1 0.9991033
2653 1 0.99783194
2646 1 0.99924123
2617 1 0.99929994
2613 1 0.9948474
2605 1 0.99673456
2558 1 0.9997726
2499 1 0.99956936
2469 1 0.99913657
2445 1 0.99760926
2441 1 0.99961156
2407 1 0.9988186
2295 1 0.99793667
2290 1 0.99943393
2246 1 0.99859214
2171 1 0.99956656
2168 1 0.99826527
1950 1 0.9993314
1890 1 0.99915427
1779 1 0.99696076
1771 1 0.9981908
1632 1 0.91338205
1610 1 0.9686564
1505 1 0.938202
1180 1 0.99884737
1064 1 0.99887776
1059 1 0.997156
1056 1 0.99975204
1032 1 0.9991699
1029 1 0.9985472
1015 1 0.99714583
927 1 0.9994121
883 1 0.99949825
861 1 0.99975336
771 1 0.9983909
762 1 0.99969035
754 1 0.99854416
745 1 0.99793905
508 1 0.9990035
429 1 0.9989296
364 1 0.9987091
39 1 0.994174
36 1 0.99324316
32 1 0.99484885
31 1 0.9948466
19 1 0.994174
16 1 0.99324316
12 1 0.99484885
11 1 0.9948466
10 1 0.9948466
8 1 0.99844456
579 1 0.99947935
474 1 0.99694246
473 1 0.99906635
188 1 0.9980298
95 1 0.998903
39 1 0.9993497
883 1 0.9828458
371 1 0.9988146
370 1 0.99673456
327 1 0.9993508
242 1 0.99987626
241 1 0.9996806
121 1 0.9862341
2 1 0.99874175
66 1 0.999839
55 1 0.99982226
26 1 0.999826
19 1 0.99887526
17 1 0.999379
37 1 0.9993592
23 1 0.99832875
490 1 0.9082601
380 1 0.9964605
273 1 0.9983908
261 1 0.9995737
218 1 0.969271
165 1 0.998263
127 1 0.8459713
67 1 0.9967272
20 1 0.99329853
43 1 0.9745739
18 1 0.9974757
526 1 0.9993411
32 1 0.5156261
38 1 0.99976134
27 1 0.99838895
2068 1 0.99921304
2016 1 0.99941975
1995 1 0.9989029
1963 1 0.9993953
1957 1 0.93673384
1899 1 0.99761397
1885 1 0.99853873
1879 1 0.99854827
1841 1 0.9692441
1831 1 0.99979675
1763 1 0.9989052
1733 1 0.9994271
1585 1 0.99993944
1357 1 0.99867344
1346 1 0.58641094
1022 1 0.99984527
992 1 0.9746881
868 1 0.9993005
822 1 0.9998128
745 1 0.9995523
736 1 0.9996454
716 1 0.9826261
680 1 0.92419565
641 1 0.94813055
613 1 0.9994667
563 1 0.9986346
512 1 0.9987856
507 1 0.97109336
394 1 0.9992661
198 1 0.99941033
643 1 0.8807587
7 1 0.99973273
24 1 0.9990855
21 1 0.9995706
5 1 0.99998224
10 1 0.9980317
36 1 0.9992136
23 1 0.9991017
31 1 0.99746567
1343 1 0.9964808
1209 1 0.99981254
1141 1 0.99942696
1110 1 0.99617714
1054 1 0.9985487
1053 1 0.9983911
1051 1 0.9983911
1048 1 0.99329597
1042 1 0.99832886
1030 1 0.9981145
977 1 0.9941757
976 1 0.9982652
972 1 0.9941676
929 1 0.9967388
911 1 0.995386
823 1 0.99957037
822 1 0.9994542
821 1 0.9997653
649 1 0.9985947
645 1 0.9997045
319 1 0.9974792
249 1 0.99925274
215 1 0.9964817
190 1 0.9983851
180 1 0.99773467
73 1 0.9983903
59 1 0.9994978
2 1 0.99772924
24 1 0.9995091
41 1 0.9981903
31 1 0.99921286
21 1 0.9974626
114 1 0.9995036
252 1 0.9991337
41 1 0.99936813
108 1 0.9981862
39 1 0.9986741
78 1 0.99942505
22 1 0.99878573
213 1 0.99673796
208 1 0.99936014
204 1 0.99946105
190 1 0.9980333
169 1 0.9989797
110 1 0.9971566
106 1 0.99773556
98 1 0.8984214
80 1 0.99962795
74 1 0.99913704
12 1 0.9978449
8 1 0.8226391
6 1 0.9993955
2 1 0.99744505
54 1 0.9991009
3167 1 0.9993102
3017 1 0.99969447
2981 1 0.99922806
2676 1 0.999931
2655 1 0.9993873
2638 1 0.9976127
2582 1 0.9979444
2373 1 0.99893034
2360 1 0.9992279
2255 1 0.99957496
1575 1 0.994851
1540 1 0.99935126
1536 1 0.99979335
1535 1 0.9989316
1524 1 0.9997209
1518 1 0.9997898
1386 1 0.9990028
1380 1 0.9993521
1260 1 0.99926645
1256 1 0.99971914
991 1 0.9996045
984 1 0.9994975
979 1 0.99918306
953 1 0.9998118
920 1 0.9893126
789 1 0.98215294
673 1 0.9997746
571 1 0.99950826
547 1 0.99979526
497 1 0.99838954
443 1 0.9958191
85 1 0.9990254
117 1 0.9991837
95 1 0.99953866
75 1 0.99890554
72 1 0.99859464
49 1 0.9992532
48 1 0.99826556
47 1 0.99893177
43 1 0.99921364
34 1 0.99794525
22 1 0.99803466
14 1 0.99863636
11 1 0.9999474
2 1 0.9969617
43 1 0.9989314
42 1 0.9994408
41 1 0.9964813
38 1 0.998264
28 1 0.9992894
10 1 0.9987852
7 1 0.99884844
457 1 0.9989035
275 1 0.8747838
263 1 0.9997588
232 1 0.66629493
228 1 0.99949694
211 1 0.99771297
200 1 0.90098166
40 1 0.99987346
35 1 0.9980345
32 1 0.9996836
28 1 0.9991211
27 1 0.99927783
5 1 0.99938697
3 1 0.999085
2 1 0.99913675
1 1 0.9993615
123 1 0.99871165
160 1 0.999778
154 1 0.9988731
152 1 0.9997884
150 1 0.99944794
135 1 0.9202575
100 1 0.999692
77 1 0.9997792
95 1 0.99941844
78 1 0.99811894
9 1 0.9996334
205 1 0.99792314
16 1 0.99918234
146 1 0.9997778
16 1 0.88853
14 1 0.9984444
13 1 0.99893206
12 1 0.99874836
10 1 0.99887836
1 1 0.99940395
12 1 0.998384
393 1 0.99908245
51 1 0.99986076
33 1 0.999171
13 1 0.9986361
8 1 0.9991685
4 1 0.99695957
270 1 0.99932116
187 1 0.9981919
166 1 0.996727
94 1 0.9997064
83 1 0.99980277
56 1 0.9985476
47 1 0.9996244
40 1 0.99973595
39 1 0.9995865
22 1 0.944897
14 1 0.9993011
13 1 0.99890524
5 1 0.9997761
24 1 0.99694854
93 1 0.99772716
8 1 0.9996897
681 1 0.9455115
543 1 0.9988132
364 1 0.99966425
60 1 0.9983876
212 1 0.91179216
196 1 0.99948645
148 1 0.998929
40 1 0.9984431
11 1 0.9993507
266 1 0.9967397
207 1 0.9973156
205 1 0.9995791
176 1 0.9991855
170 1 0.9990012
144 1 0.999025
101 1 0.9984459
40 1 0.6892076
803 1 0.99932975
785 1 0.6694423
711 1 0.99900335
705 1 0.9988468
701 1 0.99979395
643 1 0.9974643
619 1 0.99886954
583 1 0.9998883
557 1 0.99863267
415 1 0.99329644
409 1 0.99979454
408 1 0.99673736
364 1 0.9997845
361 1 0.99538344
350 1 0.9981173
323 1 0.9976062
293 1 0.998675
152 1 0.9977338
117 1 0.99673223
59 1 0.99538344
53 1 0.99732673
27 1 0.9996515
19 1 0.97949
16 1 0.999509
12 1 0.9998325
7 1 0.99976736
6 1 0.9998109
5 1 0.99990916
21 1 0.9991985
65 1 0.9990235
45 1 0.99890417
41 1 0.9991485
22 1 0.99854755
17 1 0.9981167
370 1 0.99935985
344 1 0.99974346
323 1 0.99941933
259 1 0.9976129
258 1 0.9993956
253 1 0.99867594
216 1 0.9995391
209 1 0.9994038
177 1 0.99863577
139 1 0.9995091
111 1 0.9996427
81 1 0.9992396
60 1 0.99902534
59 1 0.9990239
44 1 0.99992615
43 1 0.9979359
38 1 0.99911785
18 1 0.9990021
23 1 0.9977282
18 1 0.99859065
17 1 0.9996342
24 1 0.9964813
158 1 0.9989542
136 1 0.99794364
104 1 0.9989543
288 1 0.9961641
214 1 0.99965394
195 1 0.9995573
181 1 0.9988488
159 1 0.9991706
97 1 0.99936825
96 1 0.9992148
95 1 0.99912196
93 1 0.99902457
92 1 0.99927694
91 1 0.9992538
82 1 0.9995526
65 1 0.9995035
55 1 0.9978453
47 1 0.99784094
22 1 0.97901684
21 1 0.9995938
19 1 0.9995706
1 1 0.99672693
15 1 0.9973234
12 1 0.99951917
351 1 0.9981871
306 1 0.9989788
301 1 0.99715567
300 1 0.9988779
288 1 0.99648094
272 1 0.9980353
252 1 0.99957794
244 1 0.99989516
224 1 0.99715483
211 1 0.99838704
152 1 0.9994031
76 1 0.99918586
898 1 0.907727
820 1 0.9979451
678 1 0.9996666
482 1 0.9997777
82 1 0.9978429
45 1 0.9996642
38 1 0.99946076
17 1 0.9981144
10 1 0.9992888
7 1 0.9995083
1 1 0.9989311
29 1 0.9971567
29 1 0.9992531
7 1 0.99968135
112 1 0.9967387
23 1 0.99854165
22 1 0.9998348
130 1 0.99927866
90 1 0.88946706
67 1 0.9996456
59 1 0.976268
1 1 0.9990211
229 1 0.9995085
33 1 0.99912095
120 1 0.9990236
98 1 0.9998378
74 1 0.9976136
66 1 0.9996365
8 1 0.9980252
963 1 0.9994404
945 1 0.99979925
917 1 0.9989811
915 1 0.99714833
897 1 0.99772453
868 1 0.99784184
848 1 0.9932984
819 1 0.99981165
785 1 0.99982655
706 1 0.9969432
679 1 0.9974775
644 1 0.9991202
633 1 0.99937034
596 1 0.99942595
571 1 0.998115
558 1 0.9976143
557 1 0.8788141
497 1 0.99884564
489 1 0.99952453
487 1 0.99819046
453 1 0.9996403
424 1 0.9994972
419 1 0.99951917
411 1 0.9973269
398 1 0.9997261
357 1 0.99930036
332 1 0.9988766
304 1 0.9964806
289 1 0.9994188
268 1 0.99969643
250 1 0.98776835
243 1 0.9994029
238 1 0.9998253
225 1 0.9999518
185 1 0.99987286
156 1 0.9997356
144 1 0.9992146
132 1 0.99936986
95 1 0.9990259
87 1 0.8802368
80 1 0.9986722
16 1 0.99967873
82 1 0.99844104
127 1 0.7385154
115 1 0.9987522
55 1 0.96021605
1 1 0.64977443
166 1 0.99908566
147 1 0.999412
67 1 0.99844736
11 1 0.8016609
26 1 0.99673706
19 1 0.9988186
13 1 0.99955374
12 1 0.9992667
6 1 0.99974686
4 1 0.9948511
1 1 0.9981191
1 1 0.99948674
395 1 0.8527854
350 1 0.9994415
340 1 0.9977353
330 0 0.54892546
281 1 0.99960154
246 1 0.99941194
240 1 0.99962825
199 1 0.9997524
194 1 0.99924153
121 1 0.99946177
117 1 0.99945515
115 1 0.9989806
114 1 0.99761397
94 1 0.99859387
57 1 0.9997048
25 1 0.9988487
24 1 0.99990386
49 1 0.99952006
293 1 0.99967444
287 1 0.9978445
285 1 0.99929005
275 1 0.9988176
249 1 0.9988779
240 1 0.9993327
226 1 0.999579
223 1 0.9995398
220 1 0.999808
203 1 0.99975383
189 1 0.99747896
134 1 0.99977154
131 1 0.99908555
53 1 0.99991137
51 1 0.9996925
7 1 0.99803466
3 1 0.9994552
215 0 0.63068146
5 1 0.99819446
4 1 0.9984994
69 1 0.9991709
44 1 0.99982536
133 1 0.9993521
103 0 0.99016345
86 0 0.91019255
84 0 0.998087
71 0 0.99984837
44 0 0.99532706
48 1 0.9997827
20 1 0.9997909
2629 1 0.99964035
2626 1 0.99946827
2621 1 0.99946827
2569 1 0.9997565
2531 1 0.99898094
2514 1 0.7493798
2487 1 0.99900377
2392 1 0.9994485
2370 1 0.9967387
2367 1 0.9996052
2353 1 0.9987162
2325 1 0.9991859
2320 1 0.99898076
2272 1 0.995819
2225 1 0.9993012
2199 1 0.9979444
2169 1 0.99942714
2125 1 0.9990039
2115 1 0.9987518
2088 1 0.99902564
2072 1 0.99947464
2036 1 0.9994554
1907 1 0.99696225
1880 1 0.9985486
1780 1 0.999775
1779 1 0.9967395
1642 1 0.7670492
1597 1 0.9995251
1585 1 0.99826574
1542 1 0.9948513
1538 1 0.99859434
1510 1 0.99926674
1500 1 0.99928993
1460 1 0.99906653
1355 1 0.9999324
1282 1 0.9990465
1208 1 0.9994867
1191 1 0.99952
1131 1 0.99979186
1111 1 0.9971563
1097 1 0.9976142
1017 1 0.9989807
997 1 0.99906665
988 1 0.9999524
967 1 0.99935204
931 1 0.9998804
828 1 0.8706462
573 1 0.99854857
554 1 0.9994808
210 1 0.99944854
115 1 0.9985945
31 1 0.9990256
14 1 0.99913895
9 1 0.9979443
152 1 0.9995944
207 1 0.998981
159 1 0.9997029
67 1 0.9996087
7 1 0.998752
28 1 0.9981955
82 1 0.9998247
80 1 0.999312
75 1 0.99867815
64 1 0.99975246
58 1 0.9993793
55 1 0.9996516
54 1 0.99956673
53 1 0.99560714
17 1 0.9983305
13 1 0.99942714
875 1 0.99944854
829 1 0.99979573
794 1 0.99887824
793 1 0.9996623
764 1 0.99867815
700 1 0.9979453
588 1 0.9997347
566 1 0.99761426
560 1 0.9981946
558 1 0.99867815
542 1 0.9976143
540 1 0.9998958
493 1 0.9998137
440 1 0.99917096
396 1 0.9994983
387 1 0.99715596
220 1 0.99963444
85 1 0.9986372
84 1 0.99927855
45 1 0.8550928
38 0 0.5141249
29 1 0.9985484
11 1 0.9992543
15 1 0.99902564
11 1 0.9978448
46 1 0.99538594
39 1 0.9989053
14 1 0.99977505
7 1 0.9994619
96 1 0.999657
60 1 0.99974245
38 1 0.9976139
30 1 0.9997197
61 1 0.99924153
27 1 0.9990035
25 1 0.9990034
23 1 0.998932
4 1 0.99819446
13 1 0.9990666
56 1 0.54553545
52 1 0.9985944
38 1 0.99696153
19 1 0.99973786
11 1 0.9993705
8 1 0.99956256
2 1 0.9991217
4 0 0.97509736
6 1 0.99927866
5 1 0.7415795
169 1 0.99920076
149 1 0.58894485
132 1 0.9981188
61 1 0.99978584
23 0 0.6448643
4 1 0.99895716
