[(1, 0.9989297)]
[(1, 0.99863553)]
[(1, 0.9987485)]
[(1, 0.9979435)]
[(1, 0.95881134)]
[(1, 0.9967391)]
[(1, 0.9706016)]
[(1, 0.9997907)]
[(1, 0.9996696)]
[(1, 0.9994336)]
[(1, 0.99784416)]
[(1, 0.9992996)]
[(1, 0.99946195)]
[(1, 0.9992147)]
[(1, 0.9997653)]
[(1, 0.9998188)]
[(1, 0.9996901)]
[(1, 0.99838394)]
[(1, 0.9997927)]
[(1, 0.98455876)]
[(1, 0.99991417)]
[(1, 0.99900377)]
[(1, 0.99832976)]
[(1, 0.9998345)]
[(1, 0.9989527)]
[(1, 0.99826527)]
[(1, 0.9990457)]
[(1, 0.956297)]
[(1, 0.9982605)]
[(1, 0.9996453)]
[(1, 0.9995574)]
[(1, 0.99974006)]
[(1, 0.9991697)]
[(1, 0.9987124)]
[(1, 0.9991674)]
[(1, 0.9981183)]
[(1, 0.99915177)]
[(1, 0.9998216)]
[(1, 0.99761295)]
[(1, 0.9978455)]
[(1, 0.99924153)]
[(0, 0.11349646), (1, 0.8865035)]
[(1, 0.9755302)]
[(1, 0.99974936)]
[(1, 0.99906564)]
[(1, 0.997725)]
[(1, 0.99908376)]
[(1, 0.9993412)]
[(1, 0.99833083)]
[(1, 0.9974785)]
[(1, 0.99617904)]
[(1, 0.9997002)]
[(1, 0.9987491)]
[(1, 0.99648076)]
[(1, 0.99746597)]
[(1, 0.997724)]
[(1, 0.99871397)]
[(1, 0.9995183)]
[(1, 0.9027662)]
[(1, 0.98266786)]
[(1, 0.99985933)]
[(1, 0.9992774)]
[(1, 0.981524)]
[(1, 0.9996814)]
[(1, 0.9997026)]
[(1, 0.9995484)]
[(1, 0.9991853)]
[(1, 0.9997966)]
[(1, 0.9991217)]
[(1, 0.9996902)]
[(1, 0.9998586)]
[(1, 0.9995747)]
[(1, 0.9991388)]
[(0, 0.21975693), (1, 0.78024304)]
[(1, 0.9991854)]
[(1, 0.9992133)]
[(1, 0.99987346)]
[(1, 0.9977347)]
[(1, 0.99942714)]
[(0, 0.116441004), (1, 0.88355905)]
[(1, 0.99916947)]
[(1, 0.9997422)]
[(1, 0.997945)]
[(1, 0.99964553)]
[(1, 0.99918616)]
[(1, 0.9967088)]
[(0, 0.14966635), (1, 0.8503337)]
[(1, 0.9990645)]
[(1, 0.99989086)]
[(1, 0.9994029)]
[(1, 0.99900305)]
[(1, 0.99794483)]
[(1, 0.99917006)]
[(1, 0.9967385)]
[(1, 0.9987851)]
[(1, 0.99967563)]
[(1, 0.9967361)]
[(1, 0.997156)]
[(0, 0.56791055), (1, 0.4320894)]
[(1, 0.99893063)]
[(0, 0.6003983), (1, 0.3996017)]
[(0, 0.6700775), (1, 0.3299225)]
[(0, 0.209619), (1, 0.790381)]
[(0, 0.2140153), (1, 0.7859847)]
[(0, 0.34610933), (1, 0.6538907)]
[(0, 0.25320834), (1, 0.7467917)]
[(1, 0.99747217)]
[(0, 0.16184412), (1, 0.83815587)]
[(0, 0.31928334), (1, 0.6807167)]
[(0, 0.38126576), (1, 0.6187343)]
[(0, 0.3828795), (1, 0.6171205)]
[(0, 0.4604224), (1, 0.53957766)]
[(0, 0.20287445), (1, 0.7971256)]
[(1, 0.92911744)]
[(0, 0.16105779), (1, 0.8389422)]
[(0, 0.12486935), (1, 0.87513065)]
[(0, 0.11912187), (1, 0.8808781)]
[(0, 0.1714888), (1, 0.82851124)]
[(0, 0.20944366), (1, 0.7905563)]
[(0, 0.20944472), (1, 0.7905553)]
[(0, 0.16192801), (1, 0.838072)]
[(0, 0.35634264), (1, 0.6436573)]
[(0, 0.18942264), (1, 0.81057733)]
[(0, 0.12163302), (1, 0.878367)]
[(1, 0.96902126)]
[(1, 0.9038295)]
[(0, 0.16010962), (1, 0.8398904)]
[(0, 0.15755747), (1, 0.8424425)]
[(0, 0.23818982), (1, 0.7618102)]
[(0, 0.113704644), (1, 0.8862954)]
[(1, 0.9056072)]
[(1, 0.99935186)]
[(1, 0.9823557)]
[(1, 0.9183717)]
[(0, 0.37671697), (1, 0.623283)]
[(0, 0.23467727), (1, 0.76532274)]
[(1, 0.9884319)]
[(0, 0.15364763), (1, 0.84635234)]
[(0, 0.40624064), (1, 0.59375936)]
[(1, 0.9975892)]
[(1, 0.9988171)]
[(0, 0.23843178), (1, 0.7615682)]
[(1, 0.99926627)]
[(1, 0.97179544)]
[(0, 0.13072436), (1, 0.8692756)]
[(0, 0.42729723), (1, 0.57270277)]
[(1, 0.9953835)]
[(0, 0.3608527), (1, 0.63914734)]
[(0, 0.12800314), (1, 0.8719969)]
[(0, 0.22370178), (1, 0.7762983)]
[(0, 0.4661717), (1, 0.5338283)]
[(0, 0.42043945), (1, 0.5795605)]
[(0, 0.35609454), (1, 0.64390546)]
[(0, 0.42417374), (1, 0.5758263)]
[(0, 0.3382681), (1, 0.6617319)]
[(0, 0.26149696), (1, 0.738503)]
[(0, 0.22028568), (1, 0.7797143)]
[(0, 0.4255318), (1, 0.57446826)]
[(0, 0.38602233), (1, 0.6139777)]
[(0, 0.42218444), (1, 0.57781553)]
[(0, 0.28393337), (1, 0.7160666)]
[(1, 0.94621557)]
[(1, 0.9992248)]
[(0, 0.25779116), (1, 0.74220884)]
[(0, 0.37234396), (1, 0.62765604)]
[(1, 0.99924046)]
[(0, 0.20795707), (1, 0.7920429)]
[(0, 0.1969788), (1, 0.8030212)]
[(0, 0.30822474), (1, 0.6917752)]
[(1, 0.9543006)]
[(0, 0.14470744), (1, 0.8552925)]
[(1, 0.9981944)]
[(0, 0.16612256), (1, 0.83387744)]
[(1, 0.9358526)]
[(0, 0.11167939), (1, 0.88832057)]
[(1, 0.936543)]
[(0, 0.19968136), (1, 0.8003186)]
[(0, 0.22612146), (1, 0.7738786)]
[(1, 0.99832785)]
[(0, 0.117894), (1, 0.88210595)]
[(0, 0.14768478), (1, 0.85231525)]
[(1, 0.93688214)]
[(1, 0.972627)]
[(0, 0.11755265), (1, 0.88244736)]
[(0, 0.11571635), (1, 0.88428366)]
[(1, 0.9040138)]
[(0, 0.14589795), (1, 0.8541021)]
[(0, 0.43642256), (1, 0.5635774)]
[(0, 0.13833606), (1, 0.86166394)]
[(0, 0.26654053), (1, 0.7334594)]
[(0, 0.21866322), (1, 0.7813368)]
[(0, 0.47185057), (1, 0.5281494)]
[(0, 0.37639073), (1, 0.6236093)]
[(0, 0.25382966), (1, 0.74617034)]
[(0, 0.36205804), (1, 0.63794196)]
[(0, 0.59850216), (1, 0.40149784)]
[(0, 0.3889645), (1, 0.6110355)]
[(0, 0.31996316), (1, 0.68003684)]
[(0, 0.4656639), (1, 0.5343361)]
[(0, 0.84006196), (1, 0.15993804)]
[(0, 0.411244), (1, 0.58875597)]
[(0, 0.56372666), (1, 0.4362733)]
[(0, 0.29879782), (1, 0.7012022)]
[(0, 0.53526956), (1, 0.46473038)]
[(0, 0.37940177), (1, 0.6205982)]
[(1, 0.9704572)]
[(0, 0.104372434), (1, 0.89562756)]
[(0, 0.17904837), (1, 0.82095164)]
[(0, 0.4267461), (1, 0.5732539)]
[(0, 0.112141475), (1, 0.8878585)]
[(0, 0.14002925), (1, 0.85997075)]
[(1, 0.9393169)]
[(1, 0.9993212)]
[(1, 0.9989804)]
[(1, 0.99890494)]
[(1, 0.9998827)]
[(1, 0.99916995)]
[(1, 0.9992394)]
[(1, 0.99955326)]
[(1, 0.9986731)]
[(1, 0.99867696)]
[(1, 0.9987141)]
[(1, 0.9997877)]
[(1, 0.9053411)]
[(1, 0.9998106)]
[(1, 0.99859446)]
[(1, 0.99893)]
[(1, 0.9989312)]
[(1, 0.9995296)]
[(1, 0.99976903)]
[(0, 0.44664928), (1, 0.55335075)]
[(1, 0.95052207)]
[(1, 0.9998312)]
[(1, 0.9992409)]
[(1, 0.9991992)]
[(1, 0.9998965)]
[(1, 0.9999082)]
[(1, 0.99916995)]
[(1, 0.999851)]
[(1, 0.9997062)]
[(1, 0.99985564)]
[(1, 0.9978441)]
[(1, 0.99995357)]
[(1, 0.9559339)]
[(1, 0.99926627)]
[(1, 0.9992403)]
[(1, 0.9991986)]
[(1, 0.9994609)]
[(1, 0.99863625)]
[(1, 0.99147326)]
[(1, 0.99932194)]
[(1, 0.9991858)]
[(1, 0.99987704)]
[(1, 0.9989806)]
[(1, 0.9991386)]
[(1, 0.99895537)]
[(1, 0.9985437)]
[(1, 0.9994387)]
[(1, 0.9991536)]
[(1, 0.99941176)]
[(1, 0.9990038)]
[(1, 0.9997575)]
[(1, 0.9982555)]
[(1, 0.9992398)]
[(1, 0.9996686)]
[(1, 0.998716)]
[(1, 0.99913764)]
[(1, 0.9993787)]
[(1, 0.998956)]
[(1, 0.99839044)]
[(1, 0.99906564)]
[(1, 0.99731934)]
[(1, 0.99881446)]
[(1, 0.99936146)]
[(1, 0.9979451)]
[(1, 0.9993785)]
[(1, 0.99950844)]
[(1, 0.9996849)]
[(1, 0.99863577)]
[(1, 0.99715585)]
[(1, 0.9967364)]
[(0, 0.35590875), (1, 0.6440912)]
[(0, 0.16338268), (1, 0.8366173)]
[(1, 0.9997726)]
[(1, 0.9991701)]
[(1, 0.9741062)]
[(1, 0.94009334)]
[(1, 0.9156349)]
[(0, 0.3207752), (1, 0.6792247)]
[(1, 0.97928387)]
[(0, 0.12586422), (1, 0.87413573)]
[(0, 0.20701149), (1, 0.7929885)]
[(1, 0.9994019)]
[(1, 0.99981165)]
[(1, 0.99982244)]
[(1, 0.99904627)]
[(1, 0.98361665)]
[(1, 0.9999099)]
[(1, 0.9996052)]
[(1, 0.9996516)]
[(1, 0.9998751)]
[(1, 0.99966717)]
[(1, 0.9994015)]
[(1, 0.9979426)]
[(1, 0.99954426)]
[(1, 0.9988164)]
[(1, 0.9997451)]
[(1, 0.9999047)]
[(1, 0.99991864)]
[(1, 0.9998596)]
[(1, 0.99875057)]
[(1, 0.99928993)]
[(1, 0.9983297)]
[(1, 0.9992779)]
[(1, 0.9995897)]
[(1, 0.9998087)]
[(1, 0.9997263)]
[(1, 0.9994197)]
[(1, 0.9999357)]
[(1, 0.9998591)]
[(1, 0.999833)]
[(1, 0.9992775)]
[(1, 0.9998224)]
[(1, 0.992418)]
[(1, 0.9998362)]
[(1, 0.9997439)]
[(1, 0.9983305)]
[(1, 0.9999657)]
[(1, 0.9993873)]
[(1, 0.9993426)]
[(1, 0.99957097)]
[(1, 0.997156)]
[(1, 0.9999574)]
[(1, 0.99962157)]
[(1, 0.9980359)]
[(1, 0.9993686)]
[(1, 0.9995979)]
[(1, 0.99932176)]
[(1, 0.99979246)]
[(1, 0.9996581)]
[(1, 0.94909036)]
[(0, 0.10855027), (1, 0.89144975)]
[(1, 0.99902344)]
[(1, 0.99977577)]
[(0, 0.22232884), (1, 0.7776711)]
[(1, 0.99964505)]
[(1, 0.9993408)]
[(1, 0.99950254)]
[(1, 0.99969155)]
[(1, 0.99906653)]
[(1, 0.9994344)]
[(1, 0.9969515)]
[(1, 0.99925256)]
[(1, 0.999679)]
[(1, 0.99933195)]
[(1, 0.9953828)]
[(1, 0.99884605)]
[(1, 0.99961436)]
[(1, 0.9997435)]
[(1, 0.99976397)]
[(0, 0.39743397), (1, 0.602566)]
[(1, 0.99980927)]
[(1, 0.992083)]
[(1, 0.99647975)]
[(1, 0.9986375)]
[(1, 0.99982435)]
[(1, 0.9989789)]
[(1, 0.99773204)]
[(1, 0.99867404)]
[(1, 0.9948512)]
[(1, 0.9991703)]
[(1, 0.98535186)]
[(1, 0.9993224)]
[(1, 0.9988945)]
[(1, 0.9981909)]
[(1, 0.9999006)]
[(1, 0.99936736)]
[(1, 0.99936056)]
[(1, 0.9976077)]
[(1, 0.99911624)]
[(1, 0.99914956)]
[(1, 0.99897754)]
[(1, 0.99968576)]
[(1, 0.99784476)]
[(0, 0.30935857), (1, 0.6906414)]
[(1, 0.9999739)]
[(1, 0.9996201)]
[(1, 0.9986744)]
[(1, 0.9999519)]
[(1, 0.97909385)]
[(1, 0.99941003)]
[(1, 0.99895513)]
[(1, 0.9978325)]
[(0, 0.1464631), (1, 0.85353696)]
[(1, 0.9953797)]
[(1, 0.90378827)]
[(1, 0.94325304)]
[(1, 0.9979452)]
[(0, 0.3431311), (1, 0.6568689)]
[(0, 0.59122545), (1, 0.40877455)]
[(0, 0.35635513), (1, 0.6436449)]
[(1, 0.999955)]
[(0, 0.27094448), (1, 0.7290555)]
[(0, 0.26396868), (1, 0.7360313)]
[(1, 0.95764095)]
[(0, 0.4926307), (1, 0.50736934)]
[(1, 0.9856182)]
[(1, 0.94189334)]
[(1, 0.95599365)]
[(0, 0.5233801), (1, 0.4766199)]
[(0, 0.58908594), (1, 0.41091406)]
[(1, 0.9996396)]
[(1, 0.90843016)]
[(1, 0.99999)]
[(0, 0.44698521), (1, 0.5530148)]
[(1, 0.99994147)]
[(1, 0.9613574)]
[(0, 0.31875402), (1, 0.681246)]
[(1, 0.94313306)]
[(0, 0.39666203), (1, 0.60333806)]
[(0, 0.31105015), (1, 0.6889499)]
[(1, 0.9998559)]
[(1, 0.99999475)]
[(1, 0.99978554)]
[(0, 0.40155342), (1, 0.5984466)]
[(0, 0.3460083), (1, 0.6539917)]
[(1, 0.93989676)]
[(0, 0.13612245), (1, 0.86387753)]
[(0, 0.1271959), (1, 0.8728041)]
[(0, 0.4263588), (1, 0.5736412)]
[(1, 0.9996537)]
[(1, 0.9998208)]
[(0, 0.14830077), (1, 0.85169923)]
[(0, 0.33678007), (1, 0.66322)]
[(1, 0.92896163)]
[(0, 0.29305756), (1, 0.70694244)]
[(0, 0.306795), (1, 0.693205)]
[(0, 0.59584415), (1, 0.40415585)]
[(0, 0.17939387), (1, 0.8206061)]
[(1, 0.99987)]
[(0, 0.74954236), (1, 0.25045758)]
[(0, 0.109820746), (1, 0.8901792)]
[(0, 0.43969947), (1, 0.5603006)]
[(1, 0.9999034)]
[(0, 0.2332091), (1, 0.7667909)]
[(0, 0.16287383), (1, 0.8371262)]
[(1, 0.9998186)]
[(0, 0.43076098), (1, 0.56923896)]
[(0, 0.32789034), (1, 0.67210966)]
[(0, 0.5309779), (1, 0.46902213)]
[(0, 0.17976929), (1, 0.8202307)]
[(0, 0.45775494), (1, 0.54224503)]
[(1, 0.9998982)]
[(0, 0.3175346), (1, 0.6824654)]
[(1, 0.989781)]
[(0, 0.6077626), (1, 0.39223742)]
[(1, 0.999043)]
[(1, 0.99906456)]
[(1, 0.99906445)]
[(1, 0.9990454)]
[(1, 0.999044)]
[(0, 0.55934), (1, 0.44066006)]
[(1, 0.99984354)]
[(0, 0.48445705), (1, 0.5155429)]
[(0, 0.6600999), (1, 0.33990005)]
[(0, 0.56810254), (1, 0.4318974)]
[(0, 0.5193626), (1, 0.48063743)]
[(0, 0.6296472), (1, 0.37035286)]
[(0, 0.3687273), (1, 0.63127273)]
[(1, 0.99982274)]
[(0, 0.3002647), (1, 0.6997353)]
[(0, 0.10399137), (1, 0.8960086)]
[(0, 0.37312752), (1, 0.6268725)]
[(0, 0.4597361), (1, 0.54026395)]
[(0, 0.39345568), (1, 0.60654426)]
[(0, 0.38084856), (1, 0.6191515)]
[(0, 0.4253711), (1, 0.57462883)]
[(0, 0.7336533), (1, 0.26634672)]
[(1, 0.9795387)]
[(1, 0.9927056)]
[(0, 0.30146644), (1, 0.69853354)]
[(0, 0.5118113), (1, 0.48818874)]
[(1, 0.9988094)]
[(1, 0.9987765)]
[(1, 0.99887437)]
[(1, 0.9988685)]
[(1, 0.99982363)]
[(1, 0.9993592)]
[(0, 0.29404825), (1, 0.70595175)]
[(0, 0.11882049), (1, 0.8811795)]
[(0, 0.27838412), (1, 0.7216159)]
[(0, 0.16192618), (1, 0.83807385)]
[(0, 0.36283982), (1, 0.6371602)]
[(1, 0.90435374)]
[(0, 0.16804843), (1, 0.83195156)]
[(0, 0.40222633), (1, 0.5977737)]
[(0, 0.29193842), (1, 0.7080615)]
[(0, 0.371679), (1, 0.628321)]
[(1, 0.9334568)]
[(1, 0.9996638)]
[(1, 0.99913746)]
[(1, 0.99959624)]
[(1, 0.99985737)]
[(1, 0.9981078)]
[(1, 0.9998373)]
[(1, 0.99988306)]
[(1, 0.99935997)]
[(1, 0.9980359)]
[(1, 0.99917006)]
[(1, 0.99944764)]
[(1, 0.9996149)]
[(0, 0.14650589), (1, 0.8534941)]
[(1, 0.9998368)]
[(1, 0.9997914)]
[(1, 0.99902457)]
[(1, 0.99913317)]
[(1, 0.99959797)]
[(1, 0.9982658)]
[(1, 0.9991711)]
[(1, 0.9971567)]
[(1, 0.9992149)]
[(1, 0.9996569)]
[(1, 0.9982628)]
[(1, 0.9996426)]
[(1, 0.99838954)]
[(1, 0.9987524)]
[(1, 0.9984972)]
[(1, 0.99826473)]
[(1, 0.97288305)]
[(1, 0.99895716)]
[(1, 0.99715656)]
[(1, 0.9991035)]
[(1, 0.9984458)]
[(1, 0.99987656)]
[(1, 0.99538517)]
[(1, 0.99922776)]
[(1, 0.99960494)]
[(1, 0.9981929)]
[(1, 0.9983912)]
[(1, 0.9991706)]
[(1, 0.9976144)]
[(1, 0.99732614)]
[(1, 0.9991043)]
[(1, 0.9973275)]
[(1, 0.9995136)]
[(1, 0.9991219)]
[(1, 0.99937904)]
[(1, 0.99897695)]
[(1, 0.9992782)]
[(1, 0.9991996)]
[(1, 0.9992775)]
[(1, 0.999122)]
[(1, 0.99871284)]
[(1, 0.9985912)]
[(1, 0.9994864)]
[(1, 0.9990664)]
[(1, 0.9996569)]
[(1, 0.99928963)]
[(1, 0.99969876)]
[(1, 0.9988186)]
[(1, 0.99972135)]
[(1, 0.99944866)]
[(1, 0.9987862)]
[(1, 0.99881655)]
[(1, 0.9991701)]
[(1, 0.999004)]
[(1, 0.9998479)]
[(1, 0.99921495)]
[(1, 0.9995867)]
[(1, 0.9992529)]
[(1, 0.99915445)]
[(1, 0.9958172)]
[(1, 0.99926615)]
[(1, 0.99893063)]
[(1, 0.9998323)]
[(1, 0.99890447)]
[(1, 0.99936944)]
[(1, 0.99960494)]
[(1, 0.9986371)]
[(1, 0.99922824)]
[(1, 0.9991382)]
[(1, 0.997945)]
[(1, 0.99945366)]
[(1, 0.99906635)]
[(1, 0.99950916)]
[(1, 0.9990464)]
[(1, 0.99952954)]
[(1, 0.95925033)]
[(1, 0.999085)]
[(1, 0.99974513)]
[(1, 0.99898094)]
[(1, 0.9994477)]
[(1, 0.99784327)]
[(1, 0.9988476)]
[(1, 0.9993115)]
[(1, 0.99915516)]
[(1, 0.99884874)]
[(1, 0.9987861)]
[(1, 0.9988479)]
[(1, 0.9982653)]
[(1, 0.9991853)]
[(1, 0.9989307)]
[(1, 0.99933267)]
[(1, 0.99904424)]
[(1, 0.99912196)]
[(1, 0.99485105)]
[(1, 0.9967391)]
[(1, 0.998331)]
[(1, 0.9983857)]
[(1, 0.99949807)]
[(1, 0.99839073)]
[(1, 0.99833083)]
[(1, 0.9971549)]
[(1, 0.99875057)]
[(1, 0.9978448)]
[(1, 0.9989322)]
[(1, 0.9992)]
[(1, 0.9973275)]
[(1, 0.99838936)]
[(1, 0.99863297)]
[(1, 0.99925387)]
[(1, 0.9986375)]
[(1, 0.9987857)]
[(1, 0.9971564)]
[(1, 0.99902576)]
[(1, 0.9961784)]
[(1, 0.99838746)]
[(1, 0.9969606)]
[(1, 0.9974726)]
[(1, 0.99747884)]
[(1, 0.99871624)]
[(1, 0.9992658)]
[(1, 0.9990038)]
[(1, 0.9991702)]
[(1, 0.9994036)]
[(1, 0.9994415)]
[(1, 0.9996488)]
[(1, 0.9996857)]
[(1, 0.9971563)]
[(1, 0.9994197)]
[(1, 0.99881876)]
[(1, 0.99859405)]
[(1, 0.999594)]
[(1, 0.9990653)]
[(1, 0.999137)]
[(1, 0.9988474)]
[(1, 0.99908334)]
[(1, 0.99884844)]
[(1, 0.9997991)]
[(1, 0.9995977)]
[(1, 0.99893224)]
[(1, 0.99970204)]
[(1, 0.9996281)]
[(1, 0.99672866)]
[(1, 0.99854875)]
[(1, 0.99881685)]
[(1, 0.99956644)]
[(1, 0.9986777)]
[(1, 0.99803513)]
[(1, 0.9993215)]
[(1, 0.9985468)]
[(1, 0.9989032)]
[(1, 0.99950373)]
[(1, 0.99939597)]
[(1, 0.999674)]
[(1, 0.998637)]
[(1, 0.9985922)]
[(1, 0.9984474)]
[(0, 0.5336221), (1, 0.4663779)]
[(1, 0.9994982)]
[(1, 0.99900377)]
[(1, 0.99939543)]
[(1, 0.99863756)]
[(1, 0.9991707)]
[(1, 0.9993787)]
[(1, 0.99984956)]
[(1, 0.9988141)]
[(1, 0.9983909)]
[(1, 0.9987506)]
[(1, 0.99927855)]
[(1, 0.9991216)]
[(1, 0.99900395)]
[(1, 0.99825776)]
[(1, 0.99844056)]
[(1, 0.9986332)]
[(1, 0.99673945)]
[(1, 0.9977322)]
[(1, 0.9976006)]
[(1, 0.9998662)]
[(1, 0.9993791)]
[(1, 0.9994192)]
[(0, 0.615622), (1, 0.38437805)]
[(1, 0.9988493)]
[(1, 0.99803275)]
[(1, 0.99902356)]
[(1, 0.9998342)]
[(1, 0.99946797)]
[(1, 0.99895644)]
[(1, 0.99961966)]
[(1, 0.99878573)]
[(1, 0.9988474)]
[(1, 0.9981151)]
[(1, 0.9974792)]
[(1, 0.99906385)]
[(1, 0.99859077)]
[(1, 0.9980335)]
[(1, 0.9984403)]
[(1, 0.99908423)]
[(1, 0.9990665)]
[(1, 0.99919933)]
[(1, 0.999278)]
[(1, 0.9992149)]
[(1, 0.99913794)]
[(1, 0.9993319)]
[(0, 0.12447435), (1, 0.8755257)]
[(1, 0.9988776)]
[(1, 0.99867755)]
[(1, 0.99854845)]
[(1, 0.99747294)]
[(1, 0.99913776)]
[(1, 0.9991698)]
[(1, 0.9989056)]
[(1, 0.9991027)]
[(1, 0.999369)]
[(1, 0.9986719)]
[(1, 0.99040544)]
[(1, 0.99925447)]
[(1, 0.998981)]
[(1, 0.9989806)]
[(1, 0.9979406)]
[(1, 0.9989322)]
[(1, 0.99910325)]
[(1, 0.99931175)]
[(1, 0.99803585)]
[(1, 0.9986321)]
[(1, 0.9974747)]
[(1, 0.99884933)]
[(1, 0.99895334)]
[(1, 0.9998188)]
[(1, 0.9997533)]
[(1, 0.99952996)]
[(1, 0.9981045)]
[(1, 0.9992136)]
[(1, 0.9987855)]
[(1, 0.99953914)]
[(1, 0.99803585)]
[(1, 0.9964782)]
[(1, 0.9997587)]
[(1, 0.99802953)]
[(1, 0.9992006)]
[(1, 0.9995663)]
[(1, 0.9994865)]
[(1, 0.99982524)]
[(1, 0.9989025)]
[(1, 0.99954426)]
[(1, 0.99890465)]
[(1, 0.9985901)]
[(1, 0.9984994)]
[(1, 0.99904656)]
[(1, 0.9991218)]
[(1, 0.99854773)]
[(1, 0.99878436)]
[(1, 0.9995286)]
[(1, 0.9997866)]
[(1, 0.9976135)]
[(1, 0.9988484)]
[(1, 0.99900323)]
[(1, 0.9985929)]
[(1, 0.9980336)]
[(1, 0.999419)]
[(1, 0.99871284)]
[(1, 0.9979434)]
[(1, 0.99839145)]
[(1, 0.99819463)]
[(1, 0.9986337)]
[(1, 0.99902344)]
[(1, 0.9992533)]
[(1, 0.9993109)]
[(1, 0.9988178)]
[(1, 0.9984474)]
[(1, 0.999199)]
[(1, 0.9990032)]
[(1, 0.9979397)]
[(1, 0.99874985)]
[(1, 0.99921364)]
[(1, 0.999228)]
[(1, 0.9983277)]
[(1, 0.99871516)]
[(1, 0.99844617)]
[(1, 0.99878466)]
[(1, 0.99969804)]
[(1, 0.9984998)]
[(1, 0.9985488)]
[(1, 0.99890524)]
[(1, 0.9993601)]
[(1, 0.9993793)]
[(1, 0.99887705)]
[(1, 0.9983297)]
[(1, 0.9985927)]
[(1, 0.99833035)]
[(1, 0.99895704)]
[(1, 0.9979406)]
[(1, 0.99715286)]
[(1, 0.9990844)]
[(1, 0.9987162)]
[(1, 0.99832857)]
[(1, 0.9953854)]
[(1, 0.9991855)]
[(1, 0.99871576)]
[(1, 0.9991032)]
[(1, 0.996481)]
[(1, 0.99954885)]
[(1, 0.9979452)]
[(1, 0.99863464)]
[(1, 0.99964267)]
[(1, 0.99906677)]
[(1, 0.99538434)]
[(1, 0.9993793)]
[(1, 0.99920076)]
[(1, 0.99917066)]
[(1, 0.9985488)]
[(1, 0.99794483)]
[(1, 0.99818826)]
[(1, 0.9984999)]
[(1, 0.9990666)]
[(1, 0.99803597)]
[(1, 0.99854875)]
[(1, 0.99863684)]
[(1, 0.9989309)]
[(1, 0.99890465)]
[(1, 0.9985467)]
[(1, 0.9973273)]
[(1, 0.998672)]
[(1, 0.9990464)]
[(1, 0.9997104)]
[(1, 0.99920017)]
[(1, 0.99926615)]
[(1, 0.9991702)]
[(1, 0.99927765)]
[(1, 0.9994118)]
[(1, 0.99731123)]
[(1, 0.9993322)]
[(1, 0.99854857)]
[(0, 0.100529164), (1, 0.8994708)]
[(1, 0.99893194)]
[(1, 0.9989322)]
[(1, 0.9985937)]
[(1, 0.9992666)]
[(1, 0.9994548)]
[(1, 0.9989037)]
[(0, 0.14915088), (1, 0.8508491)]
[(1, 0.9953812)]
[(1, 0.9983874)]
[(1, 0.9978428)]
[(1, 0.9994256)]
[(1, 0.99581975)]
[(1, 0.99696237)]
[(1, 0.9988171)]
[(1, 0.9980348)]
[(1, 0.9964744)]
[(1, 0.9978452)]
[(1, 0.9980307)]
[(1, 0.99978864)]
[(1, 0.99968994)]
[(1, 0.9974787)]
[(1, 0.999466)]
[(1, 0.99979025)]
[(1, 0.9987064)]
[(1, 0.99927557)]
[(1, 0.9998035)]
[(0, 0.34111482), (1, 0.6588852)]
[(1, 0.9980339)]
[(1, 0.90882844)]
[(1, 0.9993947)]
[(1, 0.9992122)]
[(1, 0.99826574)]
[(1, 0.99979436)]
[(1, 0.9747797)]
[(1, 0.99959385)]
[(1, 0.99959356)]
[(1, 0.99867636)]
[(1, 0.9996047)]
[(1, 0.99954385)]
[(1, 0.99906284)]
[(1, 0.9990451)]
[(1, 0.9996859)]
[(1, 0.9994981)]
[(1, 0.9992537)]
[(1, 0.99944806)]
[(1, 0.99900264)]
[(1, 0.99951464)]
[(1, 0.9989022)]
[(1, 0.93730474)]
[(1, 0.97792125)]
[(1, 0.99884623)]
[(1, 0.9986351)]
[(1, 0.9988736)]
[(1, 0.9996217)]
[(1, 0.99895364)]
[(1, 0.9996153)]
[(1, 0.95714897)]
[(1, 0.99893034)]
[(1, 0.99952984)]
[(1, 0.9992275)]
[(1, 0.99648166)]
[(1, 0.9995246)]
[(1, 0.9985947)]
[(1, 0.99949723)]
[(1, 0.99803144)]
[(1, 0.9992878)]
[(1, 0.9994181)]
[(1, 0.99983317)]
[(1, 0.9993325)]
[(1, 0.99803156)]
[(1, 0.99832773)]
[(1, 0.9991708)]
[(1, 0.9974725)]
[(1, 0.99878514)]
[(1, 0.99915504)]
[(0, 0.32758632), (1, 0.6724137)]
[(1, 0.9194204)]
[(0, 0.43839598), (1, 0.5616041)]
[(0, 0.10804847), (1, 0.8919515)]
[(0, 0.16640973), (1, 0.83359027)]
[(1, 0.9318563)]
[(0, 0.11224943), (1, 0.88775057)]
[(1, 0.9559828)]
[(0, 0.12819454), (1, 0.8718054)]
[(0, 0.13831212), (1, 0.8616879)]
[(0, 0.1136518), (1, 0.8863482)]
[(0, 0.31126302), (1, 0.68873703)]
[(0, 0.30083025), (1, 0.69916975)]
[(0, 0.16231248), (1, 0.83768755)]
[(0, 0.23409064), (1, 0.7659094)]
[(0, 0.1705528), (1, 0.8294472)]
[(0, 0.6640364), (1, 0.33596355)]
[(0, 0.20981444), (1, 0.7901856)]
[(0, 0.2625784), (1, 0.73742163)]
[(1, 0.9083787)]
[(0, 0.27942526), (1, 0.72057474)]
[(0, 0.102492884), (1, 0.89750713)]
[(1, 0.9981175)]
[(1, 0.99966407)]
[(1, 0.9998529)]
[(1, 0.9976101)]
[(1, 0.99937034)]
[(1, 0.99962467)]
[(1, 0.99925214)]
[(1, 0.9980328)]
[(1, 0.9998307)]
[(1, 0.99715424)]
[(1, 0.9990643)]
[(1, 0.99921495)]
[(1, 0.9998312)]
[(1, 0.9989286)]
[(1, 0.9992786)]
[(1, 0.99985665)]
[(1, 0.99977344)]
[(1, 0.9994604)]
[(1, 0.99793875)]
[(1, 0.9990034)]
[(1, 0.9995288)]
[(1, 0.9990655)]
[(1, 0.99968743)]
[(1, 0.9996367)]
[(1, 0.9987832)]
[(0, 0.34400973), (1, 0.65599024)]
[(1, 0.9520586)]
[(1, 0.99538165)]
[(1, 0.9996958)]
[(1, 0.9993613)]
[(1, 0.99953485)]
[(1, 0.9986761)]
[(1, 0.9986376)]
[(1, 0.9989573)]
[(1, 0.99859434)]
[(1, 0.9991836)]
[(1, 0.99761313)]
[(1, 0.9995901)]
[(1, 0.9981189)]
[(1, 0.99959695)]
[(1, 0.9998775)]
[(1, 0.9993419)]
[(1, 0.99773604)]
[(1, 0.9989545)]
[(1, 0.999103)]
[(1, 0.99941176)]
[(1, 0.99966216)]
[(1, 0.99982923)]
[(1, 0.99875224)]
[(1, 0.9989532)]
[(1, 0.9983265)]
[(1, 0.99915487)]
[(1, 0.99963135)]
[(1, 0.9996044)]
[(1, 0.9958198)]
[(1, 0.9961791)]
[(1, 0.99732405)]
[(1, 0.9990022)]
[(1, 0.99954766)]
[(1, 0.99648005)]
[(1, 0.99714893)]
[(1, 0.999299)]
[(1, 0.99981725)]
[(1, 0.99937814)]
[(1, 0.9969485)]
[(1, 0.9989987)]
[(1, 0.99938667)]
[(1, 0.99881655)]
[(1, 0.9991185)]
[(1, 0.9995293)]
[(1, 0.9778725)]
[(1, 0.9984458)]
[(1, 0.9969478)]
[(0, 0.17223622), (1, 0.8277638)]
[(1, 0.99924034)]
[(1, 0.99844056)]
[(1, 0.9976073)]
[(1, 0.99956596)]
[(1, 0.9601099)]
[(1, 0.99838257)]
[(1, 0.99844396)]
[(1, 0.9979404)]
[(1, 0.9988475)]
[(1, 0.9991006)]
[(1, 0.9992999)]
[(1, 0.9984424)]
[(1, 0.9973245)]
[(1, 0.99844617)]
[(1, 0.9971449)]
[(1, 0.9997168)]
[(1, 0.9997029)]
[(1, 0.999558)]
[(1, 0.99915427)]
[(1, 0.9976035)]
[(1, 0.99863386)]
[(1, 0.9995035)]
[(1, 0.99926645)]
[(1, 0.9986773)]
[(1, 0.99906373)]
[(1, 0.9989276)]
[(1, 0.99916965)]
[(1, 0.9977254)]
[(1, 0.9967377)]
[(1, 0.9981139)]
[(1, 0.99874437)]
[(1, 0.9990255)]
[(0, 0.118917525), (1, 0.8810825)]
[(0, 0.13580619), (1, 0.86419386)]
[(1, 0.99908566)]
[(1, 0.99825764)]
[(1, 0.99849546)]
[(1, 0.9981858)]
[(1, 0.99818975)]
[(1, 0.99759907)]
[(1, 0.9994924)]
[(1, 0.99960095)]
[(1, 0.99871576)]
[(1, 0.9974755)]
[(0, 0.18592612), (1, 0.81407386)]
[(1, 0.99849594)]
[(1, 0.9974792)]
[(1, 0.99731964)]
[(1, 0.99537283)]
[(1, 0.99811506)]
[(1, 0.9998093)]
[(1, 0.99715483)]
[(1, 0.99926615)]
[(0, 0.14805856), (1, 0.8519414)]
[(1, 0.99826306)]
[(1, 0.99953425)]
[(1, 0.99988693)]
[(1, 0.99915355)]
[(1, 0.9983297)]
[(1, 0.99900335)]
[(1, 0.9989055)]
[(1, 0.9988488)]
[(1, 0.99895567)]
[(1, 0.99867725)]
[(1, 0.99819285)]
[(1, 0.9757406)]
[(1, 0.99984485)]
[(1, 0.9999717)]
[(1, 0.9924802)]
[(1, 0.997945)]
[(1, 0.99811506)]
[(1, 0.9941725)]
[(0, 0.85620344), (1, 0.1437966)]
[(0, 0.7847328), (1, 0.2152672)]
[(0, 0.77038527), (1, 0.22961476)]
[(0, 0.6158855), (1, 0.3841145)]
[(0, 0.18233322), (1, 0.81766677)]
[(1, 0.99884415)]
[(1, 0.99784136)]
[(1, 0.9992143)]
[(1, 0.998932)]
[(1, 0.9984473)]
[(1, 0.9994798)]
[(1, 0.99874955)]
[(1, 0.9991858)]
[(1, 0.9994036)]
[(1, 0.99696183)]
[(1, 0.9001158)]
[(1, 0.9986719)]
[(1, 0.9328269)]
[(1, 0.9984956)]
[(1, 0.9994972)]
[(0, 0.2969665), (1, 0.7030335)]
[(0, 0.14156534), (1, 0.8584346)]
[(1, 0.9885926)]
[(1, 0.9996939)]
[(1, 0.96547425)]
[(0, 0.32084686), (1, 0.67915314)]
[(1, 0.9981936)]
[(1, 0.9994968)]
[(1, 0.9996046)]
[(1, 0.99910355)]
[(1, 0.99946105)]
[(1, 0.99819523)]
[(1, 0.99902505)]
[(0, 0.13039419), (1, 0.86960584)]
[(1, 0.9991016)]
[(1, 0.9991389)]
[(1, 0.99887687)]
[(1, 0.99971014)]
[(0, 0.105153054), (1, 0.894847)]
[(1, 0.9995579)]
[(0, 0.22103564), (1, 0.77896434)]
[(0, 0.13785718), (1, 0.8621428)]
[(1, 0.9995298)]
[(1, 0.997325)]
[(1, 0.998931)]
[(1, 0.9997925)]
[(1, 0.9993682)]
[(1, 0.9991858)]
[(1, 0.99941134)]
[(0, 0.20816353), (1, 0.79183644)]
[(1, 0.99819523)]
[(1, 0.99987656)]
[(1, 0.99920076)]
[(1, 0.99956244)]
[(1, 0.99981743)]
[(1, 0.9865067)]
[(1, 0.99901724)]
[(1, 0.99983853)]
[(1, 0.9994743)]
[(1, 0.999686)]
[(1, 0.9997104)]
[(1, 0.9985864)]
[(1, 0.99949145)]
[(1, 0.9995746)]
[(1, 0.9981885)]
[(1, 0.9990464)]
[(1, 0.9999461)]
[(1, 0.99859387)]
[(1, 0.9993012)]
[(1, 0.9995903)]
[(1, 0.99965143)]
[(1, 0.9353436)]
[(1, 0.9998793)]
[(1, 0.99964595)]
[(1, 0.99908566)]
[(1, 0.9993223)]
[(1, 0.99895537)]
[(1, 0.99946105)]
[(1, 0.9989048)]
[(1, 0.9998806)]
[(1, 0.99910426)]
[(1, 0.9993417)]
[(1, 0.99910337)]
[(1, 0.90845525)]
[(1, 0.9994921)]
[(1, 0.99715006)]
[(1, 0.997612)]
[(1, 0.99673754)]
[(1, 0.9979299)]
[(1, 0.99747705)]
[(1, 0.9988163)]
[(1, 0.9971511)]
[(1, 0.9118587)]
[(1, 0.9974784)]
[(1, 0.99417555)]
[(1, 0.99482435)]
[(1, 0.99773043)]
[(1, 0.9996279)]
[(1, 0.9996997)]
[(1, 0.9996457)]
[(0, 0.13247861), (1, 0.86752135)]
[(1, 0.9948244)]
[(1, 0.9993606)]
[(1, 0.9986774)]
[(1, 0.99921113)]
[(1, 0.9992138)]
[(1, 0.99917)]
[(1, 0.99902445)]
[(1, 0.9986353)]
[(1, 0.99928963)]
[(1, 0.99803346)]
[(1, 0.9991031)]
[(1, 0.99884635)]
[(1, 0.99878615)]
[(1, 0.99908507)]
[(1, 0.9992648)]
[(1, 0.9993318)]
[(1, 0.99832976)]
[(1, 0.99959415)]
[(1, 0.9507646)]
[(1, 0.99927616)]
[(1, 0.9969604)]
[(1, 0.99897844)]
[(0, 0.21935971), (1, 0.7806403)]
[(1, 0.999419)]
[(1, 0.9980347)]
[(1, 0.99890584)]
[(1, 0.9994262)]
[(1, 0.99803597)]
[(1, 0.9989023)]
[(1, 0.9985415)]
[(1, 0.99844706)]
[(1, 0.9999717)]
[(1, 0.99878556)]
[(1, 0.9948232)]
[(1, 0.9991029)]
[(1, 0.99761444)]
[(1, 0.9988171)]
[(1, 0.9987155)]
[(1, 0.99890536)]
[(1, 0.99886984)]
[(1, 0.99917006)]
[(1, 0.9993947)]
[(1, 0.9980206)]
[(1, 0.995342)]
[(1, 0.99956554)]
[(1, 0.9998408)]
[(1, 0.99895376)]
[(1, 0.9990847)]
[(1, 0.9998674)]
[(1, 0.9998451)]
[(1, 0.9986358)]
[(1, 0.9995573)]
[(1, 0.9987505)]
[(1, 0.99838865)]
[(1, 0.99898064)]
[(1, 0.9989531)]
[(1, 0.99893135)]
[(1, 0.9987854)]
[(1, 0.9976131)]
[(1, 0.99890256)]
[(1, 0.995386)]
[(1, 0.9987846)]
[(1, 0.9997962)]
[(1, 0.99773496)]
[(1, 0.9991852)]
[(1, 0.9998806)]
[(1, 0.99811304)]
[(1, 0.99854547)]
[(1, 0.99964863)]
[(1, 0.99973124)]
[(1, 0.998497)]
[(1, 0.9983852)]
[(1, 0.99884725)]
[(1, 0.99761266)]
[(1, 0.99826556)]
[(0, 0.47433856), (1, 0.5256615)]
[(1, 0.99871373)]
[(1, 0.99874836)]
[(1, 0.999395)]
[(1, 0.9998673)]
[(1, 0.99936694)]
[(1, 0.9999028)]
[(1, 0.99931085)]
[(1, 0.9992257)]
[(1, 0.9989808)]
[(1, 0.99925417)]
[(1, 0.99696094)]
[(1, 0.99715656)]
[(1, 0.96050775)]
[(1, 0.9941083)]
[(1, 0.99576634)]
[(1, 0.998817)]
[(1, 0.9986358)]
[(1, 0.9948458)]
[(1, 0.999103)]
[(1, 0.99695486)]
[(1, 0.9995036)]
[(1, 0.99831796)]
[(1, 0.99793893)]
[(1, 0.99887526)]
[(1, 0.9983913)]
[(1, 0.99772376)]
[(1, 0.99773455)]
[(1, 0.9971425)]
[(1, 0.9964598)]
[(1, 0.99714494)]
[(0, 0.118411236), (1, 0.8815888)]
[(1, 0.9977327)]
[(1, 0.99731266)]
[(1, 0.9985931)]
[(1, 0.9986362)]
[(1, 0.99930954)]
[(1, 0.9958197)]
[(0, 0.37898302), (1, 0.621017)]
[(1, 0.9993205)]
[(1, 0.9988157)]
[(0, 0.34937653), (1, 0.65062344)]
[(1, 0.9967388)]
[(1, 0.99849725)]
[(1, 0.99871427)]
[(1, 0.9981131)]
[(1, 0.99932134)]
[(1, 0.99975365)]
[(1, 0.9997551)]
[(1, 0.9995037)]
[(1, 0.99938726)]
[(1, 0.99211043)]
[(1, 0.9993845)]
[(1, 0.9543491)]
[(1, 0.9984975)]
[(1, 0.99952877)]
[(1, 0.9987122)]
[(1, 0.99993926)]
[(1, 0.9988757)]
[(1, 0.995378)]
[(1, 0.99940264)]
[(1, 0.99854875)]
[(1, 0.99878407)]
[(1, 0.9988177)]
[(1, 0.99803406)]
[(1, 0.9882913)]
[(1, 0.9997142)]
[(1, 0.99871206)]
[(1, 0.9996313)]
[(1, 0.9985485)]
[(1, 0.9995704)]
[(1, 0.9994345)]
[(1, 0.99938637)]
[(1, 0.99867254)]
[(1, 0.9973154)]
[(1, 0.996733)]
[(1, 0.99933976)]
[(1, 0.99839014)]
[(1, 0.99949765)]
[(1, 0.9995343)]
[(1, 0.99773586)]
[(1, 0.9984997)]
[(1, 0.9981108)]
[(1, 0.99863183)]
[(1, 0.9991699)]
[(1, 0.99960726)]
[(0, 0.27302867), (1, 0.7269713)]
[(1, 0.999152)]
[(1, 0.9996807)]
[(1, 0.9969506)]
[(1, 0.9658964)]
[(1, 0.9993611)]
[(1, 0.9995522)]
[(1, 0.9983276)]
[(1, 0.99760824)]
[(1, 0.99746543)]
[(1, 0.9993002)]
[(0, 0.19243796), (1, 0.807562)]
[(1, 0.999601)]
[(1, 0.999608)]
[(1, 0.99994063)]
[(1, 0.9983309)]
[(1, 0.99863625)]
[(1, 0.9992402)]
[(1, 0.99695426)]
[(1, 0.9982657)]
[(1, 0.99890226)]
[(1, 0.99582)]
[(1, 0.9969616)]
[(1, 0.9974781)]
[(1, 0.9994481)]
[(1, 0.9996118)]
[(1, 0.99646884)]
[(0, 0.2223564), (1, 0.7776436)]
[(0, 0.48181203), (1, 0.518188)]
[(0, 0.11169747), (1, 0.88830256)]
[(0, 0.12643148), (1, 0.87356853)]
[(1, 0.9979407)]
[(1, 0.99884605)]
[(1, 0.9995659)]
[(1, 0.99863535)]
[(1, 0.9996742)]
[(1, 0.99975353)]
[(1, 0.9967344)]
[(1, 0.99985796)]
[(1, 0.99760836)]
[(1, 0.99773514)]
[(1, 0.99784255)]
[(1, 0.9987459)]
[(1, 0.9990462)]
[(1, 0.9988768)]
[(1, 0.99881834)]
[(1, 0.99875224)]
[(1, 0.9985945)]
[(1, 0.99859065)]
[(1, 0.9077101)]
[(1, 0.99897933)]
[(1, 0.99747825)]
[(1, 0.9974723)]
[(1, 0.99859166)]
[(1, 0.997316)]
[(1, 0.99819356)]
[(1, 0.9993313)]
[(1, 0.9991699)]
[(1, 0.9980345)]
[(1, 0.9986351)]
[(1, 0.94011676)]
[(1, 0.9994671)]
[(1, 0.9977303)]
[(1, 0.9977346)]
[(1, 0.99849916)]
[(1, 0.966475)]
[(1, 0.9988162)]
[(1, 0.9993597)]
[(1, 0.99959046)]
[(1, 0.99895656)]
[(1, 0.9992979)]
[(1, 0.99926436)]
[(1, 0.99811906)]
[(1, 0.9996249)]
[(1, 0.99875)]
[(1, 0.99938697)]
[(1, 0.9987494)]
[(1, 0.99773395)]
[(1, 0.9987134)]
[(1, 0.999441)]
[(1, 0.94267786)]
[(1, 0.9983253)]
[(1, 0.99714816)]
[(1, 0.999288)]
[(1, 0.9995575)]
[(1, 0.99536407)]
[(1, 0.9995251)]
[(1, 0.9984921)]
[(1, 0.99946016)]
[(1, 0.99920017)]
[(1, 0.9987133)]
[(1, 0.9985935)]
[(1, 0.99977154)]
[(1, 0.99838567)]
[(1, 0.99838567)]
[(1, 0.9997746)]
[(1, 0.9987522)]
[(1, 0.99944776)]
[(1, 0.99954253)]
[(1, 0.9991993)]
[(1, 0.9991166)]
[(1, 0.9964813)]
[(1, 0.99915063)]
[(1, 0.9992881)]
[(1, 0.9993009)]
[(1, 0.9991367)]
[(1, 0.99935097)]
[(0, 0.13400921), (1, 0.8659908)]
[(0, 0.101969376), (1, 0.89803064)]
[(1, 0.99895555)]
[(0, 0.44955447), (1, 0.5504455)]
[(0, 0.45546484), (1, 0.5445352)]
[(1, 0.9985427)]
[(1, 0.99732316)]
[(1, 0.9993702)]
[(1, 0.99871486)]
[(1, 0.99844587)]
[(1, 0.99732715)]
[(1, 0.9991991)]
[(1, 0.9995824)]
[(1, 0.9958185)]
[(1, 0.9991998)]
[(1, 0.9995746)]
[(1, 0.9967393)]
[(0, 0.1350286), (1, 0.86497146)]
[(1, 0.99908537)]
[(1, 0.99747616)]
[(1, 0.99898046)]
[(1, 0.9973273)]
[(1, 0.9988169)]
[(1, 0.9971512)]
[(1, 0.9987138)]
[(1, 0.9623491)]
[(1, 0.99910265)]
[(1, 0.99918455)]
[(1, 0.99694633)]
[(1, 0.9967386)]
[(1, 0.9988471)]
[(1, 0.99849707)]
[(1, 0.99616426)]
[(1, 0.99839085)]
[(1, 0.9974722)]
[(1, 0.9977358)]
[(1, 0.99960864)]
[(1, 0.99732715)]
[(1, 0.9984963)]
[(1, 0.9997591)]
[(1, 0.99863565)]
[(1, 0.9995535)]
[(1, 0.99922705)]
[(1, 0.9993216)]
[(1, 0.99887395)]
[(1, 0.9964659)]
[(1, 0.9981878)]
[(1, 0.99984896)]
[(1, 0.99825317)]
[(1, 0.99898064)]
[(1, 0.9996118)]
[(1, 0.99884903)]
[(1, 0.99617684)]
[(1, 0.99924093)]
[(1, 0.99935114)]
[(1, 0.9976102)]
[(1, 0.9997359)]
[(1, 0.9997042)]
[(1, 0.9996143)]
[(1, 0.998751)]
[(1, 0.99773014)]
[(1, 0.9979421)]
[(1, 0.9992652)]
[(1, 0.9994036)]
[(1, 0.99950314)]
[(1, 0.9978457)]
[(1, 0.99844486)]
[(1, 0.99959046)]
[(1, 0.99696237)]
[(1, 0.9990257)]
[(1, 0.9993114)]
[(1, 0.9991033)]
[(1, 0.99783194)]
[(1, 0.99924123)]
[(1, 0.99929994)]
[(1, 0.9948474)]
[(1, 0.99673456)]
[(1, 0.9997726)]
[(1, 0.99956936)]
[(1, 0.99913657)]
[(1, 0.99760926)]
[(1, 0.99961156)]
[(1, 0.9988186)]
[(1, 0.99793667)]
[(1, 0.99943393)]
[(1, 0.99859214)]
[(1, 0.99956656)]
[(1, 0.99826527)]
[(1, 0.9993314)]
[(1, 0.99915427)]
[(1, 0.99696076)]
[(1, 0.9981908)]
[(1, 0.91338205)]
[(1, 0.9686564)]
[(1, 0.938202)]
[(1, 0.99884737)]
[(1, 0.99887776)]
[(1, 0.997156)]
[(1, 0.99975204)]
[(1, 0.9991699)]
[(1, 0.9985472)]
[(1, 0.99714583)]
[(1, 0.9994121)]
[(1, 0.99949825)]
[(1, 0.99975336)]
[(1, 0.9983909)]
[(1, 0.99969035)]
[(1, 0.99854416)]
[(1, 0.99793905)]
[(1, 0.9990035)]
[(1, 0.9989296)]
[(1, 0.9987091)]
[(1, 0.994174)]
[(1, 0.99324316)]
[(1, 0.99484885)]
[(1, 0.9948466)]
[(1, 0.994174)]
[(1, 0.99324316)]
[(1, 0.99484885)]
[(1, 0.9948466)]
[(1, 0.9948466)]
[(1, 0.99844456)]
[(1, 0.99947935)]
[(1, 0.99694246)]
[(1, 0.99906635)]
[(1, 0.9980298)]
[(1, 0.998903)]
[(1, 0.9993497)]
[(1, 0.9828458)]
[(1, 0.9988146)]
[(1, 0.99673456)]
[(1, 0.9993508)]
[(1, 0.99987626)]
[(1, 0.9996806)]
[(1, 0.9862341)]
[(1, 0.99874175)]
[(1, 0.999839)]
[(1, 0.99982226)]
[(1, 0.999826)]
[(1, 0.99887526)]
[(1, 0.999379)]
[(1, 0.9993592)]
[(1, 0.99832875)]
[(1, 0.9082601)]
[(1, 0.9964605)]
[(1, 0.9983908)]
[(1, 0.9995737)]
[(1, 0.969271)]
[(1, 0.998263)]
[(0, 0.15402873), (1, 0.8459713)]
[(1, 0.9967272)]
[(1, 0.99329853)]
[(1, 0.9745739)]
[(1, 0.9974757)]
[(1, 0.9993411)]
[(0, 0.4843739), (1, 0.5156261)]
[(1, 0.99976134)]
[(1, 0.99838895)]
[(1, 0.99921304)]
[(1, 0.99941975)]
[(1, 0.9989029)]
[(1, 0.9993953)]
[(1, 0.93673384)]
[(1, 0.99761397)]
[(1, 0.99853873)]
[(1, 0.99854827)]
[(1, 0.9692441)]
[(1, 0.99979675)]
[(1, 0.9989052)]
[(1, 0.9994271)]
[(1, 0.99993944)]
[(1, 0.99867344)]
[(0, 0.41358903), (1, 0.58641094)]
[(1, 0.99984527)]
[(1, 0.9746881)]
[(1, 0.9993005)]
[(1, 0.9998128)]
[(1, 0.9995523)]
[(1, 0.9996454)]
[(1, 0.9826261)]
[(1, 0.92419565)]
[(1, 0.94813055)]
[(1, 0.9994667)]
[(1, 0.9986346)]
[(1, 0.9987856)]
[(1, 0.97109336)]
[(1, 0.9992661)]
[(1, 0.99941033)]
[(0, 0.119241275), (1, 0.8807587)]
[(1, 0.99973273)]
[(1, 0.9990855)]
[(1, 0.9995706)]
[(1, 0.99998224)]
[(1, 0.9980317)]
[(1, 0.9992136)]
[(1, 0.9991017)]
[(1, 0.99746567)]
[(1, 0.9964808)]
[(1, 0.99981254)]
[(1, 0.99942696)]
[(1, 0.99617714)]
[(1, 0.9985487)]
[(1, 0.9983911)]
[(1, 0.9983911)]
[(1, 0.99329597)]
[(1, 0.99832886)]
[(1, 0.9981145)]
[(1, 0.9941757)]
[(1, 0.9982652)]
[(1, 0.9941676)]
[(1, 0.9967388)]
[(1, 0.995386)]
[(1, 0.99957037)]
[(1, 0.9994542)]
[(1, 0.9997653)]
[(1, 0.9985947)]
[(1, 0.9997045)]
[(1, 0.9974792)]
[(1, 0.99925274)]
[(1, 0.9964817)]
[(1, 0.9983851)]
[(1, 0.99773467)]
[(1, 0.9983903)]
[(1, 0.9994978)]
[(1, 0.99772924)]
[(1, 0.9995091)]
[(1, 0.9981903)]
[(1, 0.99921286)]
[(1, 0.9974626)]
[(1, 0.9995036)]
[(1, 0.9991337)]
[(1, 0.99936813)]
[(1, 0.9981862)]
[(1, 0.9986741)]
[(1, 0.99942505)]
[(1, 0.99878573)]
[(1, 0.99673796)]
[(1, 0.99936014)]
[(1, 0.99946105)]
[(1, 0.9980333)]
[(1, 0.9989797)]
[(1, 0.9971566)]
[(1, 0.99773556)]
[(0, 0.101578586), (1, 0.8984214)]
[(1, 0.99962795)]
[(1, 0.99913704)]
[(1, 0.9978449)]
[(0, 0.17736086), (1, 0.8226391)]
[(1, 0.9993955)]
[(1, 0.99744505)]
[(1, 0.9991009)]
[(1, 0.9993102)]
[(1, 0.99969447)]
[(1, 0.99922806)]
[(1, 0.999931)]
[(1, 0.9993873)]
[(1, 0.9976127)]
[(1, 0.9979444)]
[(1, 0.99893034)]
[(1, 0.9992279)]
[(1, 0.99957496)]
[(1, 0.994851)]
[(1, 0.99935126)]
[(1, 0.99979335)]
[(1, 0.9989316)]
[(1, 0.9997209)]
[(1, 0.9997898)]
[(1, 0.9990028)]
[(1, 0.9993521)]
[(1, 0.99926645)]
[(1, 0.99971914)]
[(1, 0.9996045)]
[(1, 0.9994975)]
[(1, 0.99918306)]
[(1, 0.9998118)]
[(1, 0.9893126)]
[(1, 0.98215294)]
[(1, 0.9997746)]
[(1, 0.99950826)]
[(1, 0.99979526)]
[(1, 0.99838954)]
[(1, 0.9958191)]
[(1, 0.9990254)]
[(1, 0.9991837)]
[(1, 0.99953866)]
[(1, 0.99890554)]
[(1, 0.99859464)]
[(1, 0.9992532)]
[(1, 0.99826556)]
[(1, 0.99893177)]
[(1, 0.99921364)]
[(1, 0.99794525)]
[(1, 0.99803466)]
[(1, 0.99863636)]
[(1, 0.9999474)]
[(1, 0.9969617)]
[(1, 0.9989314)]
[(1, 0.9994408)]
[(1, 0.9964813)]
[(1, 0.998264)]
[(1, 0.9992894)]
[(1, 0.9987852)]
[(1, 0.99884844)]
[(1, 0.9989035)]
[(0, 0.12521619), (1, 0.8747838)]
[(1, 0.9997588)]
[(0, 0.33370504), (1, 0.66629493)]
[(1, 0.99949694)]
[(1, 0.99771297)]
[(1, 0.90098166)]
[(1, 0.99987346)]
[(1, 0.9980345)]
[(1, 0.9996836)]
[(1, 0.9991211)]
[(1, 0.99927783)]
[(1, 0.99938697)]
[(1, 0.999085)]
[(1, 0.99913675)]
[(1, 0.9993615)]
[(1, 0.99871165)]
[(1, 0.999778)]
[(1, 0.9988731)]
[(1, 0.9997884)]
[(1, 0.99944794)]
[(1, 0.9202575)]
[(1, 0.999692)]
[(1, 0.9997792)]
[(1, 0.99941844)]
[(1, 0.99811894)]
[(1, 0.9996334)]
[(1, 0.99792314)]
[(1, 0.99918234)]
[(1, 0.9997778)]
[(0, 0.11147001), (1, 0.88853)]
[(1, 0.9984444)]
[(1, 0.99893206)]
[(1, 0.99874836)]
[(1, 0.99887836)]
[(1, 0.99940395)]
[(1, 0.998384)]
[(1, 0.99908245)]
[(1, 0.99986076)]
[(1, 0.999171)]
[(1, 0.9986361)]
[(1, 0.9991685)]
[(1, 0.99695957)]
[(1, 0.99932116)]
[(1, 0.9981919)]
[(1, 0.996727)]
[(1, 0.9997064)]
[(1, 0.99980277)]
[(1, 0.9985476)]
[(1, 0.9996244)]
[(1, 0.99973595)]
[(1, 0.9995865)]
[(1, 0.944897)]
[(1, 0.9993011)]
[(1, 0.99890524)]
[(1, 0.9997761)]
[(1, 0.99694854)]
[(1, 0.99772716)]
[(1, 0.9996897)]
[(1, 0.9455115)]
[(1, 0.9988132)]
[(1, 0.99966425)]
[(1, 0.9983876)]
[(1, 0.91179216)]
[(1, 0.99948645)]
[(1, 0.998929)]
[(1, 0.9984431)]
[(1, 0.9993507)]
[(1, 0.9967397)]
[(1, 0.9973156)]
[(1, 0.9995791)]
[(1, 0.9991855)]
[(1, 0.9990012)]
[(1, 0.999025)]
[(1, 0.9984459)]
[(0, 0.31079242), (1, 0.6892076)]
[(1, 0.99932975)]
[(0, 0.33055767), (1, 0.6694423)]
[(1, 0.99900335)]
[(1, 0.9988468)]
[(1, 0.99979395)]
[(1, 0.9974643)]
[(1, 0.99886954)]
[(1, 0.9998883)]
[(1, 0.99863267)]
[(1, 0.99329644)]
[(1, 0.99979454)]
[(1, 0.99673736)]
[(1, 0.9997845)]
[(1, 0.99538344)]
[(1, 0.9981173)]
[(1, 0.9976062)]
[(1, 0.998675)]
[(1, 0.9977338)]
[(1, 0.99673223)]
[(1, 0.99538344)]
[(1, 0.99732673)]
[(1, 0.9996515)]
[(1, 0.97949)]
[(1, 0.999509)]
[(1, 0.9998325)]
[(1, 0.99976736)]
[(1, 0.9998109)]
[(1, 0.99990916)]
[(1, 0.9991985)]
[(1, 0.9990235)]
[(1, 0.99890417)]
[(1, 0.9991485)]
[(1, 0.99854755)]
[(1, 0.9981167)]
[(1, 0.99935985)]
[(1, 0.99974346)]
[(1, 0.99941933)]
[(1, 0.9976129)]
[(1, 0.9993956)]
[(1, 0.99867594)]
[(1, 0.9995391)]
[(1, 0.9994038)]
[(1, 0.99863577)]
[(1, 0.9995091)]
[(1, 0.9996427)]
[(1, 0.9992396)]
[(1, 0.99902534)]
[(1, 0.9990239)]
[(1, 0.99992615)]
[(1, 0.9979359)]
[(1, 0.99911785)]
[(1, 0.9990021)]
[(1, 0.9977282)]
[(1, 0.99859065)]
[(1, 0.9996342)]
[(1, 0.9964813)]
[(1, 0.9989542)]
[(1, 0.99794364)]
[(1, 0.9989543)]
[(1, 0.9961641)]
[(1, 0.99965394)]
[(1, 0.9995573)]
[(1, 0.9988488)]
[(1, 0.9991706)]
[(1, 0.99936825)]
[(1, 0.9992148)]
[(1, 0.99912196)]
[(1, 0.99902457)]
[(1, 0.99927694)]
[(1, 0.9992538)]
[(1, 0.9995526)]
[(1, 0.9995035)]
[(1, 0.9978453)]
[(1, 0.99784094)]
[(1, 0.97901684)]
[(1, 0.9995938)]
[(1, 0.9995706)]
[(1, 0.99672693)]
[(1, 0.9973234)]
[(1, 0.99951917)]
[(1, 0.9981871)]
[(1, 0.9989788)]
[(1, 0.99715567)]
[(1, 0.9988779)]
[(1, 0.99648094)]
[(1, 0.9980353)]
[(1, 0.99957794)]
[(1, 0.99989516)]
[(1, 0.99715483)]
[(1, 0.99838704)]
[(1, 0.9994031)]
[(1, 0.99918586)]
[(1, 0.907727)]
[(1, 0.9979451)]
[(1, 0.9996666)]
[(1, 0.9997777)]
[(1, 0.9978429)]
[(1, 0.9996642)]
[(1, 0.99946076)]
[(1, 0.9981144)]
[(1, 0.9992888)]
[(1, 0.9995083)]
[(1, 0.9989311)]
[(1, 0.9971567)]
[(1, 0.9992531)]
[(1, 0.99968135)]
[(1, 0.9967387)]
[(1, 0.99854165)]
[(1, 0.9998348)]
[(1, 0.99927866)]
[(0, 0.110532984), (1, 0.88946706)]
[(1, 0.9996456)]
[(1, 0.976268)]
[(1, 0.9990211)]
[(1, 0.9995085)]
[(1, 0.99912095)]
[(1, 0.9990236)]
[(1, 0.9998378)]
[(1, 0.9976136)]
[(1, 0.9996365)]
[(1, 0.9980252)]
[(1, 0.9994404)]
[(1, 0.99979925)]
[(1, 0.9989811)]
[(1, 0.99714833)]
[(1, 0.99772453)]
[(1, 0.99784184)]
[(1, 0.9932984)]
[(1, 0.99981165)]
[(1, 0.99982655)]
[(1, 0.9969432)]
[(1, 0.9974775)]
[(1, 0.9991202)]
[(1, 0.99937034)]
[(1, 0.99942595)]
[(1, 0.998115)]
[(1, 0.9976143)]
[(0, 0.12118589), (1, 0.8788141)]
[(1, 0.99884564)]
[(1, 0.99952453)]
[(1, 0.99819046)]
[(1, 0.9996403)]
[(1, 0.9994972)]
[(1, 0.99951917)]
[(1, 0.9973269)]
[(1, 0.9997261)]
[(1, 0.99930036)]
[(1, 0.9988766)]
[(1, 0.9964806)]
[(1, 0.9994188)]
[(1, 0.99969643)]
[(1, 0.98776835)]
[(1, 0.9994029)]
[(1, 0.9998253)]
[(1, 0.9999518)]
[(1, 0.99987286)]
[(1, 0.9997356)]
[(1, 0.9992146)]
[(1, 0.99936986)]
[(1, 0.9990259)]
[(0, 0.11976317), (1, 0.8802368)]
[(1, 0.9986722)]
[(1, 0.99967873)]
[(1, 0.99844104)]
[(0, 0.26148465), (1, 0.7385154)]
[(1, 0.9987522)]
[(1, 0.96021605)]
[(0, 0.35022554), (1, 0.64977443)]
[(1, 0.99908566)]
[(1, 0.999412)]
[(1, 0.99844736)]
[(0, 0.19833913), (1, 0.8016609)]
[(1, 0.99673706)]
[(1, 0.9988186)]
[(1, 0.99955374)]
[(1, 0.9992667)]
[(1, 0.99974686)]
[(1, 0.9948511)]
[(1, 0.9981191)]
[(1, 0.99948674)]
[(0, 0.14721464), (1, 0.8527854)]
[(1, 0.9994415)]
[(1, 0.9977353)]
[(0, 0.54892546), (1, 0.45107457)]
[(1, 0.99960154)]
[(1, 0.99941194)]
[(1, 0.99962825)]
[(1, 0.9997524)]
[(1, 0.99924153)]
[(1, 0.99946177)]
[(1, 0.99945515)]
[(1, 0.9989806)]
[(1, 0.99761397)]
[(1, 0.99859387)]
[(1, 0.9997048)]
[(1, 0.9988487)]
[(1, 0.99990386)]
[(1, 0.99952006)]
[(1, 0.99967444)]
[(1, 0.9978445)]
[(1, 0.99929005)]
[(1, 0.9988176)]
[(1, 0.9988779)]
[(1, 0.9993327)]
[(1, 0.999579)]
[(1, 0.9995398)]
[(1, 0.999808)]
[(1, 0.99975383)]
[(1, 0.99747896)]
[(1, 0.99977154)]
[(1, 0.99908555)]
[(1, 0.99991137)]
[(1, 0.9996925)]
[(1, 0.99803466)]
[(1, 0.9994552)]
[(0, 0.63068146), (1, 0.36931854)]
[(1, 0.99819446)]
[(1, 0.9984994)]
[(1, 0.9991709)]
[(1, 0.99982536)]
[(1, 0.9993521)]
[(0, 0.99016345)]
[(0, 0.91019255)]
[(0, 0.998087)]
[(0, 0.99984837)]
[(0, 0.99532706)]
[(1, 0.9997827)]
[(1, 0.9997909)]
[(1, 0.99964035)]
[(1, 0.99946827)]
[(1, 0.99946827)]
[(1, 0.9997565)]
[(1, 0.99898094)]
[(0, 0.25062013), (1, 0.7493798)]
[(1, 0.99900377)]
[(1, 0.9994485)]
[(1, 0.9967387)]
[(1, 0.9996052)]
[(1, 0.9987162)]
[(1, 0.9991859)]
[(1, 0.99898076)]
[(1, 0.995819)]
[(1, 0.9993012)]
[(1, 0.9979444)]
[(1, 0.99942714)]
[(1, 0.9990039)]
[(1, 0.9987518)]
[(1, 0.99902564)]
[(1, 0.99947464)]
[(1, 0.9994554)]
[(1, 0.99696225)]
[(1, 0.9985486)]
[(1, 0.999775)]
[(1, 0.9967395)]
[(0, 0.23295078), (1, 0.7670492)]
[(1, 0.9995251)]
[(1, 0.99826574)]
[(1, 0.9948513)]
[(1, 0.99859434)]
[(1, 0.99926674)]
[(1, 0.99928993)]
[(1, 0.99906653)]
[(1, 0.9999324)]
[(1, 0.9990465)]
[(1, 0.9994867)]
[(1, 0.99952)]
[(1, 0.99979186)]
[(1, 0.9971563)]
[(1, 0.9976142)]
[(1, 0.9989807)]
[(1, 0.99906665)]
[(1, 0.9999524)]
[(1, 0.99935204)]
[(1, 0.9998804)]
[(0, 0.12935379), (1, 0.8706462)]
[(1, 0.99854857)]
[(1, 0.9994808)]
[(1, 0.99944854)]
[(1, 0.9985945)]
[(1, 0.9990256)]
[(1, 0.99913895)]
[(1, 0.9979443)]
[(1, 0.9995944)]
[(1, 0.998981)]
[(1, 0.9997029)]
[(1, 0.9996087)]
[(1, 0.998752)]
[(1, 0.9981955)]
[(1, 0.9998247)]
[(1, 0.999312)]
[(1, 0.99867815)]
[(1, 0.99975246)]
[(1, 0.9993793)]
[(1, 0.9996516)]
[(1, 0.99956673)]
[(1, 0.99560714)]
[(1, 0.9983305)]
[(1, 0.99942714)]
[(1, 0.99944854)]
[(1, 0.99979573)]
[(1, 0.99887824)]
[(1, 0.9996623)]
[(1, 0.99867815)]
[(1, 0.9979453)]
[(1, 0.9997347)]
[(1, 0.99761426)]
[(1, 0.9981946)]
[(1, 0.99867815)]
[(1, 0.9976143)]
[(1, 0.9998958)]
[(1, 0.9998137)]
[(1, 0.99917096)]
[(1, 0.9994983)]
[(1, 0.99715596)]
[(1, 0.99963444)]
[(1, 0.9986372)]
[(1, 0.99927855)]
[(0, 0.14490718), (1, 0.8550928)]
[(0, 0.5141249), (1, 0.48587507)]
[(1, 0.9985484)]
[(1, 0.9992543)]
[(1, 0.99902564)]
[(1, 0.9978448)]
[(1, 0.99538594)]
[(1, 0.9989053)]
[(1, 0.99977505)]
[(1, 0.9994619)]
[(1, 0.999657)]
[(1, 0.99974245)]
[(1, 0.9976139)]
[(1, 0.9997197)]
[(1, 0.99924153)]
[(1, 0.9990035)]
[(1, 0.9990034)]
[(1, 0.998932)]
[(1, 0.99819446)]
[(1, 0.9990666)]
[(0, 0.45446452), (1, 0.54553545)]
[(1, 0.9985944)]
[(1, 0.99696153)]
[(1, 0.99973786)]
[(1, 0.9993705)]
[(1, 0.99956256)]
[(1, 0.9991217)]
[(0, 0.97509736)]
[(1, 0.99927866)]
[(0, 0.25842056), (1, 0.7415795)]
[(1, 0.99920076)]
[(0, 0.41105518), (1, 0.58894485)]
[(1, 0.9981188)]
[(1, 0.99978584)]
[(0, 0.6448643), (1, 0.35513565)]
[(1, 0.99895716)]
