44914794 2 0.5158209
10369398 2 0.5286146
20285555 0 0.43394268
7458111 2 0.35417286
14519426 0 0.44431716
26733453 0 0.50612634
32733152 0 0.44446093
44251245 1 0.36923018
26287514 2 0.41247964
36799364 0 0.49015635
5615313 0 0.39344475
37725410 0 0.50322366
9157433 2 0.4313511
14645785 0 0.46151957
37247052 0 0.5615681
39770465 2 0.5089829
3769089 0 0.43434685
32821784 2 0.5769727
55983741 0 0.3947592
2699338 2 0.62222767
35860814 0 0.4575935
29296657 0 0.48513398
8885176 2 0.42085367
17086093 2 0.5224942
23205721 0 0.45253548
37617865 0 0.44630605
36480942 2 0.688776
10286732 2 0.4575574
22756212 2 0.40832713
16865466 2 0.4929203
7987665 2 0.71072865
25643660 1 0.39041376
31501140 2 0.6197264
886893 2 0.45931515
36515247 0 0.46964166
17576117 2 0.44728488
39846072 0 0.43840525
9934189 2 0.5247811
31590688 0 0.43312225
41098051 2 0.6478291
33011558 0 0.5161756
28177950 0 0.5536351
29285904 0 0.36819673
35207139 0 0.6598411
21903905 2 0.59272265
28828600 2 0.4878537
21442535 2 0.49285865
23277644 2 0.52500945
40129797 0 0.44455776
13960333 2 0.6403274
20087004 2 0.53507656
5560153 2 0.44058263
9530104 2 0.6087755
38794578 2 0.394211
12410682 2 0.6235617
26414741 0 0.45406622
38715736 0 0.55470425
39447945 2 0.636222
20098920 2 0.4444772
16344478 2 0.37875506
5392988 0 0.4899739
25762738 0 0.37234923
34306648 0 0.4847476
41951715 2 0.52450854
14516191 2 0.51894087
14543974 2 0.5978174
3055385 1 0.36858103
23516423 1 0.39624107
28554005 0 0.3860011
4868836 2 0.5449
11046014 2 0.38182235
5210611 2 0.4205126
28030702 0 0.3915068
4123806 2 0.4603427
7675624 1 0.38189673
23078599 2 0.5632186
1554954 0 0.39349788
29275313 0 0.48478758
38784706 0 0.48939705
45409536 2 0.44312263
27566483 2 0.4854819
45515215 2 0.41136634
38115317 0 0.47340792
14916695 2 0.62866795
14553752 2 0.44060263
26830624 0 0.48097283
24243314 2 0.43157393
24487780 2 0.38784447
33664874 2 0.70562476
34817790 1 0.43848437
42102824 0 0.5903765
14075854 2 0.47460136
26641415 2 0.35931966
15902653 2 0.5171518
8584767 2 0.40858555
10251198 2 0.49393743
27824829 0 0.5627669
56627757 2 0.42434654
10232059 1 0.38401318
57617499 0 0.45830438
39166082 0 0.43672362
20862976 0 0.50398535
56194282 0 0.47900888
29427780 2 0.72878927
3092190 2 0.750956
10535114 2 0.53517264
6997157 2 0.45769292
43156049 1 0.40166482
12703685 0 0.387822
26651907 0 0.45868605
19179799 1 0.43363184
23610399 2 0.49193993
12017222 0 0.39760348
23857814 2 0.5273752
51061135 0 0.42759138
15928843 2 0.46809718
5078452 2 0.7001163
4087477 2 0.4395618
14935412 2 0.6692092
14877151 2 0.60394627
16033807 1 0.564167
42652911 0 0.50827664
25356220 2 0.57441705
1523072 0 0.48576987
2699847 0 0.4213305
17032556 2 0.45522258
4657752 0 0.39301822
26883342 0 0.5056873
13634719 0 0.39483693
18496436 0 0.39821792
43718743 0 0.4563092
38383681 2 0.5050736
30324419 2 0.354923
16451714 2 0.51891434
17699160 0 0.39708203
792097 2 0.7874068
7231657 2 0.49883372
42205514 0 0.6051711
48067516 2 0.4770065
17137034 0 0.5038297
6527761 2 0.6058092
24197282 2 0.40638366
6575450 2 0.59976244
44647383 2 0.49623665
45719227 1 0.41280237
50010670 0 0.7040824
16711713 2 0.45890683
35003408 0 0.7059392
13299420 2 0.5027482
10757033 0 0.4794214
17231960 1 0.35180965
12032878 2 0.46072513
41732592 2 0.42335457
27964347 0 0.46696883
31423189 2 0.5913152
50322976 0 0.52777845
24882833 2 0.35621652
32686871 2 0.6357732
27262252 2 0.5965878
14893925 1 0.34792554
38180833 1 0.3950463
24456572 2 0.37613153
3768632 2 0.45172048
4748947 2 0.5713627
17919304 2 0.5564905
33319803 0 0.50400656
25663084 1 0.4369795
19697629 2 0.66398287
13872181 0 0.41464743
17855965 0 0.5397674
45581309 2 0.44664353
25754147 2 0.6824222
40485518 2 0.5507372
29003736 2 0.5806938
22537744 2 0.40821454
25369387 2 0.8335539
22766016 2 0.6051436
35560265 0 0.4382654
41039423 2 0.6363049
33244108 2 0.5436216
2797590 2 0.47120368
34020762 0 0.36490583
4837224 2 0.5843673
2523026 2 0.47920328
23269277 1 0.48287314
20380749 2 0.41921136
37523771 2 0.57975274
27597144 0 0.42694256
8004175 0 0.3789813
21897384 2 0.4291088
14533621 2 0.63522166
2520946 1 0.35305274
11321321 0 0.47124287
43091858 2 0.69911367
15861616 2 0.47871634
13215233 2 0.49514604
17085350 2 0.47563726
15232968 2 0.4111701
41079269 2 0.7366243
30000443 0 0.4460005
5713769 2 0.45591843
18357807 2 0.39212817
14540481 0 0.5118144
802879 2 0.61117935
6012670 0 0.4095818
16325378 2 0.52023464
5819206 2 0.5565371
13248496 2 0.45546275
40383053 0 0.38575792
31933568 1 0.34201896
34281586 2 0.6996285
5503102 2 0.4410005
45490076 0 0.56278694
33068167 2 0.49226347
39404038 2 0.4388632
54037629 0 0.38158143
50365861 2 0.6068646
11938300 0 0.44275543
3758938 1 0.38174734
12891646 0 0.41712788
18590183 2 0.715222
15837266 1 0.3498056
24561216 0 0.41159642
29212523 0 0.3722866
22441121 2 0.40080065
27547263 2 0.6927192
34381014 0 0.38955477
10252080 2 0.6286718
13226794 2 0.37370804
42664833 2 0.608677
35501342 0 0.5051821
31543916 2 0.5173938
15556375 2 0.55401856
1633549 2 0.5716064
51766313 0 0.48053145
2928752 2 0.47920945
20290487 2 0.5866759
17366279 0 0.52531934
4075609 1 0.4221915
27420176 0 0.47036725
40749093 0 0.49572366
9617190 2 0.5785556
5155789 2 0.52907693
17077962 2 0.4208971
30539141 2 0.40116206
52705771 0 0.4349527
9469394 2 0.4801732
49360954 0 0.68016016
15614267 2 0.43036672
3093606 2 0.5466351
20587114 0 0.41599727
3769469 1 0.391832
31000886 2 0.5061413
12338792 2 0.34846082
25377486 2 0.5819638
33923366 2 0.4437816
16866001 2 0.54262865
16411698 2 0.49265298
32993320 0 0.54178053
33519295 0 0.5832987
10093916 2 0.41150492
4913290 1 0.37973353
37593837 1 0.4787681
25651074 2 0.7235294
17623046 0 0.41966528
38143229 1 0.3985899
9089918 2 0.5180159
19475918 0 0.45061687
8674749 2 0.85554403
53522691 2 0.550989
6228092 2 0.52476573
17301769 0 0.4085424
26543149 0 0.43528515
25236437 2 0.48765278
40351020 0 0.5010275
31971700 2 0.40085945
37926333 2 0.5817402
26187755 2 0.49628574
10202774 2 0.53766817
4015163 2 0.52048844
9662173 1 0.45326713
21678313 1 0.38456136
34558194 2 0.50807637
53310790 2 0.36152926
5869175 2 0.4119938
12794592 2 0.45796913
1465271 2 0.4864933
15725519 2 0.4472167
26047260 2 0.6351494
12735989 0 0.3620115
27014292 2 0.7509917
16810833 0 0.37557417
15861452 2 0.47712553
44915385 2 0.36404383
31592521 0 0.484768
55536090 0 0.40403655
24159875 2 0.39836052
29488931 2 0.5040129
25776238 2 0.69282246
14143976 0 0.38442966
24329483 0 0.38233382
12946664 2 0.5674037
864791 2 0.54314655
32562743 0 0.4617248
53227711 0 0.54452294
22170590 2 0.49009758
22257591 2 0.41236848
14128619 0 0.36936727
55606946 0 0.4039418
23564801 0 0.36735716
17090802 2 0.46102187
39539778 1 0.35033193
1524604 2 0.5549872
32548710 2 0.38100502
22829455 1 0.3815604
41923632 0 0.42538792
8788166 0 0.4592947
29501533 2 0.40284827
22054448 1 0.39929134
37700597 2 0.48265326
19132129 2 0.47091994
8703481 1 0.41215885
9598005 2 0.38043085
21103980 1 0.41325283
27342723 0 0.39919883
19640902 2 0.727489
4576217 2 0.46840292
27011825 2 0.73719114
7289870 2 0.6204124
28636676 2 0.3722299
7426464 2 0.40768522
6318146 2 0.47338587
34304861 2 0.46083808
4292451 2 0.43601432
29177073 1 0.45212483
32138354 2 0.51739943
18769355 2 0.46470886
45060832 2 0.5396406
13156599 2 0.5653717
15132276 2 0.423205
30701630 2 0.54638475
18208909 2 0.5464445
36172243 2 0.48628733
14708645 2 0.36391225
17381833 1 0.5008056
14187966 2 0.47990575
22697612 2 0.4737914
25989182 1 0.61688876
13409306 2 0.37553144
7603767 2 0.46442086
8598288 2 0.55093163
52504462 1 0.52747524
26631189 2 0.4228068
30685297 2 0.6352068
4048894 1 0.37966675
17042590 2 0.73401123
22782267 2 0.69491994
25378905 1 0.3574072
6402442 0 0.5065582
14419945 0 0.53004855
35307603 0 0.36986974
12833223 2 0.38862175
41138104 2 0.56811297
22180403 0 0.3736504
19202193 2 0.62753236
28966806 0 0.4063373
19045061 2 0.46543527
17920117 1 0.3841905
933331 0 0.70125836
33540039 2 0.64737785
44695274 2 0.663248
3285507 0 0.4100848
25052880 2 0.4156282
25648063 2 0.44015464
6203501 2 0.4942985
42671372 0 0.4153353
33279933 2 0.7464944
18393305 0 0.43452954
1276798 2 0.4542729
18221619 2 0.58788717
32644831 0 0.52826697
13917188 2 0.47173738
34067715 1 0.43125498
32690941 0 0.45206556
10596170 0 0.5163374
4975580 0 0.48432413
7750279 1 0.40011013
42679149 0 0.5160079
4342239 1 0.38665548
6919094 2 0.41154337
4310055 1 0.5166289
46973184 0 0.5291507
10817660 2 0.48484766
4347913 1 0.47882974
5395588 2 0.47330046
18540139 2 0.38690555
8621963 2 0.55437636
17003310 0 0.3940659
30411542 1 0.3695407
39621488 2 0.44698265
3017581 2 0.42382848
24345870 0 0.5359037
50448311 2 0.6075008
14747678 2 0.41661924
37949518 0 0.41386586
10491898 2 0.633095
6404528 0 0.37716886
6512865 0 0.5113832
22758746 1 0.4437137
43715612 0 0.34892884
22384357 1 0.37599865
9082710 0 0.54217005
18866138 2 0.52042806
34645522 2 0.4320927
29568186 2 0.4646407
7663948 1 0.5057385
32123431 0 0.3833642
7540930 2 0.4030763
27053835 0 0.4709197
8161867 2 0.41115898
54827427 2 0.3566187
8564981 2 0.40646306
39828197 0 0.58089304
4077143 1 0.3497975
40155587 0 0.54910743
18542350 2 0.67741615
7105142 1 0.38023746
22563694 2 0.59223163
3035517 2 0.44512108
40719247 0 0.3513077
18473927 0 0.3725817
4598257 2 0.43859494
7818386 2 0.63091946
26083954 2 0.5943052
18118704 0 0.34502563
50427607 0 0.4212786
16885679 0 0.53995943
20613686 2 0.6308917
38271364 0 0.5241273
20860135 0 0.354248
15640104 2 0.44413546
23159002 0 0.40791535
39392338 0 0.4822352
27150685 2 0.42889208
5064144 2 0.518863
1538031 1 0.39196894
45058977 2 0.6566896
36349101 0 0.47453433
32252495 2 0.45883396
12260744 2 0.356315
35297582 2 0.7165765
13552384 0 0.4097467
41829284 0 0.39159015
20298736 0 0.4073944
23630020 2 0.39458588
35336265 2 0.53336215
32774138 0 0.54728836
35004204 1 0.42181474
9234686 2 0.4705647
11008694 2 0.61975354
18379872 2 0.684102
12503708 1 0.43500018
42216067 0 0.4359975
1368528 2 0.38230065
3201594 0 0.56374943
16685421 2 0.7094686
51848673 2 0.36709818
38771668 0 0.5435688
13291846 0 0.5418735
41252187 2 0.40984976
37800630 2 0.43346274
15568952 2 0.6383534
14296271 2 0.41628608
38103087 0 0.41596904
39568057 0 0.5410945
4208093 0 0.4373893
53648052 2 0.5391404
17197771 2 0.46076524
14855894 1 0.43595117
20474562 2 0.52723515
7673381 0 0.38573107
33506212 2 0.54628587
10152042 2 0.6356177
37543705 1 0.4522671
10168401 2 0.5791144
2883727 2 0.50174195
8529767 2 0.6493349
35595208 0 0.45795983
37785493 0 0.44439277
42233072 1 0.44058055
30195609 0 0.45036295
3919765 2 0.5837592
31938150 2 0.557247
34421883 0 0.53008825
3535951 2 0.4090247
58726070 2 0.46106586
57988439 0 0.4869927
58137950 1 0.44806984
58076081 0 0.36138988
59298111 2 0.43678308
59298485 2 0.47650546
58112724 2 0.42956716
59304009 0 0.4978063
60285977 0 0.4233584
60894381 0 0.38775268
14375561 1 0.5390383
31400533 0 0.57408935
7810467 1 0.5258591
5766602 1 0.5155414
4666399 0 0.37423098
6866380 2 0.48954225
6046147 1 0.36043978
11870778 1 0.49021667
13577805 1 0.48920086
41732460 0 0.56590194
49023909 1 0.583225
37631938 0 0.4653923
46433580 1 0.44061747
34147348 0 0.40316263
41798936 2 0.5224691
6793966 0 0.3951654
52709467 1 0.49476808
25060420 0 0.5492906
56746188 0 0.5232819
38333248 2 0.57904387
8122830 0 0.5743809
28822589 1 0.45743868
33080404 2 0.591494
20907025 1 0.45246655
25260077 2 0.57798404
42157471 1 0.45849165
9178608 0 0.39288622
27828328 1 0.5192984
21437555 1 0.47920904
37926883 2 0.5170169
13077753 0 0.44811526
49646689 2 0.5425475
36910188 0 0.39179987
18168874 2 0.5360569
20460087 2 0.5557722
6437664 0 0.43443292
8582170 0 0.5779517
2466268 2 0.37511545
35870665 0 0.38110286
36858549 1 0.57774395
22530496 1 0.42985237
9430444 1 0.43106902
4377898 0 0.49722192
10470925 1 0.53271234
7141731 2 0.47472787
11706959 2 0.5026223
28028120 1 0.5387139
6749050 1 0.53358984
2329204 2 0.5460757
1176028 1 0.45751607
23966125 1 0.5981083
8957140 1 0.40551245
19551933 0 0.5740201
7062134 2 0.5419055
11313061 0 0.39037457
5757792 1 0.5277621
14011778 0 0.4551475
15800330 2 0.44386137
28816257 1 0.6201238
19325476 1 0.4218943
19276373 0 0.37306863
27055538 1 0.40781805
1954971 0 0.47684106
10222524 2 0.4421183
15645156 0 0.5040195
33686585 1 0.60309476
5707139 2 0.47193557
38183198 1 0.45017007
31318957 2 0.55779284
40674045 1 0.44964993
756492 2 0.6587406
39117706 2 0.5591004
9631445 1 0.38421673
46672441 1 0.5030655
17420028 2 0.63525194
36349791 2 0.7187665
4963988 1 0.4713844
24093216 1 0.4286213
8557410 2 0.5947256
42758775 1 0.509765
36961734 0 0.39653465
13946724 2 0.49358413
11491589 1 0.4450642
17955406 2 0.6703368
18508098 0 0.38103563
5540588 1 0.514971
7608213 1 0.45440722
27712173 2 0.6651805
25357919 2 0.47705424
33865474 1 0.46211052
24548534 1 0.501807
7114953 1 0.55753815
10031137 2 0.6230886
22866534 1 0.59741247
6982047 0 0.65116453
14899826 0 0.5559376
15079412 1 0.5683336
10722272 0 0.3843163
20552318 2 0.45526892
17642258 1 0.533362
22972483 1 0.5399091
36691820 0 0.47732595
24598322 1 0.526429
8798713 2 0.41571102
2488864 1 0.61622244
33731557 0 0.3991184
35206918 2 0.60493827
14493029 2 0.708184
40398777 1 0.5734681
23988206 0 0.41898075
24110263 0 0.3944197
4160675 0 0.44555968
26169894 2 0.57088405
9485109 1 0.40273026
41237706 2 0.6067808
13624451 2 0.6025695
26643789 0 0.34340355
34328851 2 0.48231104
31842899 1 0.4269369
13691672 1 0.69743305
14953886 1 0.5588979
29568853 1 0.5054816
43135599 0 0.547512
38097552 0 0.3917933
4504876 2 0.46560237
9262938 0 0.4977918
35505828 0 0.6342316
12018841 1 0.49102116
10075384 2 0.48120898
11950558 2 0.5693679
30595926 1 0.48271337
11942951 0 0.38454175
39825400 2 0.70807916
12967220 0 0.6385802
15322960 0 0.566117
28708125 0 0.45785043
34259933 2 0.6545358
22663418 2 0.51548564
39482380 1 0.5570696
11877449 0 0.39096817
39710467 1 0.47952002
26027656 2 0.58117014
11650016 1 0.4976466
2862612 2 0.37480012
16599973 1 0.44758967
3232086 1 0.4417632
34780999 1 0.39291352
38658746 1 0.5538847
22605340 1 0.47269544
27245582 1 0.39713714
36765983 0 0.4567519
18585279 1 0.5307865
1958188 1 0.5818279
21267043 1 0.4465084
24230105 2 0.519345
5919328 1 0.49625123
10366268 2 0.60313606
25329660 0 0.40934625
30827081 0 0.42857212
28233023 2 0.7468766
18418798 1 0.4208575
28835975 0 0.5027169
41755569 2 0.5181767
3883875 0 0.510273
25641113 1 0.4828132
22575610 0 0.43061525
34976407 2 0.5281136
31677859 0 0.40226224
15042529 2 0.5829156
42914003 2 0.7240381
35288025 1 0.52811545
20843644 2 0.3486713
4802339 0 0.60242575
22312857 0 0.58080006
17101410 0 0.42157125
26969150 2 0.4407402
11106393 2 0.54531354
18800488 2 0.4776562
46424003 0 0.3525101
3602062 2 0.51320326
31307019 2 0.38105822
27398968 2 0.39037627
18339961 2 0.70936036
11061055 0 0.38797215
5513124 1 0.37280887
33366858 0 0.48663986
41592952 0 0.60384744
16063239 1 0.39181
6114351 1 0.34840992
45444619 2 0.6608418
45181756 2 0.4095128
3670029 1 0.44105428
36151975 1 0.42018652
25276059 0 0.483097
54264284 2 0.420485
7418430 2 0.39543134
3811708 2 0.6055498
4239826 0 0.482897
12992081 1 0.58740425
35333353 1 0.5350363
28577572 0 0.3787419
17405822 1 0.49128538
14670904 1 0.47841427
1553028 2 0.35492015
14835546 2 0.49150917
17946225 2 0.5446991
35458261 1 0.49594414
16317679 1 0.5311229
41701516 1 0.49794462
15603062 0 0.4997061
15503242 1 0.36928192
18060707 0 0.41883537
43717876 0 0.517849
43603536 1 0.47415203
28524561 1 0.46497148
10400031 1 0.49892485
26119952 2 0.45414293
37322585 0 0.3908587
19718932 0 0.4193866
19427816 2 0.7071501
30695168 2 0.7274355
24870080 2 0.58249694
11464815 2 0.54154545
33108166 0 0.38362753
904346 0 0.44395307
32220932 2 0.46117347
30306750 2 0.5375076
20080609 0 0.40888077
5398180 1 0.37411833
7344598 0 0.47937447
10050151 2 0.60424936
15478250 0 0.44011685
46232816 2 0.51491463
31157696 1 0.42597178
13369386 0 0.70122534
12710729 1 0.4046076
23074496 2 0.55644166
41502199 2 0.55907303
20065793 2 0.5908825
30256178 0 0.39295357
36005001 1 0.43780038
9149027 1 0.37770212
13641809 2 0.43670714
38092703 2 0.36696786
4480725 0 0.38388947
24856650 0 0.5330764
3324026 1 0.50091785
21020673 0 0.43380493
30392639 0 0.3776238
5932715 1 0.4256219
22128972 1 0.5385136
19932001 2 0.62384355
14445098 0 0.39478767
30478933 1 0.4978004
16788737 2 0.34480488
26989798 1 0.3586596
23097040 2 0.4072051
11447201 1 0.42570308
35310139 2 0.47066036
39594576 0 0.395146
3261241 2 0.4607219
37583975 2 0.43138826
27108588 2 0.39610124
17882790 0 0.4832154
11569883 1 0.54455805
38217551 0 0.6529918
21320363 2 0.49577072
3174756 2 0.36918473
31795168 0 0.42016461
23565257 0 0.66635746
44363796 0 0.5388974
2774239 2 0.53473425
14481989 2 0.5060495
3129807 2 0.44746652
13394716 1 0.49012214
42350093 2 0.66347164
39618423 2 0.38042268
13413350 2 0.6478577
3395008 1 0.35417145
10260479 1 0.5055629
23059718 0 0.5006797
19800624 1 0.4148992
35455746 0 0.500531
7370561 0 0.46394938
31115373 0 0.4448113
9160972 0 0.6006884
1853124 2 0.51659846
7387649 0 0.4353077
23531515 2 0.5854705
6759156 0 0.48080665
24456020 2 0.70187485
29297687 2 0.35766375
32151735 1 0.44960698
29270192 1 0.5166026
8124819 1 0.54971266
10812140 2 0.5125106
24370855 2 0.68007755
22311822 0 0.43391514
22720476 2 0.6193429
56422757 0 0.7335121
4506694 1 0.48995036
38226363 1 0.4292464
38680907 2 0.7386888
2012289 2 0.52930355
15562054 2 0.6534653
15044711 2 0.49376434
12005923 1 0.4476422
25755700 1 0.4915179
40123035 2 0.58464223
11255735 1 0.45698258
29746910 1 0.46634328
53513521 0 0.53519166
10043575 1 0.47034028
22062165 2 0.6862991
17192721 0 0.3982276
49205855 0 0.6396027
31679084 2 0.45818457
6157211 1 0.49551427
33432683 1 0.40343264
11208557 1 0.48760828
7894201 1 0.41171107
56899559 0 0.4229998
2934919 2 0.4949894
26719374 1 0.62384576
30594587 2 0.4148421
34287002 0 0.40611827
11476833 2 0.5635874
12958141 1 0.4964631
8394116 1 0.47472057
5376863 1 0.43379375
31258873 1 0.42932227
32611781 2 0.5070793
30040063 0 0.40862325
9643673 0 0.56023574
25519720 2 0.48454484
6381851 1 0.47914353
16618690 0 0.57376945
40122920 2 0.35660347
13567562 0 0.47074813
14600804 1 0.41323033
14563955 2 0.47473618
5661842 1 0.4774839
10627185 2 0.74188095
13984460 2 0.5630504
56884666 2 0.5519176
36764600 0 0.42673588
7425566 2 0.5425357
17698512 0 0.60436714
10878622 2 0.5182193
17376695 0 0.4333946
7524447 1 0.60805887
8594163 1 0.50588715
10837183 0 0.50126976
30549165 2 0.70974165
4473951 1 0.5027753
30353070 2 0.5804374
8365668 2 0.565287
9464944 1 0.55682725
16596140 2 0.5171822
21254574 0 0.37691322
50384344 0 0.410379
43832885 1 0.46988744
47900069 0 0.5002597
3607787 1 0.6400057
42605789 0 0.5598094
15438257 2 0.43379673
8328312 1 0.45458457
11982594 1 0.45395914
21165633 1 0.6477689
3100161 0 0.4332366
5917087 1 0.584457
30045692 0 0.44251114
12912812 1 0.37212428
44667881 2 0.37941298
12068514 0 0.4908895
18303111 1 0.39056814
13204090 1 0.54045385
23067399 2 0.6290789
43459537 0 0.5339118
25288823 2 0.42376003
19580307 0 0.414058
25545559 1 0.40714112
19855534 1 0.53540415
14018651 2 0.54119194
43847769 0 0.44503567
17893451 0 0.4917537
24162600 2 0.42811978
48075914 1 0.40170723
7490520 0 0.46461403
11042682 1 0.5247512
606098 0 0.4259309
501231 1 0.40853897
16913870 1 0.5048508
6416963 0 0.4595686
3621773 2 0.5661392
38968653 0 0.38516682
48192144 1 0.51409364
30330680 2 0.505615
20092911 2 0.47957444
16513073 2 0.59816945
56422092 1 0.38483116
15503138 2 0.42148003
3415029 2 0.47984153
15877257 0 0.50018686
34393310 1 0.5614914
41112408 2 0.4922211
3064239 1 0.39981326
2529772 2 0.6635789
18502252 2 0.6919607
24507472 2 0.56233335
6350250 1 0.47222096
32179688 0 0.643336
26100541 2 0.54414433
13680255 0 0.41175777
11178607 1 0.4220667
3849852 0 0.46348312
10312753 1 0.6154315
13024299 1 0.5092057
5154715 1 0.57508963
38763043 0 0.47045332
34508206 0 0.51708883
39328877 1 0.38827986
45271557 1 0.50468695
35042903 2 0.51864046
37670893 0 0.42218745
8569555 2 0.43960804
22620536 0 0.4153081
24542626 2 0.5436243
21583247 1 0.45816952
35555236 2 0.5185841
2786571 0 0.43851706
12346573 0 0.4165387
9454620 2 0.42955574
38071378 1 0.5364424
36466112 0 0.4100697
39880344 0 0.53271586
39317151 2 0.62113464
7618693 2 0.59519184
4852199 1 0.4097169
44899128 2 0.547696
7070390 1 0.5004467
35286236 1 0.537083
39620486 0 0.4000247
840386 2 0.5543434
17098147 1 0.5745847
36311851 0 0.51600486
5830984 1 0.4585933
46360181 0 0.4612504
29135015 1 0.46929088
21990174 1 0.45946062
9101314 2 0.48603877
16363968 2 0.37922275
17603483 0 0.5336388
22813098 2 0.6961888
14995937 1 0.5024005
42374122 1 0.4270179
33363574 0 0.5476456
19901417 2 0.5020512
14025110 2 0.5361947
8762765 1 0.43869203
9580761 2 0.41854823
10068566 0 0.5479654
15699450 2 0.6078785
29271285 2 0.5024627
51230328 1 0.41146338
12263300 0 0.48988292
29484537 1 0.51678765
28832591 2 0.47871518
31813269 2 0.5029919
21179044 0 0.4328584
20077534 1 0.3531602
1481821 1 0.43414977
37399055 0 0.4942918
56629856 1 0.41359395
18135667 1 0.40946567
45109625 2 0.63965464
55264331 0 0.5885024
10988983 1 0.40194926
3481720 0 0.34039396
36214832 1 0.6318496
27007620 0 0.4416776
4957154 1 0.39358503
3125890 2 0.426857
6475892 0 0.44116342
3262557 0 0.6566895
37059396 1 0.42559075
6054184 1 0.5745129
21228222 1 0.6096839
30288469 1 0.4468223
47311502 1 0.61616415
28462481 1 0.4638142
46348115 1 0.37240773
22090530 1 0.5010852
39023354 1 0.37406534
19507207 0 0.7317806
54704281 2 0.34858564
4164846 0 0.50756145
54139890 2 0.6069914
21019018 2 0.5216383
23424649 1 0.4618998
24910070 0 0.5885006
9395737 2 0.6304236
19794713 0 0.42154703
30903342 1 0.50679266
30034365 1 0.71250665
32033734 2 0.39245054
32047246 1 0.4304618
28348287 2 0.49433896
4601347 2 0.6254353
28337510 0 0.48530442
4771225 1 0.55441993
7731688 0 0.3618463
37895363 2 0.6371695
23080175 0 0.41089725
24622671 1 0.50955313
33946907 1 0.5568184
22428452 1 0.44087255
24290338 2 0.7522105
23158364 1 0.4225418
42818332 2 0.68679136
11527764 1 0.39935908
10059682 0 0.38988712
10135577 1 0.50647473
9275399 1 0.4913282
15586745 0 0.42692766
43854323 1 0.5552837
17541320 0 0.55517215
23788248 0 0.35868952
4210182 2 0.46482173
41542851 2 0.52495617
7353768 1 0.5237214
10667347 0 0.40208253
24615144 0 0.5089528
7137475 0 0.4140254
48352010 2 0.4938254
14367097 2 0.5350658
15457440 2 0.5738153
5580154 0 0.3944814
11314615 1 0.55124646
41035513 1 0.47060952
7751373 2 0.73292387
12313582 0 0.3944227
34071039 1 0.4122077
21956946 1 0.58627874
26083451 0 0.58545
25675162 1 0.48534048
25743964 0 0.6132338
10842195 0 0.4687926
13536802 2 0.68510294
17063627 2 0.7020662
10140490 0 0.55694664
32872440 0 0.5498989
50953516 2 0.49815246
6606054 1 0.43542665
29706575 0 0.48498243
10621790 0 0.37622756
30031740 0 0.5141673
2074918 1 0.4904046
10346456 1 0.5677588
15270265 0 0.37104625
37694125 0 0.50471014
4813600 0 0.5719068
23967569 1 0.34651536
28229616 2 0.43359768
30345872 2 0.6203557
38831244 0 0.4759029
15213075 0 0.4053135
11787130 1 0.4658267
8396059 1 0.53431934
2604291 1 0.39798564
9934719 1 0.35603675
45332112 1 0.47679842
28050807 2 0.44829255
16918697 0 0.64134085
9189428 0 0.3995272
16357322 1 0.5279406
12711384 0 0.428013
7723469 2 0.7017911
35310434 0 0.48509914
4254404 2 0.55195427
31901330 0 0.35417804
4406426 1 0.62067634
28063988 0 0.5514512
20161106 2 0.68547386
12232816 1 0.52147007
8133917 2 0.43757012
44113679 0 0.5107132
30135062 1 0.6293278
14599066 2 0.6709486
45857073 1 0.39329693
3138210 0 0.4019851
21404838 2 0.4756965
30198369 0 0.42272586
7535501 2 0.661205
46400603 0 0.41717184
6143534 2 0.50921774
7715426 0 0.5692658
41764287 0 0.43782973
12311840 2 0.6236011
36277723 1 0.45865172
10828250 2 0.5668475
26853836 2 0.5820165
1898072 0 0.42498007
8789572 2 0.5118834
20622006 1 0.42755234
9451442 2 0.387349
35694825 0 0.4886456
15569213 1 0.4477543
2423616 2 0.48312804
19981353 2 0.50598043
15271728 0 0.54920334
9669556 2 0.47778985
6068205 1 0.5375233
35609254 1 0.42375457
19182158 2 0.5931348
3195788 2 0.5370886
6107416 2 0.3949453
36951737 1 0.5585528
16464906 2 0.43134573
17062917 0 0.44511855
8939666 2 0.4940857
8810750 0 0.3734699
19999638 0 0.53972393
9084927 0 0.43968117
5169503 1 0.58370334
25093369 1 0.43351844
6442399 2 0.5413891
3333856 1 0.47925258
47136157 0 0.5302093
16897918 1 0.38235947
8699276 1 0.4315229
33221773 0 0.5919925
40215177 0 0.53796285
37477635 2 0.6674826
26153768 2 0.5651527
25836526 1 0.39242882
29147016 1 0.44394758
30522542 1 0.5734893
7805869 0 0.4446044
57499829 1 0.38738552
8528462 0 0.6063053
33747144 1 0.45362458
9275956 0 0.45741972
7076176 1 0.41461515
34894062 2 0.65148
31890345 0 0.37349904
27372894 1 0.57571983
15420259 2 0.5678878
41018406 2 0.35916224
45446015 2 0.739119
26508854 2 0.49040318
31005991 1 0.5139243
12231033 2 0.5741363
1103796 0 0.4553471
20806011 2 0.50836015
23146931 1 0.60989636
31378190 2 0.43202466
26888094 0 0.44551268
57570593 0 0.40599096
41036524 0 0.4845578
14741748 2 0.52891195
6098678 1 0.35240272
8697837 2 0.42076132
18458976 2 0.38303244
42132269 0 0.52633816
33516792 2 0.5775042
8815570 2 0.48611662
6938432 2 0.67445123
7347290 0 0.34057605
40571919 1 0.60328716
17074944 1 0.61958504
8417967 0 0.49529067
3816842 1 0.58363795
35408099 0 0.53808105
23218357 1 0.65423167
29026591 1 0.3943258
8354618 0 0.48451704
10063224 1 0.40250444
44285901 0 0.46494344
11832982 1 0.35789207
32437577 0 0.56082135
16398157 2 0.56316006
46974527 0 0.53369206
21190537 2 0.5150255
6453059 1 0.56356025
16664553 0 0.6734412
5758672 1 0.4721764
6681251 1 0.46678036
33295658 0 0.49207848
37097624 1 0.3809232
9457783 0 0.38764858
44627931 0 0.6751522
8501550 2 0.515026
8796764 2 0.60164195
3391976 0 0.44128668
18942351 0 0.40084633
20001772 2 0.5311814
46339298 1 0.5770082
17326280 0 0.38363746
31138794 0 0.5100434
24771638 0 0.51024836
27189586 2 0.4188909
2509229 0 0.33998522
3443645 2 0.5673271
10171529 2 0.62498033
6519717 1 0.3995595
11223926 0 0.5040916
47563639 1 0.47933537
20310831 1 0.56533736
33731010 2 0.47283545
11594174 2 0.6161378
4132875 1 0.4587444
57587034 2 0.6264543
13783749 0 0.43501034
13153916 1 0.42751583
25323684 1 0.52053785
7800817 1 0.47414592
15353732 1 0.3721299
6759540 2 0.46400872
57507663 0 0.4135016
28979953 2 0.37253985
10814159 0 0.49340004
9767739 1 0.38790977
2987831 2 0.5250882
24385528 1 0.5239089
38023027 0 0.40854684
12559518 0 0.39677295
50466448 1 0.36713055
13860470 0 0.52719426
19858670 0 0.37794724
12434146 1 0.5427229
4605311 2 0.41794285
9101744 0 0.53542364
23048076 1 0.45727092
28289365 2 0.7327654
21080228 0 0.4435449
34349616 0 0.43560678
28322682 1 0.39442274
40160063 2 0.51242816
32925688 0 0.47941786
7589577 1 0.6226101
31807500 0 0.6430817
19649212 1 0.57015926
15086850 1 0.4110336
13429861 2 0.41424784
4977564 1 0.40904665
47325251 0 0.49685195
25600400 2 0.49827212
29092603 2 0.5596196
14130537 1 0.48981008
46783767 1 0.4952152
10807336 1 0.6703546
20791436 1 0.4595747
18146117 2 0.424614
6758322 2 0.4243021
33705725 2 0.4153536
14873279 1 0.52616966
29825215 2 0.47956014
36050743 0 0.5341361
27017862 1 0.6214664
30546870 2 0.4505443
6407117 1 0.5444672
28426033 1 0.49518183
6758332 2 0.55466646
6228689 0 0.49588335
5563829 2 0.3922338
13445163 1 0.37242573
10870766 1 0.5296047
31937789 1 0.4502423
35296626 0 0.38031787
39722846 0 0.46590832
13803805 2 0.38289416
36366955 1 0.5989274
3593581 1 0.5275811
8653102 2 0.3720336
15828517 2 0.5106212
52127890 2 0.38140106
29968598 0 0.39441782
8149472 2 0.5785755
18853646 0 0.5508662
12298326 1 0.45377105
39239817 0 0.61191857
24141828 0 0.4478177
11049097 1 0.4213524
35467545 1 0.5542616
19777342 2 0.8005041
40435278 0 0.404947
42805148 0 0.46701506
23370340 1 0.39194247
10941354 1 0.46915895
6361229 1 0.39693066
13346639 1 0.5018787
47466955 1 0.41803783
7669516 2 0.592586
56568616 0 0.5948895
3466776 2 0.48124886
38392618 1 0.45258534
6593207 2 0.41180873
50289951 2 0.43029103
12906354 1 0.42849666
16963361 1 0.3940002
33086144 2 0.46291143
16695595 1 0.44394195
5818869 2 0.36496615
11628840 2 0.4843838
30321792 2 0.45257145
35280204 0 0.574126
12347410 0 0.581277
1378621 2 0.6747291
27922922 2 0.70008886
41566929 1 0.38665336
10182558 2 0.5241066
44796565 1 0.5841392
42132058 0 0.4794001
18551168 1 0.37024057
22663768 0 0.6538173
3106499 0 0.3470811
24549486 1 0.39556572
6737825 1 0.45685306
17141226 0 0.5361057
30812907 1 0.5025903
6373186 1 0.5998543
37111585 2 0.5158796
21181818 0 0.52196634
49726918 0 0.61609036
4474872 2 0.5267554
25321826 2 0.6318068
30908637 2 0.60121083
13645850 1 0.5815933
33307447 0 0.3523796
23253166 0 0.53328687
11728947 2 0.5660667
1400246 2 0.62390333
19414307 0 0.4970967
22950145 0 0.39956462
1319463 2 0.4540571
6065302 2 0.5034339
24680937 1 0.53081715
19772103 2 0.56035477
10501067 0 0.47702438
22071280 2 0.5589367
18849932 1 0.44383365
37079091 0 0.545845
6218256 2 0.5673066
6570036 0 0.37290016
37903314 1 0.49880248
33537381 0 0.3368955
20436048 2 0.6313527
11847605 2 0.67589104
4522581 2 0.5780035
7542157 1 0.59700364
28596496 1 0.37450352
7059836 2 0.43620688
52101473 1 0.38424864
38201687 2 0.7127988
15111196 1 0.38875884
27394610 1 0.59328485
9451476 1 0.46283522
6016318 2 0.51149243
6502360 0 0.45925152
6653219 1 0.39615533
12704606 0 0.64404196
34545226 0 0.50037855
3234391 2 0.45926213
9784251 0 0.5432447
41439287 0 0.51104563
37445697 2 0.59707856
33163306 0 0.64661586
41266476 0 0.6977465
32620002 1 0.57471836
19579980 1 0.39223242
41367490 2 0.42498755
10778388 0 0.43600288
25280110 2 0.5302053
15284384 2 0.58694565
7310457 2 0.62341213
42627378 1 0.57089216
11943336 2 0.4186622
8142011 1 0.54072934
56856914 0 0.45491317
21727342 1 0.54910105
44427126 0 0.5820663
21414936 1 0.4359354
41105272 1 0.41077113
34670318 0 0.5037924
24811895 1 0.4635219
14348618 2 0.54547185
56697946 2 0.40358534
3500724 1 0.51554304
41034539 2 0.62359184
4650353 1 0.4300248
22664323 2 0.69539684
47980296 1 0.55380154
6430762 2 0.50243306
31400820 1 0.4919167
16305990 2 0.5563069
32353860 1 0.39620578
9447281 1 0.47205707
38181496 2 0.49925932
26268445 0 0.49111322
7844540 2 0.5791498
49378727 0 0.48417354
38844434 0 0.4299821
16962467 1 0.559755
50287100 2 0.50527453
11151013 1 0.53869945
6791046 1 0.5089772
25769062 1 0.6302844
35428781 0 0.44083533
33724877 1 0.51289284
24055141 1 0.43032008
281485 0 0.45457345
24999011 2 0.50091517
36079538 2 0.44625878
8810519 0 0.5914748
55460429 2 0.72205687
40126057 0 0.38783553
32231925 1 0.43837437
32029999 0 0.5688149
35578348 0 0.5881056
20289971 2 0.6787207
7163690 2 0.6680354
18999059 1 0.44361246
6267197 0 0.41293246
25081725 1 0.5715067
6160562 1 0.37306353
39094983 0 0.4678235
2407973 1 0.36063108
33172939 2 0.49687836
6249148 2 0.535621
17363227 0 0.43399087
10279373 1 0.4916428
38498464 1 0.43806788
5358879 0 0.40265587
19595837 1 0.6264437
31863935 0 0.46065912
33648296 0 0.6180005
15103636 2 0.3752872
11897894 0 0.45708495
8964697 1 0.54706496
37383280 1 0.5143762
1999930 1 0.5759115
40903934 0 0.48940468
20063195 0 0.40268436
19917307 0 0.42845833
1736036 2 0.46015903
45555484 2 0.5783407
48132741 2 0.6483555
19784837 0 0.43679094
40152981 0 0.4629934
31101532 1 0.4959431
2235698 2 0.74124336
42453894 1 0.51698875
8545628 2 0.57540005
6051970 0 0.40931264
4364028 1 0.4844279
22793054 0 0.6504468
11340587 2 0.54682994
7104310 1 0.39162526
21546616 0 0.48491138
14767021 0 0.6187075
7867974 0 0.5973643
39885019 0 0.4704336
31896441 2 0.6259364
10786289 2 0.664767
26117403 1 0.5250158
21844776 2 0.43787402
18033525 0 0.6677998
10786328 1 0.39919415
19782725 0 0.39456666
12798950 0 0.661082
21858672 0 0.63733906
29547134 1 0.52917314
15007035 2 0.58232594
10113398 1 0.40196392
26876132 1 0.48794106
22969756 1 0.70460534
25340710 1 0.40697247
32045765 2 0.60696286
24189285 2 0.6504108
7842320 2 0.505786
31163678 1 0.45348853
50285026 2 0.44063252
14984398 2 0.39168784
40175481 2 0.504694
32605804 1 0.47876304
22415978 1 0.54661644
6956641 1 0.44310004
26573343 1 0.55526304
4154167 0 0.37842605
8585680 2 0.511824
24410496 2 0.4746111
3341642 2 0.36513638
23408398 0 0.42034563
5188065 2 0.575453
7632185 1 0.6905793
7868573 0 0.48380074
33096654 2 0.76300657
42689108 2 0.5771394
652300 2 0.59986037
22852151 1 0.46605283
9062334 1 0.5009668
13349065 1 0.39212668
12090136 1 0.44338447
11846444 0 0.44721064
12143706 1 0.42996866
5662020 1 0.45406374
21660404 0 0.4394743
3179049 1 0.41335702
7197822 1 0.46113908
7741263 1 0.46525905
5324589 1 0.62928516
28291609 2 0.5648503
7491965 1 0.41719416
10869255 2 0.57626855
6254657 1 0.3887855
26248114 0 0.3842672
1417893 2 0.73986
31110484 1 0.41896674
24229926 0 0.67782027
11238120 0 0.500476
38372545 2 0.5368127
15171945 0 0.47908452
41338280 1 0.4633811
41260301 0 0.5767546
44506445 1 0.41969073
22397382 1 0.40389693
5547569 1 0.4244776
15793496 2 0.5566853
6478901 2 0.6038626
24965971 0 0.35320368
3768893 0 0.4321446
14087433 0 0.45816007
33429882 2 0.7777923
32622447 0 0.4914634
35842558 1 0.40206736
16627873 2 0.6964564
9172308 0 0.478025
2280375 2 0.7508345
52179519 0 0.4011532
45928187 2 0.6265614
49113223 1 0.44965193
31410296 1 0.4717109
35590731 2 0.35519716
31526470 2 0.4440779
42251872 2 0.5889309
7119435 2 0.45635483
18485268 1 0.45308176
33964283 1 0.42564735
11352916 0 0.5146608
20814793 0 0.5116123
5773880 1 0.38168368
19579360 2 0.5676005
9323466 2 0.38159567
20032471 0 0.5137226
21737444 0 0.4101541
24792699 1 0.43215302
34537554 1 0.5748734
11230047 1 0.51719785
23769691 1 0.5809969
46667141 0 0.5824902
23832319 1 0.52559286
15964926 2 0.62419873
15969687 2 0.66015214
14744939 1 0.5662093
15608436 1 0.51192605
26070872 1 0.5380589
12076851 2 0.58816206
15661381 1 0.46047246
23476640 2 0.3917862
9098402 0 0.4107992
4260108 2 0.6414215
5063061 1 0.43875915
9080576 2 0.3763896
24231905 0 0.4348813
7013560 1 0.52044284
32864419 2 0.44469038
6423639 1 0.41722846
22812088 2 0.5770752
36935300 2 0.51114863
2012430 1 0.48322383
24880962 1 0.43156213
27790506 1 0.37312815
25228084 1 0.5407483
26912225 0 0.5113381
28561301 1 0.36376053
41545757 1 0.563966
6637907 2 0.47667214
8510613 2 0.51480967
44719129 1 0.50347847
14172573 2 0.57078606
45065984 1 0.3823653
26592092 0 0.5080775
18760620 1 0.43841004
21733607 1 0.42783952
17415701 2 0.47476327
54432641 1 0.47200018
26303627 0 0.42776597
54667817 0 0.37205967
22448310 2 0.3484823
8850182 1 0.4702844
46303508 1 0.49623233
29172665 1 0.46734816
9989391 2 0.60192
42889038 1 0.46763805
30018010 2 0.42654043
18738088 2 0.39026034
2671220 0 0.5424648
37835606 2 0.40354466
26974989 2 0.74987715
20846438 1 0.5612508
23349738 0 0.57726413
20036447 1 0.45696452
3468268 2 0.6170896
5330808 1 0.3890992
9391057 2 0.44289017
47141739 1 0.45963427
8497628 2 0.40683937
23697212 0 0.4853699
3551643 0 0.53608346
21836562 0 0.5478508
3817449 2 0.4163681
3178123 0 0.6685064
8789743 0 0.37200123
36234544 1 0.5024004
993409 1 0.42284948
49513003 0 0.4778447
18139326 1 0.39716747
20781538 2 0.57865334
57731433 0 0.4738056
45009288 0 0.41805768
17354233 0 0.42813298
31895413 2 0.57711375
30175436 2 0.60994667
18428925 1 0.5893537
29155884 1 0.5424847
31231516 1 0.64450204
30384685 0 0.4102089
12190738 2 0.40718687
14572978 0 0.40936965
35228696 0 0.49440017
36935730 2 0.5107789
56986936 2 0.47810853
36646086 1 0.507514
16596563 1 0.46483845
4862241 2 0.5072014
26659167 1 0.38261777
27666070 2 0.52673066
48676394 2 0.5874691
5979886 1 0.39918715
22607277 2 0.55314064
17892404 2 0.55341506
20856772 0 0.47878227
3942813 2 0.36467746
5191086 2 0.36062893
18757518 2 0.49792883
14549947 2 0.6262841
10596381 2 0.39775124
8178011 1 0.48662007
22694319 1 0.65996
19374069 0 0.37484634
23982434 2 0.54688334
32206380 0 0.4821571
6444507 2 0.5339513
12623698 0 0.4154502
27315155 1 0.37587753
25781889 0 0.3849073
6771995 1 0.3681473
11672541 0 0.528038
35053919 1 0.49069434
9784762 0 0.57068914
41934228 1 0.45110103
33336720 1 0.55778605
6410120 1 0.37267545
31916298 1 0.42566237
40227701 2 0.6484361
56267847 0 0.38714257
13869418 1 0.5845601
6916314 2 0.4189818
33235077 2 0.5044207
3273409 2 0.39836067
40599118 0 0.5916488
18122576 0 0.5675734
15508212 1 0.40912095
56722408 1 0.38245186
22439316 1 0.4928779
52614302 1 0.40303215
48019631 1 0.6004671
37227755 0 0.35562983
24718637 0 0.5696054
4506652 1 0.36685652
17452572 0 0.45735726
22541273 0 0.53187966
7561794 2 0.578713
3500917 1 0.53772026
2117341 0 0.4161614
10451305 2 0.5884603
31477329 0 0.5451169
23554539 2 0.5944516
28989452 2 0.4314397
39851376 2 0.5354641
15964458 2 0.47376183
12930955 2 0.41429672
20948374 1 0.49805728
19647631 1 0.4361948
14639475 2 0.6929547
27528755 2 0.441653
47917548 1 0.48853087
10056716 2 0.54486924
42594598 1 0.47500563
12479706 0 0.51437104
54741600 2 0.45182836
32818744 0 0.35405156
40607576 2 0.5303396
37332234 1 0.46571743
32765553 1 0.510284
47399639 2 0.5780085
4958362 2 0.5339732
18365952 0 0.41292188
7448880 0 0.3909251
34640282 0 0.47979957
28407397 0 0.6966462
10041551 1 0.49770215
29253417 2 0.4059177
32697910 1 0.5860236
4122303 1 0.5038647
16782150 0 0.39482346
5244378 1 0.37841362
32495032 0 0.38360652
34922239 1 0.5448555
36210018 1 0.44685242
21490927 1 0.6109859
1395740 1 0.4267755
26879391 0 0.5935492
16323575 0 0.45455024
12939600 2 0.5115225
12757367 1 0.61076725
23411556 0 0.48498565
12016827 2 0.42359307
42344885 1 0.55355686
3918512 1 0.4784627
7675523 1 0.375394
16981401 1 0.48499027
18610912 0 0.49922958
5767015 2 0.42083955
17737667 1 0.4271103
39538606 1 0.45608127
14122623 0 0.46325123
30160104 1 0.48699212
10080312 0 0.44650626
19735743 1 0.4483856
50384944 1 0.6122958
14378750 0 0.38313755
35272172 0 0.6039735
6521156 2 0.46742624
15836611 2 0.39499068
23490299 0 0.5135568
43674188 1 0.37503102
7060392 2 0.66996765
28225740 2 0.66311616
38589123 0 0.41566372
6866699 2 0.50741345
14589432 0 0.37644485
1337865 1 0.37340015
7151737 1 0.41813058
28454849 2 0.54655176
556572 1 0.3650187
55244027 1 0.3784828
4805284 1 0.38736537
17808129 1 0.5778293
7230776 2 0.6760077
7726283 2 0.44975498
4593387 1 0.36629748
7075795 0 0.4282046
6214863 2 0.47856396
10473066 1 0.5504149
41122521 1 0.5953187
11646697 2 0.5415428
7447559 2 0.5776931
3324257 1 0.5531585
55758377 0 0.63407534
23871012 1 0.47690374
23089465 2 0.7179687
13426029 1 0.6624972
14913377 1 0.5491612
6528724 0 0.42202845
17613463 2 0.44872636
7279129 1 0.4671214
19984432 2 0.696451
13466249 1 0.3839463
19902780 2 0.5760634
41606916 0 0.5089034
14291244 1 0.38039392
25746999 1 0.53966993
56692996 2 0.5366272
2985591 1 0.46930707
28684227 1 0.7103306
24905489 2 0.47238764
9794383 2 0.6185182
20500116 1 0.45064098
13387808 2 0.3876857
12541509 1 0.40942818
13719322 1 0.37215245
3590811 2 0.47901344
37017975 1 0.41448408
8368157 0 0.48387286
22140789 2 0.40499297
46361273 1 0.5268954
20775227 2 0.5416805
14661496 0 0.3608551
9321112 1 0.45096427
20151177 0 0.5024619
26658279 0 0.42241603
9715061 2 0.36323273
8132577 1 0.39654022
39256204 0 0.46613097
51351297 0 0.5681933
11232457 1 0.59628034
27550200 2 0.42335808
3316332 1 0.639405
7152995 2 0.6544939
30998383 2 0.69480103
13653877 0 0.45909378
10728652 1 0.39288256
19608727 2 0.53995776
25422464 0 0.60834956
15381780 2 0.5980579
4109027 2 0.37420592
30008647 2 0.72650117
56424058 2 0.5266228
21868286 2 0.5451489
30342427 2 0.563608
30474625 1 0.642929
20043691 1 0.46142796
16054371 1 0.5012019
26756257 2 0.47414476
15266 0 0.6322139
21097680 2 0.51209843
8469293 0 0.46971977
36462897 1 0.49975872
28576773 1 0.48315957
12734101 1 0.36450312
20762134 2 0.68227667
26687915 1 0.40050521
3178680 0 0.50590974
16424462 1 0.37646776
41178048 1 0.43704695
6127318 2 0.63476276
36413965 1 0.50963026
7962595 0 0.5193912
13299945 1 0.39783794
20002014 1 0.43090487
56765858 0 0.52758855
18051879 0 0.4245649
45319229 0 0.4453413
22405496 2 0.53729784
32227827 0 0.35965547
29632318 0 0.46757436
4270112 1 0.46202722
16074168 2 0.5149937
17167254 2 0.65267617
6828787 1 0.5350599
12458627 1 0.455991
23679859 1 0.39723736
2897860 1 0.38215324
3806414 2 0.43987817
9802491 2 0.45623943
30343728 1 0.561382
43314226 1 0.5961117
25255084 2 0.52296025
16144785 1 0.5863308
11725047 2 0.43709996
35404748 2 0.50486416
21229897 2 0.54353136
8855547 0 0.39419147
8186839 2 0.50765544
31657944 1 0.5524455
8458917 2 0.6181056
21074079 0 0.5303684
11554689 2 0.50831234
5711412 2 0.48778367
19357560 2 0.40204868
7939287 1 0.4916626
27209778 0 0.47678348
12966501 1 0.58737606
18286540 1 0.46593487
22563438 2 0.5625346
23573891 2 0.5608295
12174317 0 0.507461
4795871 0 0.43470818
33502182 0 0.54044795
37434814 2 0.48605275
15847337 1 0.46564674
34208370 0 0.38382685
6371887 1 0.5420425
8570537 0 0.46803796
32864000 2 0.46300343
10596624 1 0.45933908
17842223 0 0.6267237
24900001 0 0.5509088
35622197 0 0.6054618
54458037 1 0.5681935
40799515 2 0.46196607
9350652 2 0.6746089
7256336 2 0.55470115
29635339 0 0.3739703
32203479 0 0.5947931
41569009 0 0.5005048
40090367 0 0.37797523
25001566 1 0.58211935
7206073 0 0.6333528
6227776 0 0.4535643
5379827 1 0.39981407
34823690 1 0.55125326
8880999 1 0.6390264
5410985 1 0.4725336
38773609 2 0.45614618
3769838 1 0.38178983
15194348 1 0.47573107
23538573 2 0.41079563
1734469 2 0.5576035
13445911 2 0.58303654
38114188 2 0.5708107
10718141 1 0.35849303
55924463 0 0.40838602
31351644 1 0.39805204
3818120 1 0.42719164
28645749 2 0.60983855
10078026 2 0.6216313
30287178 1 0.5316622
15441283 1 0.5446189
8385840 0 0.46871832
41135420 2 0.37862322
20017927 2 0.5502354
20796844 0 0.45483732
12405470 1 0.4589091
12523391 0 0.49532515
6175222 1 0.4626324
2816436 1 0.42505777
5512643 1 0.5310092
7071504 2 0.65657514
36115262 2 0.41554517
10701590 2 0.6232718
30479150 0 0.61748713
12400417 0 0.5145056
42530834 2 0.4289767
21183703 1 0.49322158
14743663 1 0.3979578
14176246 0 0.59976053
5862207 2 0.66086495
10656721 2 0.59198725
11362679 0 0.3968244
6837263 2 0.5163229
17358438 0 0.5251473
2317051 1 0.50080603
8599263 2 0.4180406
15115311 0 0.411868
20327578 2 0.3873742
55723259 2 0.64543927
9563121 2 0.38784832
5182165 2 0.5299706
5206694 0 0.41529414
30742687 1 0.4486997
38964798 0 0.6417651
20251175 1 0.5883254
31352889 1 0.36551467
27701194 2 0.43659607
28531425 2 0.6085733
42421646 1 0.615797
45835142 1 0.53620625
15976174 2 0.53976226
36171830 1 0.47660238
11816132 2 0.46684274
6315336 2 0.38959962
38067597 1 0.42535913
19557802 2 0.4948913
8287727 2 0.6369829
6372350 0 0.41186774
55970523 1 0.42435136
10688042 0 0.5243095
5000023 1 0.663579
13080066 1 0.39210498
41331889 1 0.54444194
17717314 1 0.40134943
22123280 0 0.41297168
15180991 1 0.47937176
3936242 1 0.5015795
2530746 2 0.5789672
29770425 2 0.5928968
13776916 2 0.7166535
28353053 1 0.49461877
51481752 2 0.38809535
43124959 1 0.5020328
2798998 2 0.67202336
56457391 2 0.6241279
14394811 2 0.5954293
26005641 1 0.6583954
34467082 1 0.46006182
2237857 1 0.45796788
38926659 0 0.7177982
50322705 2 0.4111666
44454582 2 0.5195655
9004881 1 0.7048119
13508083 0 0.48701662
38975415 2 0.60021156
9114243 2 0.52881646
38719075 0 0.5397983
40501537 1 0.5704467
11223618 2 0.48070022
29669858 2 0.60935897
19877069 0 0.39061886
17576598 0 0.44169945
31363919 2 0.407545
29542986 2 0.49079597
4852116 2 0.4168763
23615932 2 0.6515442
6358365 1 0.54995275
9539733 1 0.6166003
6651170 1 0.7108211
19910719 1 0.586527
12840587 1 0.6791099
17545290 0 0.42930838
47859593 1 0.5736885
1127897 1 0.69397265
12961001 1 0.5219783
7310057 1 0.45187494
24251756 0 0.65952957
31687216 2 0.58549094
16619276 2 0.4952865
40120628 0 0.55259883
7391722 2 0.4380067
4082223 2 0.46836433
4661993 0 0.554706
36915238 1 0.56121725
20966345 1 0.48017782
16008481 1 0.5733079
49519161 1 0.7296061
30455982 1 0.44533977
42557585 2 0.4669787
5840984 1 0.7064605
30911665 2 0.6766623
21594765 1 0.65594774
23954175 2 0.68007743
7053355 1 0.7031785
28413923 0 0.5118287
26684140 0 0.59638965
7198750 2 0.5236632
9236664 2 0.73794
17567448 2 0.6629598
6714112 1 0.5498013
10988369 2 0.57729745
39019990 1 0.56780005
15652131 1 0.7193818
28625420 2 0.57807463
10778753 0 0.53198004
23283609 0 0.6081995
2053568 1 0.5850876
16177066 1 0.651176
33054605 0 0.4164785
59174640 2 0.673766
59181765 0 0.5719416
59168403 2 0.71946007
59225567 1 0.92507035
59065874 0 0.46342668
58342434 2 0.52011997
58011737 0 0.7492477
57874806 1 0.5978755
58765106 0 0.53258395
58813712 1 0.5259627
57849628 0 0.5127601
58198729 0 0.75332886
57756394 0 0.42729262
58827031 1 0.42176217
59310730 0 0.6891275
60188036 1 0.5278479
60925965 2 0.49573228
60926076 2 0.5078873
60970843 1 0.36609325
61150599 0 0.41910067
61161709 2 0.6526212
61240923 2 0.46419895
61312796 1 0.5067562
61313137 1 0.47151008
61360185 0 0.4417554
61377227 0 0.67917264
61428695 2 0.810437
61508865 0 0.4414984
61525821 0 0.532436
