50973952 4 0.30543998
32733152 4 0.21696694
57265300 11 0.19416308
53676650 4 0.6957977
44258550 17 0.121226795
36998452 0 0
52285470 14 0.20240739
48156112 11 0.43246242
55944252 7 0.13241567
41383175 18 0.21421899
35133953 4 0.28017247
39085557 4 0.26797238
42500308 11 0.23630998
51985565 20 0.16912825
42711628 6 0.4715194
37732223 0 0.17108461
41386140 18 0.13089716
40595319 14 0.18909717
52438330 4 0.40930694
33849845 4 0.31124637
29269120 17 0.12506855
48374520 11 0.33826882
33011558 4 0.16693781
35671986 11 0.19398268
35900523 6 0.24981378
51622043 11 0.24668483
44125297 11 0.1081151
51039755 13 0.23738067
30403550 16 0.12959194
40129797 4 0.20762347
39933239 10 0.11575066
43409705 11 0.22390844
45746198 11 0.34526157
37581792 14 0.20989212
37551951 11 0.29057628
30430705 6 0.26324552
46402621 6 0.15785728
50457229 11 0.20696905
37686308 2 0.15931511
34051010 10 0.11166004
39820643 11 0.14999567
41693066 14 0.34135047
39029619 13 0.2107588
36069327 4 0.12529714
44379194 2 0.3216925
33028984 6 0.23649184
42474376 11 0.13874629
26064315 16 0.15793267
37539997 6 0.18886171
38253331 6 0.24255782
40707006 11 0.33207932
41939078 20 0.16133982
49693795 6 0.2077598
48654268 11 0.1042918
40700569 11 0.21438946
45690917 7 0.40675145
45706550 4 0.27752125
55412380 6 0.2218378
39392017 11 0.1950267
38347275 0 0
52664620 4 0.18787067
33885334 0 0
52410180 19 0.11348576
33390727 20 0.12852298
39320579 15 0.109245755
46372756 11 0.26009724
31220571 7 0.12854984
34149389 11 0.16458651
53337904 11 0.27232152
45805590 11 0.35447195
52804381 18 0.12002642
45689038 0 0
41526138 7 0.24777398
52347222 0 0
46120666 20 0.11200691
57202677 6 0.13187678
43702146 14 0.26129887
51411711 11 0.28139257
52564362 3 0.1552243
49528074 14 0.11397239
28556084 0 0
57600008 14 0.19447364
50920546 12 0.10045825
39192616 14 0.16236503
48548849 6 0.13265
39629276 11 0.34434533
40619433 11 0.26746026
43718743 4 0.14476497
33940855 0 0
42205514 6 0.2170085
37628736 3 0.119167276
51042797 11 0.16623113
44297309 7 0.21364458
43722037 0 0
41099718 6 0.2899701
51073866 11 0.16732317
33504004 0 0
51633681 11 0.3135418
55308251 11 0.23734152
46685333 13 0.10026605
36161137 11 0.34943804
49548487 14 0.17756438
35902549 0 0
39859703 6 0.1371872
51275219 11 0.32851318
44647383 14 0.15088932
43764053 11 0.16938572
49408289 0 0.24223961
46176411 7 0.2568679
50139809 16 0.7602725
57397350 6 0.16291524
48002539 7 0.27643773
31479840 0 0
40728145 0 0
47766781 0 0
56283588 11 0.17767264
46301197 0 0.13388507
40308690 17 0.24071726
51619208 6 0.12760672
40126200 17 0.19535832
52824349 18 0.105585836
46217152 17 0.23983066
47149113 12 0.16871947
39767485 9 0.17097569
39859283 11 0.30406743
38564924 1 0.24475795
39886592 10 0.11258121
31531706 16 0.19100419
25754147 0 0.66256917
54930650 18 0.84596115
50296488 11 0.25432923
55261283 20 0.20449576
37014686 20 0.16995041
56570279 4 0.17740363
34122962 0 0
56610896 14 0.22870532
40109640 1 0.23871544
31458194 9 0.16684541
43134801 6 0.23875509
32703226 0 0
31896730 6 0.1557985
35788264 11 0.2835607
40549368 11 0.20979422
56630848 14 0.4360718
46415193 20 0.2180497
43091858 18 0.33955985
37949097 11 0.3432253
39998949 13 0.2234674
54401530 11 0.29848287
49889256 1 0.12323225
50493967 7 0.17039518
48226184 14 0.25969929
45647097 6 0.17692001
39857602 11 0.16485381
38913547 4 0.37610415
53920267 12 0.21280704
41690302 4 0.35391966
57220083 14 0.10425962
24858701 18 0.16061267
54259545 6 0.13938908
37213918 20 0.11782753
29566725 4 0.17775294
27931831 6 0.2206468
45490076 4 0.2823684
46128520 13 0.100707956
55105705 10 0.3021648
27570642 1 0.17537466
42501107 11 0.19463436
43609945 11 0.30967554
48586796 13 0.67121464
47731077 11 0.26185223
34146316 17 0.30381042
37680361 0 0.6425859
56571518 11 0.3268074
37360936 20 0.14021744
35073656 20 0.16943225
35501342 0 0
51765677 17 0.34148794
35808352 11 0.16356757
27132937 20 0.41978154
41791494 11 0.31528473
34447878 4 0.14449684
51766313 3 0.12859167
51340126 13 0.11040792
33497348 0 0.30313322
48414685 3 0.12816113
52867778 2 0.24576996
50410946 19 0.14030772
50801091 0 0.24100989
40749093 4 0.202156
32303072 6 0.14405039
43980337 4 0.2157284
39472549 4 0.21864821
31257544 6 0.21984103
36503603 11 0.15068996
50894869 11 0.2619183
46729750 6 0.14816542
52171671 4 0.11511744
52690346 18 0.11890699
36175985 6 0.15555865
41401312 7 0.1158961
49496736 4 0.18339324
32761636 3 0.15526846
34408825 20 0.4671037
53470633 14 0.22527653
52452871 6 0.18969238
33938186 14 0.27563548
34769130 18 0.1909713
57663058 7 0.12571049
35009105 20 0.2659323
31536734 4 0.25002047
55462219 4 0.26258564
34678083 11 0.25723016
40312647 16 0.16341932
33519295 4 0.38733214
37593837 7 0.122303255
28841580 20 0.33530998
50025139 20 0.217884
36023038 11 0.297355
49807221 20 0.12666765
49438679 7 0.23383327
37926333 18 0.2677565
31908202 0 0
41351863 6 0.12579004
39560106 3 0.26069036
43122436 18 0.15267517
39411808 18 0.11412392
45055139 20 0.18116105
56042522 12 0.11323538
57718843 8 0.1646896
57300395 11 0.28855845
46877730 11 0.13997826
38067208 13 0.3121358
52422047 11 0.293251
47053152 14 0.14611515
45541064 7 0.13109447
25776238 0 0.2885667
34517002 17 0.1517127
54313731 0 0
32812826 11 0.2938777
39539778 0 0
52815810 6 0.26344872
33641972 13 0.12569435
34476131 3 0.15561351
50889229 7 0.5259119
31628608 4 0.16570404
48495538 2 0.1019561
48239712 9 0.11795879
46644816 18 0.1582724
56572710 11 0.29297784
56483932 7 0.36945823
27342723 4 0.15918072
55957680 11 0.3136439
47520301 20 0.19567953
46685756 0 0
40547790 18 0.54531556
34937644 11 0.106921
38690000 11 0.18309057
40422714 20 0.13405131
44077937 11 0.265986
57264393 11 0.49235877
52521378 5 0.1013521
52876918 4 0.13388048
30701630 20 0.2160415
34473630 14 0.1707334
49717813 11 0.45210615
42314084 20 0.29844072
53516671 4 0.12908311
39248438 13 0.23101747
45203246 14 0.15237527
34855741 0 0.19251347
43400490 11 0.22316141
53849668 19 0.10944614
41304713 6 0.14229815
39335109 11 0.32866594
35307603 13 0.119036876
30849143 11 0.20493992
46111175 4 0.1752213
40884695 18 0.28499112
41319351 14 0.117821045
24090020 0 0
37753699 17 0.2743078
30974921 8 0.16913934
42184979 11 0.20541985
31374733 14 0.46192023
46244620 0 0
34133430 4 0.38890907
25648063 17 0.116554074
46972971 0 0
41137284 11 0.37235525
52784823 18 0.17845708
57019302 11 0.21855767
53938873 11 0.20893921
42595241 4 0.12752523
50018703 18 0.20180841
32690941 0 0
56599127 4 0.26460543
45131935 20 0.38938665
26449878 18 0.1978852
36915473 11 0.28081107
48072580 20 0.107925884
49967723 14 0.28727725
47510200 16 0.11811851
43301437 0 0
50746833 0 0
55600146 0 0
31806448 5 0.11543464
51685476 20 0.14483742
27736069 20 0.13263683
56446552 4 0.1928135
36701385 9 0.15997405
6578824 16 0.167541
52075833 11 0.24314426
35540080 11 0.2676417
37949518 6 0.2692636
42811151 18 0.10243315
48437151 7 0.20987058
29489391 14 0.25262696
46719209 6 0.14077218
37457946 17 0.17407072
45281845 4 0.26026016
31855093 18 0.12655583
40724208 14 0.1513436
41382902 4 0.30574402
34645522 0 0
44931874 11 0.3081529
45793186 20 0.113231696
44406650 0 0
57452145 13 0.3076756
30962674 6 0.14980139
50378552 4 0.2085518
50171315 6 0.15268095
39828197 4 0.26077387
54844794 18 0.45659667
51873672 18 0.27977517
53796829 13 0.24015124
40719247 7 0.16610676
26083954 12 0.5555507
50427607 0 0
39418490 4 0.23025689
36549367 0 0.104526855
39392338 6 0.13835114
52875840 0 0
53158635 11 0.2829325
57218924 13 0.16198392
32798991 9 0.11775923
49690562 11 0.27935848
38037454 0 0.21473046
40915549 14 0.14864229
46312291 17 0.23175083
50539113 11 0.2974074
49789739 17 0.18562128
30677899 18 0.5043199
48896798 11 0.53061455
32774138 4 0.33163783
44581989 7 0.113371395
36650495 16 0.2139538
38317727 20 0.45619258
34342193 7 0.22085378
30037715 6 0.36691692
39887013 10 0.13529302
49826107 3 0.20849314
55719465 11 0.107527465
46925755 14 0.15060395
46454631 9 0.44809762
41252187 0 0
34067876 11 0.37473378
49489591 0 0
57408355 13 0.121227585
51034293 11 0.21015798
49465096 14 0.20764375
40859459 18 0.3559543
45917791 11 0.2905533
41256031 6 0.13715683
35632521 17 0.13764137
43893045 20 0.28444564
42188459 11 0.22422628
56060327 20 0.1204059
42211868 11 0.24520211
29933574 7 0.34409434
57041260 6 0.25545374
52713551 14 0.30128354
45576398 6 0.21174337
38199889 19 0.22927569
27715985 17 0.31000388
48318952 15 0.16830245
51240435 6 0.21205649
46612510 4 0.28562766
42211946 6 0.15792142
46993909 0 0.18055624
40991523 7 0.14805079
55380664 6 0.17378101
46869319 11 0.24364926
35595208 6 0.23061816
55330996 11 0.28034085
53514085 0 0
50853305 11 0.13634557
43978219 11 0.19880627
50350447 16 0.1425295
36039600 20 0.2841127
58102399 20 0.16685583
58924510 11 0.32853335
58867634 6 0.2360161
58602468 6 0.14670956
58266308 12 0.23730162
58298268 16 0.15878648
58445519 14 0.124343395
57920962 0 0.15999198
58984153 1 0.37183684
58990310 6 0.21212927
58422613 13 0.407129
57879872 0 0
57967353 3 0.11100957
59330804 6 0.13196798
58656578 6 0.37833047
57989054 18 0.21094014
58095071 7 0.87663746
58582139 17 0.1364598
59195845 18 0.1985504
58029479 20 0.119135916
58330568 6 0.1660211
58137950 7 0.20472762
58138190 14 0.16956767
57773052 18 0.17767814
57847125 1 0.11867148
58618417 10 0.12401996
57769214 7 0.1607944
58227552 4 0.7527587
59348998 11 0.27253646
58759116 9 0.102569975
58414339 13 0.3817263
58832459 7 0.2997395
57758006 6 0.109278515
58828344 11 0.24812414
59390749 11 0.31515017
59597610 7 0.1701998
59698737 11 0.18275273
59741602 20 0.121861994
59770686 3 0.25133622
59759258 20 0.15244022
59922955 6 0.25337347
60040827 14 0.18714824
60115557 11 0.18800102
60148059 0 0
60294844 4 0.33161572
60338384 0 0.2017032
60362903 11 0.28378397
60360194 20 0.16493565
60357663 6 0.13187964
60418788 11 0.4278427
60455280 11 0.24626198
60464680 11 0.1570586
60863453 20 0.1339393
60855593 18 0.17027284
61031528 11 0.30166754
61047638 6 0.11545872
61050126 20 0.19092537
61091401 20 0.15215237
61258814 11 0.24734429
61265472 14 0.23514366
61307866 20 0.10447198
61317489 7 0.13629495
61368041 20 0.10936757
38298996 10 0.22521873
37255006 2 0.15445976
37930926 15 0.21014066
36005620 11 0.26090738
39248246 16 0.19644184
56309761 6 0.16908571
37259328 6 0.22601011
49791349 3 0.114283204
39151071 15 0.2650524
48500744 14 0.20126009
53271301 17 0.18604785
44937797 11 0.15467198
56901595 2 0.17852023
28955239 12 0.10383479
46191340 6 0.1345115
56274714 15 0.25623235
40134296 6 0.23888206
54548567 11 0.20413804
46758889 2 0.11615974
44432232 14 0.18558025
44781367 14 0.30859476
47276789 5 0.117026374
56371983 17 0.10518823
49894247 5 0.11384607
41567361 17 0.19940057
44360487 18 0.1541558
51421822 6 0.10515674
30468968 4 0.3986686
54071294 10 0.39176977
43227984 0 0.14486937
54766633 0 0.2925689
54201392 10 0.23521619
38103659 5 0.36876366
25792934 20 0.30761102
51932571 1 0.18698122
39735404 0 0
41236587 0 0
55023487 4 0.1517769
56108914 4 0.30978256
45555344 9 0.2855263
56505189 8 0.38026753
53234735 11 0.13094129
39975839 0 0
40304043 4 0.24469268
32174164 14 0.2565658
46236374 6 0.2367845
39117706 18 0.3247553
40932064 0 0.610878
46672441 7 0.11552293
53188992 15 0.18980774
41536048 13 0.12875296
45437539 0 0.6994546
32198033 0 0
37783016 3 0.10882837
33923876 10 0.15986732
49506423 3 0.11269873
38624539 10 0.14555301
54683938 10 0.3578367
44059519 11 0.26514614
42134382 20 0.13434274
46478474 20 0.13236587
40093873 4 0.32657215
45311584 4 0.121728405
36693329 1 0.13949922
34819088 20 0.18923473
33966263 4 0.10779113
53137602 4 0.11451784
47119347 0 0.23251106
30911195 4 0.23735599
46065137 16 0.28603807
42755246 0 0
48883126 10 0.21572703
50567322 13 0.2359842
33654321 10 0.31957835
40398777 10 0.18399508
47835450 0 0
39225375 6 0.23591563
54445388 14 0.23345666
43627972 5 0.2509859
35484571 0 0
57692446 7 0.15495425
41385321 12 0.13445775
45972722 14 0.18433645
43729085 0 0
44900535 14 0.54184496
43817714 6 0.1778326
44677180 0 0
38173587 10 0.17608646
39671902 7 0.22251004
55776369 7 0.14894728
47237524 20 0.15622433
54286296 16 0.12001802
40546199 0 0.32131752
51766733 4 0.20808987
32989785 4 0.26456645
40530844 16 0.11199136
44184770 10 0.6043093
36972645 3 0.11796241
56007361 0 0
45125286 15 0.10921556
43135104 1 0.32860216
31851764 10 0.29708913
41443355 0 0
50802241 14 0.14909327
32189597 4 0.23390646
40269905 4 0.10296913
34940890 0 0.6946115
56216619 10 0.15611319
30163274 4 0.38768834
44889320 11 0.12939328
41648314 17 0.14049664
42886226 11 0.15495902
45755126 11 0.18392718
38887971 4 0.20344165
31199422 0 0
41566879 10 0.17001225
26969150 19 0.100822374
44968198 4 0.16423915
28956228 15 0.14935821
53909434 17 0.12751478
50561678 5 0.3146468
55377652 14 0.22372009
48337257 0 0
29564783 0 0
50257026 0 0
56599332 18 0.17407277
31307019 0 0
57424974 14 0.27042067
52830400 5 0.13878503
43126121 20 0.13235453
39923046 4 0.2505266
43032682 1 0.1781754
32243704 7 0.2188448
50171916 4 0.14176938
32834393 4 0.13480747
29872539 0 0
42772487 2 0.13457467
28925358 0 0
56084483 14 0.1020609
38573513 4 0.24600326
37470378 17 0.19656242
43061726 11 0.33981663
39208884 10 0.14651935
55411475 10 0.24320027
41280508 4 0.18316877
53081556 4 0.587129
45922445 15 0.22849117
36449212 0 0.2912377
48745988 15 0.10680215
41701516 8 0.19304205
46378049 20 0.12538037
48922005 0 0
35835548 4 0.24896505
41253189 20 0.27829364
50442640 20 0.36383605
50138922 11 0.14181341
49466824 0 0
37117062 9 0.15860954
50546661 11 0.1414797
38292998 19 0.11857273
52327164 4 0.14468664
37428479 14 0.14118406
44801102 0 0
48619975 13 0.10513184
57225736 14 0.33298668
41502199 12 0.20542666
41367796 14 0.19547096
56265836 15 0.21051121
54390951 4 0.24776685
53255030 4 0.26822397
56371613 10 0.10192745
42011252 10 0.23216832
54025028 0 0
30042350 13 0.102405734
57482661 15 0.22866787
52330338 15 0.1595465
40544683 0 0
29396953 4 0.22425233
32908948 20 0.17211238
42182024 10 0.12050486
49058028 6 0.14186688
33044533 17 0.13522716
47618769 15 0.15071097
40353981 5 0.12367015
47418460 10 0.17307927
40488033 0 0
39618423 12 0.12886482
50549362 10 0.30691883
29272480 4 0.109794565
38136386 9 0.27693018
47241635 2 0.18386972
53736884 0 0
40318125 11 0.19734605
29135487 1 0.21128716
47384847 16 0.25607926
55459851 14 0.15980588
34202340 10 0.15835698
57396141 10 0.17040038
53693997 1 0.15530218
37707698 4 0.3405008
44381359 17 0.31615993
32829652 4 0.32275164
50761032 13 0.10736421
32845348 15 0.11990028
46469164 17 0.1165402
40366879 4 0.19695961
27463501 16 0.1351435
35556849 4 0.12365442
55858320 6 0.6909932
48610968 16 0.18715775
31489482 12 0.14885215
37115592 4 0.3469823
29779889 2 0.13539208
27226345 10 0.2922986
48197313 11 0.32572204
56177752 19 0.10792581
45084656 2 0.15878113
54228291 4 0.23908186
32631199 14 0.32361916
43554781 15 0.21446095
43322310 17 0.15620925
31144018 0 0.3334317
55627974 4 0.17295194
31433162 1 0.1469168
32398298 10 0.10954804
35212647 17 0.18087605
42931574 18 0.16272768
50995907 5 0.10753682
34800876 4 0.17337991
32057529 7 0.21265014
57466820 2 0.13516086
32253858 10 0.14941801
31679084 18 0.11020746
40037286 10 0.114836246
55399758 15 0.1270926
56636001 9 0.71284497
37356395 4 0.27864364
32096767 4 0.16368765
51309486 1 0.4295838
32702129 13 0.15199396
32876123 5 0.1985184
31626693 0 0
55132567 0 0
31840899 19 0.11469525
55347206 6 0.118848495
49397982 0 0.31694007
47300927 11 0.5967898
48271223 1 0.2129516
41537005 10 0.16030756
40122920 7 0.2600963
41206489 19 0.19382131
37435459 10 0.11946966
54975933 4 0.30542213
53292983 4 0.16622989
41488423 15 0.23977819
55608750 20 0.23465747
54219344 15 0.13311441
57456143 14 0.16982742
47326297 11 0.3433887
28528597 0 0
39129888 10 0.16582628
48148676 7 0.11913777
32404456 4 0.2245245
51434361 10 0.23681171
32462675 18 0.107666016
49564571 11 0.2309253
57389252 16 0.25588495
30393133 7 0.14835766
57639834 11 0.39338735
56214026 19 0.3563752
43099707 8 0.12614967
56571774 14 0.17331114
42628879 5 0.15937805
41796460 13 0.44900903
33613081 15 0.15443942
44136585 12 0.19215393
52417541 0 0
55920504 13 0.22302057
40444689 4 0.11550543
52838030 4 0.21167469
53345532 6 0.30489454
43847769 4 0.18639562
53630969 11 0.23269238
32037443 2 0.10798317
49807315 1 0.108151756
41133899 19 0.13779926
50567645 10 0.13560821
33415925 4 0.18252583
43678477 2 0.12051172
39573956 4 0.2880505
46839986 13 0.37871483
52046295 0 0
40778405 2 0.20328124
36491226 10 0.3279008
38609214 4 0.10675671
35418728 16 0.15721712
49547734 5 0.37189025
28178537 4 0.24003269
35486429 10 0.13077046
46429985 2 0.16283591
38834171 2 0.3490543
36250815 7 0.22323771
29338234 16 0.11126265
55873976 10 0.27814332
28258753 20 0.20512678
49216203 15 0.4647612
32794462 14 0.18335973
32253424 15 0.18044527
50917303 15 0.1302151
36553823 9 0.10014268
39973443 4 0.3078355
40620606 10 0.12907307
55088617 11 0.5504212
38071378 15 0.21116923
38841240 11 0.123681776
46727626 4 0.5783329
43462484 1 0.12466537
46664838 15 0.14683829
54152736 11 0.10044055
28997931 6 0.23973027
33986041 16 0.101169094
38454645 4 0.12990928
39905540 2 0.14515969
45057380 11 0.42808294
30960799 2 0.10092995
39707702 0 0
28751996 7 0.17455295
54066666 18 0.44069237
36314017 14 0.15366219
51192240 8 0.11111349
35619742 6 0.13143066
41711734 15 0.2519221
39010399 0 0
44929044 14 0.35263923
39524578 0 0
42415985 14 0.3124339
31758563 20 0.5499223
33651617 4 0.41806892
55418168 15 0.13948411
44044816 14 0.19691105
41879812 10 0.148252
41439853 0 0
47264912 18 0.15116379
37128852 7 0.20867057
29484537 7 0.15858586
51528377 2 0.20220804
47718296 14 0.17858976
45972686 18 0.7419724
33002875 4 0.20838897
37399055 4 0.1539469
56842496 7 0.16308841
34745152 7 0.1368067
38732455 14 0.14543235
51479106 14 0.31887448
55057739 14 0.13339207
54612445 13 0.14002292
45813909 10 0.16039035
46578931 14 0.12450142
39325747 20 0.21525016
41375219 11 0.5326036
55094535 3 0.30934373
31633603 10 0.15579791
35224323 5 0.15119955
42571685 2 0.33591542
43535338 4 0.27556202
36432988 0 0
38093775 18 0.21603768
39449370 16 0.30100974
57186043 18 0.15728933
40177750 15 0.67622006
28661299 10 0.12960123
50988499 11 0.27910903
37460590 2 0.14383022
46237573 10 0.20068434
56942923 9 0.5842799
56794600 0 0
52547446 0 0
43246927 7 0.20525795
54900661 2 0.26294303
54116303 0 0
35795753 0 0
44420192 18 0.19912401
37895363 17 0.20518199
45653024 15 0.33401185
40101179 11 0.22964805
45034250 0 0
36331623 4 0.46989617
40552542 16 0.25982556
35968672 0 0
44934329 4 0.3325369
56139421 12 0.16541316
40532477 4 0.3088984
54241959 0 0.12431631
46634790 10 0.3650883
43165807 0 0
46827154 3 0.17978229
50502231 0 0
56522258 8 0.4962264
53398839 13 0.11486348
55007557 0 0
48036036 17 0.23399432
52290687 2 0.19673534
26707223 5 0.3080978
47052642 6 0.27645892
45128178 7 0.12263475
38700278 0 0
46275519 10 0.17518362
46943177 4 0.1033553
56629494 6 0.12023841
53440820 5 0.16698101
40638690 4 0.23597343
44298910 15 0.180625
52971931 15 0.12818782
51597672 14 0.21323565
34119076 13 0.17289057
41840542 15 0.1819825
40129487 8 0.15599258
51881712 6 0.13844365
52008115 17 0.3401814
50148741 4 0.30791584
29317040 2 0.11858188
44941277 1 0.10783479
31701466 20 0.11582457
56338973 20 0.31647903
53703246 0 0
50742540 0 0
38255951 10 0.123722896
56193517 15 0.234321
52770254 7 0.12598366
36980912 15 0.16788459
41827815 5 0.12905176
33006517 18 0.1406917
56686281 0 0.15950605
43066842 6 0.10615744
48188827 17 0.13268253
24123518 18 0.2287744
49403280 15 0.10500547
53469092 0 0
50750655 12 0.19962509
32030980 6 0.1049207
39389250 20 0.1488879
29052054 6 0.16965857
56034838 4 0.13517103
34058067 0 0
40600739 4 0.38038608
43817329 9 0.13368133
33106486 4 0.24887668
49057572 0 0
46913194 7 0.1275175
41534088 16 0.16021648
42434887 15 0.122335635
51441425 9 0.25142273
50670119 13 0.29007387
51963821 4 0.16805662
25237103 7 0.15673757
43329271 6 0.3382038
45912952 0 0
41552754 5 0.45076087
45910485 2 0.3498655
45056560 15 0.11493124
53671181 15 0.17155468
45066343 14 0.114681385
29222642 0 0.1822175
38068009 1 0.1647275
47278979 0 0.2936596
51852487 16 0.17362007
51671164 7 0.21448784
46242039 20 0.55931336
50611187 17 0.16193356
40887490 0 0.6659822
26554701 13 0.21168773
19182158 14 0.26836008
33342863 14 0.22592913
35123252 10 0.3483256
55736703 15 0.18689632
54141407 18 0.1242218
44556797 15 0.14088278
38440206 6 0.13440977
45698017 11 0.12532781
34953307 4 0.23932
33658003 10 0.13676843
42939099 4 0.18104067
39982239 9 0.13420816
47153971 16 0.15094793
35582879 0 0
42807593 0 0
40177660 15 0.19308461
52256884 4 0.46145242
42843641 2 0.14622481
37988569 4 0.18576474
57499829 5 0.11068242
33994899 19 0.10540647
46073516 0 0.10522376
41028304 10 0.18882778
56234989 4 0.36242637
25511814 0 0
34979509 7 0.15772322
31005991 16 0.19398302
56665783 10 0.15474221
48537690 8 0.11164742
56347678 17 0.13547492
37233631 10 0.17689979
41199268 7 0.21286874
28816760 14 0.41934422
56776540 10 0.2503991
35750997 10 0.22421485
50822332 1 0.13666266
47641491 19 0.1634288
57722701 5 0.115813516
50350425 18 0.5902522
34241830 18 0.21481778
36283310 0 0
44694171 0 0
53421041 2 0.2369727
29460337 12 0.12767595
49231466 10 0.17779832
37613174 2 0.11867333
33892005 2 0.14617087
48976196 10 0.13184847
34702111 20 0.11154706
32437577 4 0.2503007
56337291 20 0.26337665
55083369 5 0.10316481
47548201 10 0.131183
57387209 14 0.35123894
52326757 6 0.14557092
51521974 2 0.13140997
37097624 6 0.14851065
48446322 12 0.12580338
37766315 8 0.32628906
50341659 14 0.14696963
44627931 0 0.3198887
32172619 19 0.2513351
49236603 10 0.2893391
56712711 10 0.24903229
40859354 10 0.258104
45385057 6 0.21250443
52444500 11 0.10383279
49315078 17 0.17959471
42690286 0 0
32001703 10 0.10200383
43850539 12 0.12272002
41751940 6 0.13261332
37454602 12 0.14398432
40999371 3 0.10357588
57359103 20 0.12595658
50648605 18 0.107965134
28808101 20 0.23417321
38940446 4 0.2193953
38246754 2 0.2553983
43885199 4 0.25623426
52514780 10 0.40044734
56941480 5 0.20258345
56819897 7 0.15813822
56620826 9 0.12333429
33151543 14 0.18262213
37516729 11 0.21664777
39086370 4 0.22155157
56551108 8 0.355406
32646893 3 0.14557505
33676516 4 0.24349922
37314873 5 0.12714672
57308721 15 0.16987017
50042462 14 0.24105254
48172968 14 0.14094888
44357216 7 0.102657504
47960548 14 0.23881343
34558502 17 0.22519705
35855899 0 0.10940844
35624240 0 0.30044043
52890211 2 0.32432276
54865142 11 0.32070494
31935278 14 0.14107843
46724688 5 0.45610854
31443285 14 0.10452162
50243751 10 0.23292616
48761010 14 0.4531087
47631105 20 0.13884623
55755271 0 0
51449343 11 0.2614957
54765125 0 0
41215025 12 0.28325406
35049125 7 0.105437614
49622991 17 0.1457999
28654412 0 0
30653480 15 0.19470803
30038702 5 0.16407582
47898862 0 0
43772193 10 0.113478914
43358722 0 0.6717896
38938080 10 0.22303051
56782301 20 0.20038232
43468538 15 0.13127227
30546870 8 0.28553924
42197610 10 0.14412089
57729754 9 0.45234883
47211452 5 0.20775518
41396350 3 0.52439666
51556864 4 0.2580202
51687309 0 0
48236026 0 0
51645000 15 0.11954236
42315831 1 0.15641531
33855066 10 0.24976717
41601854 6 0.16483285
45888362 10 0.18508793
39722846 14 0.114498414
38696375 2 0.31178197
33961948 20 0.40453166
36099831 17 0.3349143
40906510 19 0.3714815
39052766 11 0.26592335
40931873 10 0.11259968
45344777 11 0.16250749
48168047 0 0
42557832 14 0.17775494
56913253 0 0
56523498 14 0.15985094
32759385 14 0.33431134
56508421 15 0.1412611
53566570 16 0.20888041
34485008 10 0.22668926
45794039 14 0.15382291
51095433 16 0.17420734
42502859 18 0.19100034
57428553 17 0.1258262
33540996 14 0.13887554
54552428 7 0.13300754
27560445 4 0.16383508
57123415 2 0.40212667
39280452 18 0.3409448
37402834 11 0.104433514
28073493 10 0.16125669
44742616 14 0.123375036
42935148 18 0.19470935
33709931 12 0.11549518
33755714 20 0.1465614
45837134 14 0.13940491
56091731 3 0.1414486
44368900 16 0.11829557
50700918 7 0.114564985
30174052 4 0.12357954
31673708 10 0.13695966
27088198 13 0.12877803
55122320 7 0.20024125
51173275 4 0.14776464
38702605 16 0.16637176
40567342 15 0.14427108
37644874 11 0.14617229
32542866 4 0.27698794
39410732 11 0.29971176
37562015 15 0.24830796
35664636 4 0.4198734
39280146 11 0.31558046
43637323 14 0.18564709
57292612 4 0.16973017
50641892 5 0.17895322
50921237 0 0
47211363 4 0.10166177
38194670 9 0.11640088
56491190 18 0.13024794
56608842 10 0.1470817
33307447 5 0.2010914
57280186 6 0.24160296
40763967 4 0.18781519
33541988 17 0.12951824
44788298 7 0.113468155
55547844 0 0
42923966 15 0.24484776
45091873 14 0.25926995
56910228 8 0.19912253
38926897 10 0.11236652
43468403 17 0.16577397
30039199 12 0.28508124
33021946 20 0.3171149
39975716 0 0.5576649
44023540 4 0.21514326
48094118 13 0.21852523
45617422 9 0.4953904
33238078 4 0.40007058
53807792 20 0.6881498
52398366 12 0.17167346
30336191 18 0.110954896
31906257 6 0.1659533
32823571 4 0.19963819
43399982 14 0.2113612
49743097 3 0.22231808
54047061 12 0.16432601
34627839 0 0
56965532 10 0.3662585
28596496 6 0.2146284
35520234 4 0.148437
45624497 10 0.19787607
48615834 13 0.2647687
45307674 9 0.45968503
54186041 20 0.1260428
50817323 0 0
53228798 4 0.12176639
53885257 4 0.35403824
31402968 0 0
37936560 15 0.16990578
48221865 0 0
51912404 3 0.7666913
30114324 2 0.172501
47502509 10 0.23922351
52928183 15 0.1373243
44039824 0 0
34112389 19 0.15555765
55228255 10 0.13429189
37491909 2 0.3487063
41553921 10 0.12492038
31417862 18 0.18087728
40759538 11 0.2396005
50377754 15 0.32409498
41713573 0 0
42692680 20 0.22381446
51134382 4 0.10848045
48693672 5 0.1772673
42780244 12 0.106876835
37506003 11 0.37226796
53374479 11 0.14336894
32290436 4 0.22321966
33746584 17 0.15304314
30226781 17 0.1394401
42249981 4 0.25135672
57451797 13 0.14314266
50287100 14 0.21949448
43154754 14 0.13084728
53595326 13 0.14788155
34358255 15 0.20889361
50831281 18 0.49385697
54245081 1 0.12158806
54640184 0 0
41331318 16 0.17565158
50937416 11 0.2662417
34073822 4 0.23826201
46019336 10 0.24463542
53458566 17 0.10007964
55414749 9 0.39973184
35578348 4 0.3126849
54407219 14 0.30430716
45030293 17 0.14110097
52960278 15 0.15245603
45366107 11 0.103281245
41120624 10 0.108052656
42215066 10 0.17964686
47319217 4 0.19249468
34104319 4 0.18753484
29486139 0 0.17141643
34910506 0 0
39819107 4 0.15994029
38191190 11 0.14579792
49817570 6 0.16202386
52475881 14 0.12617476
48303810 4 0.1825583
52442328 0 0.23517427
38981277 0 0.23764887
47018926 0 0
53985490 0 0
43511108 0 0.21041566
49733890 10 0.106065795
29550068 10 0.2909454
43547890 6 0.18729907
47357218 10 0.15272422
55306672 14 0.131132
45118261 12 0.17820594
34587159 0 0
50285026 17 0.18745682
55215761 15 0.2453789
32605804 4 0.1160975
38261894 4 0.12280837
54500700 12 0.37751696
29076820 7 0.18367885
34068045 0 0
39823237 16 0.12703176
54200952 14 0.5365348
54616373 8 0.10925112
42689108 14 0.30403078
42336422 14 0.105440274
44125099 17 0.32663321
33035044 7 0.19187179
55831632 6 0.25093547
50184827 15 0.35476363
40835349 15 0.2668521
44841534 15 0.126662
40232017 0 0.6728476
12090136 6 0.39953962
43833743 1 0.11750256
35616066 7 0.2757376
33106258 16 0.14438242
31516961 18 0.28340894
34752810 15 0.19603294
45394304 18 0.31554586
32185159 17 0.2090379
57245752 6 0.18675888
28836737 4 0.21974237
30076772 2 0.15312667
42141722 4 0.24854937
47951935 17 0.14817894
47632130 0 0
50132876 14 0.2094058
54391532 16 0.14134149
53822174 14 0.13865595
41338280 0 0
52189322 16 0.23688798
52816049 18 0.11721433
54917474 9 0.42404416
33429882 0 0.67561406
45032994 6 0.44836906
50335973 2 0.20945638
47426017 2 0.1780713
54850966 4 0.26270005
53719470 2 0.17087966
48335333 5 0.249664
49400151 17 0.20352592
56038087 14 0.2612604
43570031 0 0.255903
39400495 17 0.12528028
46302597 14 0.43572494
36988394 1 0.17501813
47203936 20 0.18472399
35861576 13 0.21727781
51978927 14 0.23260902
57393436 6 0.13772513
26953559 5 0.33656457
51980452 19 0.15333234
36253121 8 0.9456144
35749197 18 0.5530831
28039266 14 0.111492455
50960784 4 0.19403376
41776436 4 0.571907
48135483 17 0.15180968
43435785 20 0.1051117
38116022 15 0.1302534
37533604 0 0
37126237 14 0.16141179
41296260 4 0.21727781
45065984 7 0.22781837
33892080 2 0.29387665
34490584 4 0.297169
57671819 14 0.16157845
53341248 6 0.33831206
53511244 6 0.132021
48504527 4 0.31203908
44034011 15 0.22268802
46121508 2 0.24682719
56515405 10 0.12821773
35761731 0 0
41060257 15 0.19420655
33538525 10 0.17583826
38275717 14 0.21900725
31380713 20 0.16322556
34497096 17 0.16724007
49218494 0 0
47141739 0 0
52744302 6 0.2341042
32163848 18 0.5075006
45893387 4 0.3222304
31856921 1 0.16300182
50381690 7 0.1869397
52019683 18 0.13332617
56617518 2 0.3495469
50106619 5 0.13453078
46532223 10 0.14049464
48210079 14 0.2775853
54154759 4 0.21833277
44242720 10 0.108658604
32155247 13 0.14833061
44333679 2 0.18680403
42523514 14 0.23562004
57475617 0 0
40588569 0 0.4745701
36623918 15 0.14669797
28490228 11 0.10798692
38066111 0 0.290954
44757381 14 0.27223948
54057789 18 0.23289262
45668155 7 0.23954996
39276408 15 0.12645622
55491357 4 0.13883202
47695080 4 0.28472254
52264001 10 0.32947895
52343898 15 0.17452997
42215545 10 0.20975953
40196064 4 0.15948091
47375812 11 0.27674696
42233177 5 0.19730192
38709652 17 0.15763053
43645453 14 0.18078879
28071563 4 0.26650715
42892869 20 0.22245966
27154422 4 0.10949343
54021455 4 0.2555372
51894717 11 0.28212944
43944712 10 0.18869372
31482750 13 0.12938336
34262256 20 0.25409535
56267847 0 0
33233243 4 0.33828053
33900139 10 0.24684337
53161701 16 0.15297483
49086660 12 0.20144673
34647822 5 0.13182838
42663006 1 0.2264479
47863782 19 0.18264325
56663542 7 0.23492694
28836647 5 0.16073337
46956337 11 0.2678128
34223291 4 0.2763192
28248182 10 0.21559624
33542003 4 0.15835615
49332756 20 0.15428057
38044243 15 0.12230765
49257382 5 0.14610326
53811655 0 0
48625392 6 0.20173547
29790763 12 0.10859517
55844601 15 0.17444661
42192159 4 0.12090167
45317558 13 0.1226893
41824458 18 0.2316178
48075421 14 0.1892609
41770885 5 0.14418256
47721334 17 0.19227956
36150981 15 0.1900491
47337259 5 0.40629867
34512981 20 0.24657698
38060767 2 0.1401568
26087616 4 0.14366332
57406889 17 0.19008829
57520630 18 0.28553936
47906137 14 0.2503509
47542761 19 0.14981237
48934240 10 0.37411693
46383514 15 0.21380885
33080063 20 0.50996035
43284494 11 0.10565668
43200983 0 0.18333405
28083199 10 0.31870356
45063465 4 0.30441427
43442449 10 0.14334866
50446738 1 0.1488673
44056909 13 0.17873967
38874715 4 0.19021894
48494279 3 0.112252556
32941239 4 0.5259796
45482423 4 0.21348633
38828718 13 0.20606944
52539154 6 0.414621
57651764 5 0.42341414
41414362 2 0.17701282
52796267 0 0.15639187
56427096 15 0.19711699
40018848 0 0
50968346 0 0
49763495 14 0.14960577
27180504 10 0.13457538
36569937 4 0.16629565
36468101 4 0.20139042
54326330 15 0.1173023
52214646 10 0.18011118
50518693 14 0.22017625
46761351 17 0.11869207
41147000 3 0.19454154
29996021 5 0.23264433
26329771 6 0.13682672
29602327 15 0.21762744
48259666 20 0.21828324
34149306 10 0.14034462
47478549 0 0
46573253 18 0.13818726
55758377 4 0.30510482
30791361 4 0.41021
44743746 14 0.30487892
48087146 18 0.25475106
32302800 19 0.13534606
56692996 17 0.15570392
45787760 12 0.5248144
51743800 4 0.25401554
48311281 9 0.13826495
54026760 4 0.24588482
53533926 14 0.10077779
37451448 4 0.15626134
40416337 7 0.116426915
49240068 10 0.11714728
37440569 14 0.17601854
53486300 13 0.21731058
41614139 20 0.28123334
44754382 15 0.17045408
45346247 4 0.20739767
33905945 7 0.11165728
47926560 19 0.16525778
48707059 10 0.15520242
48667543 10 0.13250153
56832979 0 0
54505484 11 0.24891482
46646331 0 0
37470481 0 0
54181258 5 0.14680927
40640971 5 0.23858869
44558561 3 0.56488484
46534089 11 0.19153614
56112076 10 0.25145602
38490515 1 0.19617446
38320810 2 0.14351524
50732505 11 0.13182734
52578391 19 0.21699342
40105229 10 0.10272109
38668691 7 0.120576344
47830153 20 0.3065871
50181690 10 0.16937143
36462897 10 0.115044035
52325424 10 0.13609186
52395136 0 0
57378536 2 0.19445428
47149864 16 0.13570312
56170640 14 0.1718814
42352352 20 0.13451451
33974704 14 0.18325081
55921855 20 0.26739848
34068643 4 0.42808884
37127364 11 0.35087657
52488577 1 0.120959856
35870835 0 0
43171110 10 0.20374076
32434745 1 0.29500172
27072021 17 0.57083267
36638211 11 0.14015727
53280626 10 0.12661694
35592572 4 0.40240267
52889242 4 0.29599917
47523773 9 0.38453788
41018183 0 0
47833777 7 0.11070024
35397886 1 0.12474726
35404748 14 0.2817938
32031590 15 0.6829491
48484137 4 0.27352542
44095670 7 0.13779889
33225807 4 0.3690616
40382468 4 0.1766494
48001334 0 0
27571109 10 0.21907388
48863168 14 0.21620676
36970720 10 0.1102138
43154918 15 0.48255277
41495133 7 0.20410815
44872222 1 0.16445571
38488479 10 0.11507858
57403092 18 0.12166021
42753599 7 0.14289826
44897987 17 0.16230878
53004048 16 0.45106164
37343145 14 0.28454432
52695500 6 0.2676772
34141142 10 0.26454118
40330565 5 0.15164185
49451395 20 0.28690815
47505201 1 0.10209767
41650817 14 0.18834363
46479514 17 0.23624657
49702590 4 0.24839272
41338385 20 0.20153174
50241559 1 0.6609648
57607773 10 0.18570909
44929131 10 0.45602906
34480535 6 0.28101662
45865115 4 0.2755189
42644818 13 0.16240145
56244418 5 0.2752822
57297515 5 0.10960941
39921117 0 0
47079641 4 0.105904214
51737017 14 0.13358109
36167251 0 0
38246490 4 0.1789142
54149596 11 0.2063056
44565189 0 0
43724897 10 0.122008264
41100717 13 0.38828453
57156082 3 0.10771448
43295101 5 0.24330512
27502249 4 0.22040012
31351644 0 0
51022957 10 0.21193337
33404463 4 0.2522575
43682324 18 0.28272086
38012757 15 0.25199527
56581358 17 0.17674881
33065748 10 0.18621388
54765340 0 0
41464046 5 0.11640171
29869115 4 0.18344244
29275675 15 0.11082481
28572321 4 0.1605323
45831490 14 0.27991295
40129962 14 0.23813716
49195623 17 0.14526728
44109294 15 0.26444748
55357795 2 0.114636265
56806553 14 0.2564231
38761837 4 0.2656572
37722609 4 0.15883027
40952065 7 0.3022152
38415242 0 0
40336819 18 0.41039717
52738670 13 0.20709527
55432149 10 0.20844433
25817386 4 0.46924275
57219965 1 0.14898789
47207914 10 0.23579569
47982615 16 0.13595136
38714677 14 0.39754784
52455188 20 0.12727638
57310129 6 0.16083577
57442664 0 0
30739149 4 0.2617473
48293703 6 0.17156726
27148367 5 0.15258278
39970145 18 0.18460922
49472882 16 0.14410801
30382093 15 0.110397354
43759373 4 0.4099807
34249378 16 0.17055161
41488062 11 0.15719624
34274053 0 0
49373242 15 0.16116673
50911704 12 0.17741959
57551779 4 0.19658683
52399079 13 0.5083195
46382946 11 0.20305556
37769791 10 0.13794781
33987145 1 0.11389763
28353053 9 0.16223413
55194131 10 0.12357184
43553453 15 0.3060654
37008220 15 0.12166339
46935213 11 0.30066687
35093005 4 0.15117428
57650890 11 0.11653985
41677516 0 0
46550592 2 0.24226676
54046618 4 0.1463435
55770571 19 0.14661428
32398815 14 0.14377713
42330918 2 0.121981025
57534850 3 0.29618433
50037836 11 0.24106862
40190126 11 0.32481256
34189829 1 0.21393988
33686875 4 0.35067564
40623664 11 0.12074747
31649829 10 0.1345339
36482311 4 0.20132484
52426484 9 0.27754432
31434008 4 0.19412528
39454297 13 0.1358721
33921163 7 0.12121974
37486805 0 0
46275848 18 0.5443315
25896285 18 0.10691536
30092610 10 0.45469883
39050888 16 0.1601183
46124643 13 0.14510484
46479001 0 0
31421313 10 0.29334545
41768212 0 0
42424040 0 0
36326268 17 0.15108712
36525677 4 0.14415911
47859593 15 0.12964588
50483084 4 0.107504986
36860542 17 0.11664532
44193646 10 0.104005665
49147837 14 0.3905795
48526141 15 0.14944713
32188040 10 0.17847358
33297100 4 0.123437576
53335849 4 0.29862446
41610615 4 0.3103088
33992189 10 0.16731423
57004887 6 0.15677842
46010219 14 0.14717923
39760944 5 0.13178484
56458532 10 0.38188222
56659229 0 0.25349355
50096609 20 0.16869093
54259234 4 0.5730778
52949608 17 0.16235423
29895238 13 0.20035116
47728342 11 0.117781274
38101322 0 0
42501280 0 0
39410491 10 0.13466886
42400043 14 0.16399588
49089237 5 0.1765534
42717681 15 0.19391036
57344589 11 0.1627337
31710321 4 0.18308605
58105742 0 0
59442514 1 0.10792238
59265735 11 0.10529983
59173648 5 0.13760795
58864591 10 0.13908185
59040305 5 0.3754822
59040763 10 0.18159859
58607161 10 0.3273404
59011314 3 0.10320647
59107359 4 0.3382849
59225567 7 0.8139563
58041535 9 0.3390323
58860293 0 0
58625005 1 0.2048293
58625376 10 0.10269608
58724238 16 0.101770885
59090093 15 0.10589608
59373838 14 0.12957053
58339809 9 0.40319958
58340692 16 0.13592568
58346750 15 0.14933053
59542787 7 0.20832169
59547417 10 0.118204124
59549446 1 0.18713206
59394214 0 0
59396085 11 0.5500425
59398245 0 0
59483557 4 0.23607635
59486856 11 0.1953878
59488785 4 0.17478803
59491095 15 0.29462552
58008675 9 0.42369813
58892978 0 0
57819977 16 0.17839864
58276114 5 0.34594378
58277669 6 0.24278355
57964956 15 0.11130229
58232678 12 0.26611772
58236864 13 0.25317833
58241981 14 0.1583789
58241634 4 0.18344717
58165880 4 0.119665004
57864193 4 0.3816629
59186714 5 0.62127346
59188925 0 0
58329205 0 0
58139274 3 0.11008929
58885969 18 0.30017984
59424447 14 0.19341336
59428122 5 0.28160495
58766258 0 0
58184801 0 0
58190677 17 0.18128407
58076132 0 0.42103934
57845216 6 0.3173296
58673379 9 0.2084096
59508682 1 0.122895546
59355364 14 0.15205488
59358707 17 0.15914898
59361797 0 0
59408166 2 0.17521124
58533714 14 0.14224751
58439189 15 0.21270464
59565553 15 0.2553231
59567622 18 0.149594
58645085 15 0.10454842
59155732 17 0.1999695
59075029 4 0.15138796
58909512 4 0.7409177
58320215 7 0.4123079
57907904 9 0.1379975
57900273 14 0.1526442
58836179 11 0.11302888
57825962 14 0.19903706
58839168 18 0.1268303
57831564 4 0.12915914
57756394 19 0.14803791
59097277 0 0
59102319 18 0.15921205
58831365 17 0.110917196
58996442 5 0.22422361
58509661 14 0.109351955
59498871 14 0.26391965
59469572 14 0.62676847
59517836 14 0.16502085
59388879 4 0.29547974
58285976 4 0.3679848
58156819 12 0.23123287
59549446 1 0.18532471
59565553 15 0.25449777
59577317 20 0.24893391
59591998 7 0.10047954
59606074 13 0.10796647
59634043 1 0.11105121
59655912 14 0.14947379
59656477 14 0.1563871
59659647 12 0.14556788
59667082 6 0.26893198
59677248 4 0.2655351
59680970 4 0.20205267
59717258 5 0.16666675
59751836 13 0.12909065
59762780 11 0.10506624
59764141 0 0
59800796 15 0.25937235
59811760 11 0.40424845
59812716 15 0.21734956
59839824 0 0
59857438 12 0.10511721
59871733 14 0.15361233
59877920 10 0.11294318
59882791 14 0.11867596
59886947 11 0.29508072
59907526 11 0.2920211
59938657 20 0.12355483
59992662 16 0.15423279
59998540 0 0
60000640 10 0.15113996
60036915 5 0.15967715
60039075 2 0.23830537
60054602 4 0.22029555
60074777 7 0.2046245
60089016 9 0.19789985
60116199 2 0.1257251
60117402 7 0.14692487
60128296 9 0.13600503
60182057 11 0.13444723
60188579 13 0.119014986
60202715 10 0.11972863
60256186 16 0.13358082
60279372 4 0.29422915
60281423 10 0.11064035
60303561 14 0.38647503
60320014 12 0.12385013
60341999 16 0.13787967
60376301 4 0.24705578
60398995 0 0
60406899 15 0.1528831
60473446 4 0.19858316
60526207 13 0.10476965
60544721 0 0
60555406 0 0
60555745 5 0.24299647
60598468 10 0.17386913
60607679 20 0.21471879
60616417 18 0.14751844
60636133 0 0
60635318 16 0.114697516
60649935 7 0.21909392
60650652 8 0.17767172
60663436 11 0.11697409
60665880 15 0.16327164
60702798 15 0.18565406
60717224 17 0.1292159
60734962 8 0.108031586
60736039 10 0.19664305
60743304 3 0.11278526
60747842 17 0.1734602
60749182 5 0.2325302
60819069 18 0.21799815
60843963 1 0.13177067
60857760 19 0.48759645
60869370 19 0.42702788
60873270 12 0.138391
60893616 4 0.23062122
60905323 11 0.20254254
60906278 0 0.10278817
60934391 4 0.12623118
60970843 5 0.10720269
60975417 6 0.10887684
60987780 20 0.19151789
60988689 4 0.10460778
61041444 10 0.19481078
61147939 11 0.12329873
61160928 11 0.17346232
61208364 12 0.23044403
61245547 0 0
61254494 0 0
61270826 15 0.12698999
61286999 5 0.20139188
61307823 14 0.2653964
61312796 0 0
61313137 0 0
61327276 4 0.13575311
61332076 19 0.12133285
61334077 11 0.34711576
61326988 4 0.12483186
61377392 5 0.18757161
61389979 6 0.408309
61412482 15 0.15459934
61428695 14 0.31099093
61451424 19 0.118081324
61481727 14 0.12854272
61487944 0 0.20420574
61458536 6 0.17449492
61508865 7 0.11812355
61528076 6 0.16306955
