[(4, 0.30543998), (7, 0.15061438)]
[(4, 0.21696694)]
[(11, 0.19416308)]
[(4, 0.6957977)]
[(17, 0.121226795)]
[]
[(14, 0.20240739)]
[(11, 0.43246242)]
[(7, 0.13241567)]
[(6, 0.10428759), (14, 0.1070411), (18, 0.21421899)]
[(4, 0.28017247)]
[(4, 0.26797238)]
[(11, 0.23630998)]
[(20, 0.16912825)]
[(4, 0.12796514), (6, 0.4715194)]
[(0, 0.17108461), (12, 0.15937121)]
[(18, 0.13089716)]
[(14, 0.18909717), (20, 0.16292346)]
[(0, 0.112085745), (4, 0.40930694)]
[(4, 0.31124637), (8, 0.109355375)]
[(0, 0.10791751), (17, 0.12506855)]
[(11, 0.33826882)]
[(3, 0.117986605), (4, 0.16693781), (13, 0.10294447)]
[(7, 0.10958502), (11, 0.19398268)]
[(6, 0.24981378), (9, 0.16483356)]
[(11, 0.24668483)]
[(9, 0.10362116), (11, 0.1081151)]
[(13, 0.23738067)]
[(14, 0.10731331), (16, 0.12959194)]
[(4, 0.20762347), (7, 0.1546877)]
[(10, 0.11575066)]
[(11, 0.22390844)]
[(11, 0.34526157), (16, 0.1620468)]
[(14, 0.20989212)]
[(11, 0.29057628)]
[(6, 0.26324552)]
[(6, 0.15785728), (20, 0.15642612)]
[(3, 0.10986164), (11, 0.20696905)]
[(2, 0.15931511), (11, 0.1499515)]
[(10, 0.11166004)]
[(11, 0.14999567), (16, 0.1273445)]
[(14, 0.34135047)]
[(3, 0.17193288), (4, 0.12622575), (13, 0.2107588)]
[(4, 0.12529714)]
[(2, 0.3216925)]
[(6, 0.23649184)]
[(6, 0.12393094), (11, 0.13874629)]
[(16, 0.15793267)]
[(6, 0.18886171)]
[(6, 0.24255782), (18, 0.19495413)]
[(11, 0.33207932)]
[(6, 0.10309358), (20, 0.16133982)]
[(6, 0.2077598)]
[(3, 0.10360612), (11, 0.1042918)]
[(11, 0.21438946)]
[(7, 0.40675145)]
[(4, 0.27752125)]
[(6, 0.2218378)]
[(11, 0.1950267)]
[]
[(3, 0.1451518), (4, 0.18787067), (12, 0.109405115)]
[]
[(19, 0.11348576)]
[(17, 0.110358305), (20, 0.12852298)]
[(7, 0.10022581), (15, 0.109245755)]
[(11, 0.26009724)]
[(7, 0.12854984)]
[(11, 0.16458651)]
[(11, 0.27232152)]
[(11, 0.35447195)]
[(18, 0.12002642)]
[]
[(7, 0.24777398), (18, 0.15226667), (20, 0.1369427)]
[]
[(20, 0.11200691)]
[(6, 0.13187678), (20, 0.11067975)]
[(14, 0.26129887)]
[(11, 0.28139257)]
[(3, 0.1552243), (4, 0.1431241)]
[(14, 0.11397239)]
[]
[(14, 0.19447364)]
[(12, 0.10045825)]
[(14, 0.16236503), (18, 0.12233951), (20, 0.10964576)]
[(5, 0.122655995), (6, 0.13265)]
[(11, 0.34434533)]
[(11, 0.26746026)]
[(4, 0.14476497)]
[]
[(0, 0.18723184), (6, 0.2170085)]
[(3, 0.119167276), (11, 0.1173682)]
[(3, 0.15032071), (11, 0.16623113)]
[(6, 0.19296017), (7, 0.21364458)]
[]
[(6, 0.2899701), (11, 0.15310997)]
[(11, 0.16732317)]
[]
[(11, 0.3135418)]
[(11, 0.23734152)]
[(13, 0.10026605)]
[(11, 0.34943804)]
[(14, 0.17756438)]
[]
[(4, 0.10104117), (6, 0.1371872)]
[(11, 0.32851318)]
[(14, 0.15088932)]
[(11, 0.16938572)]
[(0, 0.24223961), (4, 0.14649487)]
[(7, 0.2568679), (13, 0.12652303)]
[(16, 0.7602725)]
[(6, 0.16291524)]
[(7, 0.27643773)]
[]
[]
[]
[(11, 0.17767264)]
[(0, 0.13388507), (14, 0.12319206), (15, 0.12721236)]
[(17, 0.24071726)]
[(6, 0.12760672)]
[(0, 0.120657444), (17, 0.19535832)]
[(18, 0.105585836)]
[(5, 0.13803558), (17, 0.23983066)]
[(8, 0.1048889), (12, 0.16871947)]
[(9, 0.17097569), (11, 0.13260163)]
[(11, 0.30406743)]
[(1, 0.24475795)]
[(10, 0.11258121)]
[(16, 0.19100419), (19, 0.17828733)]
[(0, 0.66256917)]
[(18, 0.84596115)]
[(11, 0.25432923)]
[(20, 0.20449576)]
[(20, 0.16995041)]
[(4, 0.17740363), (6, 0.16710603)]
[]
[(14, 0.22870532), (18, 0.10676845), (20, 0.13861518)]
[(1, 0.23871544), (14, 0.10563638)]
[(9, 0.16684541), (18, 0.13145716)]
[(6, 0.23875509), (20, 0.2022155)]
[]
[(6, 0.1557985), (12, 0.13187149)]
[(11, 0.2835607)]
[(11, 0.20979422)]
[(14, 0.4360718)]
[(7, 0.11561119), (20, 0.2180497)]
[(18, 0.33955985)]
[(7, 0.111826904), (11, 0.3432253)]
[(11, 0.1601294), (13, 0.2234674)]
[(11, 0.29848287), (12, 0.14236803)]
[(1, 0.12323225), (19, 0.10528538)]
[(7, 0.17039518)]
[(14, 0.25969929)]
[(6, 0.17692001)]
[(11, 0.16485381)]
[(4, 0.37610415)]
[(12, 0.21280704)]
[(4, 0.35391966)]
[(14, 0.10425962)]
[(6, 0.115208484), (18, 0.16061267)]
[(6, 0.13938908), (16, 0.1137017)]
[(20, 0.11782753)]
[(4, 0.17775294)]
[(6, 0.2206468)]
[(4, 0.2823684), (7, 0.10918345)]
[(13, 0.100707956)]
[(10, 0.3021648)]
[(1, 0.17537466), (12, 0.1272529), (14, 0.1596055)]
[(11, 0.19463436), (16, 0.12502402)]
[(11, 0.30967554)]
[(13, 0.67121464)]
[(11, 0.26185223)]
[(0, 0.1920546), (17, 0.30381042)]
[(0, 0.6425859), (17, 0.14190274)]
[(11, 0.3268074)]
[(20, 0.14021744)]
[(20, 0.16943225)]
[]
[(11, 0.33242536), (17, 0.34148794)]
[(11, 0.16356757)]
[(14, 0.17408098), (20, 0.41978154)]
[(11, 0.31528473)]
[(4, 0.14449684)]
[(3, 0.12859167), (13, 0.10254722)]
[(13, 0.11040792)]
[(0, 0.30313322)]
[(3, 0.12816113), (8, 0.10604728)]
[(2, 0.24576996), (20, 0.13166077)]
[(18, 0.116735585), (19, 0.14030772)]
[(0, 0.24100989)]
[(4, 0.202156)]
[(6, 0.14405039), (11, 0.12306959)]
[(4, 0.2157284)]
[(4, 0.21864821)]
[(6, 0.21984103), (16, 0.11773149)]
[(10, 0.1160972), (11, 0.15068996)]
[(9, 0.2004207), (11, 0.2619183)]
[(6, 0.14816542)]
[(4, 0.11511744), (9, 0.10913478)]
[(18, 0.11890699)]
[(6, 0.15555865)]
[(7, 0.1158961)]
[(4, 0.18339324)]
[(3, 0.15526846), (4, 0.14034735)]
[(20, 0.4671037)]
[(14, 0.22527653)]
[(6, 0.18969238)]
[(0, 0.10165723), (14, 0.27563548), (17, 0.11422738)]
[(18, 0.1909713)]
[(7, 0.12571049), (20, 0.10141278)]
[(20, 0.2659323)]
[(4, 0.25002047)]
[(4, 0.26258564)]
[(3, 0.24602008), (11, 0.25723016)]
[(10, 0.14279658), (16, 0.16341932)]
[(4, 0.38733214)]
[(7, 0.122303255), (13, 0.10104846)]
[(20, 0.33530998)]
[(20, 0.217884)]
[(2, 0.19451825), (11, 0.297355)]
[(20, 0.12666765)]
[(7, 0.23383327), (10, 0.16897817)]
[(7, 0.1593771), (18, 0.2677565), (20, 0.14500816)]
[]
[(6, 0.12579004), (7, 0.112645075)]
[(3, 0.26069036), (4, 0.20775303)]
[(18, 0.15267517)]
[(14, 0.11241956), (18, 0.11412392)]
[(14, 0.1755076), (20, 0.18116105)]
[(12, 0.11323538)]
[(8, 0.1646896)]
[(11, 0.28855845), (16, 0.20453268)]
[(11, 0.13997826)]
[(13, 0.3121358)]
[(11, 0.293251)]
[(14, 0.14611515)]
[(4, 0.12213928), (7, 0.13109447)]
[(0, 0.2885667), (17, 0.21474132)]
[(17, 0.1517127)]
[]
[(11, 0.2938777)]
[]
[(6, 0.26344872)]
[(4, 0.10334804), (13, 0.12569435)]
[(3, 0.15561351)]
[(7, 0.5259119)]
[(3, 0.14906903), (4, 0.16570404)]
[(2, 0.1019561)]
[(9, 0.11795879)]
[(14, 0.13551293), (18, 0.1582724)]
[(11, 0.29297784)]
[(7, 0.36945823), (11, 0.13444373)]
[(4, 0.15918072)]
[(11, 0.3136439)]
[(18, 0.15193252), (20, 0.19567953)]
[]
[(18, 0.54531556)]
[(11, 0.106921)]
[(11, 0.18309057)]
[(7, 0.12751442), (20, 0.13405131)]
[(11, 0.265986)]
[(11, 0.49235877)]
[(5, 0.1013521)]
[(4, 0.13388048)]
[(18, 0.10223358), (20, 0.2160415)]
[(14, 0.1707334), (17, 0.13459207), (20, 0.14006686)]
[(7, 0.1344974), (11, 0.45210615)]
[(20, 0.29844072)]
[(4, 0.12908311), (7, 0.10422599)]
[(11, 0.19012651), (13, 0.23101747), (18, 0.15676649)]
[(1, 0.11867971), (14, 0.15237527), (18, 0.12332059)]
[(0, 0.19251347), (17, 0.11182955)]
[(11, 0.22316141)]
[(19, 0.10944614)]
[(6, 0.14229815)]
[(11, 0.32866594)]
[(8, 0.11204231), (13, 0.119036876)]
[(11, 0.20493992)]
[(4, 0.1752213)]
[(14, 0.10602783), (18, 0.28499112)]
[(14, 0.117821045), (15, 0.10256958)]
[]
[(7, 0.106974036), (17, 0.2743078)]
[(4, 0.15545674), (8, 0.16913934), (15, 0.14226139)]
[(11, 0.20541985)]
[(14, 0.46192023)]
[]
[(4, 0.38890907)]
[(17, 0.116554074)]
[]
[(11, 0.37235525)]
[(17, 0.11724348), (18, 0.17845708)]
[(11, 0.21855767)]
[(11, 0.20893921)]
[(1, 0.12213503), (4, 0.12752523)]
[(18, 0.20180841)]
[]
[(4, 0.26460543)]
[(14, 0.10992967), (20, 0.38938665)]
[(18, 0.1978852)]
[(11, 0.28081107), (16, 0.20188837)]
[(13, 0.1017169), (20, 0.107925884)]
[(14, 0.28727725)]
[(16, 0.11811851)]
[]
[]
[]
[(5, 0.11543464)]
[(6, 0.10784992), (20, 0.14483742)]
[(20, 0.13263683)]
[(4, 0.1928135)]
[(6, 0.107438), (9, 0.15997405), (20, 0.13989083)]
[(16, 0.167541)]
[(11, 0.24314426)]
[(11, 0.2676417)]
[(6, 0.2692636), (11, 0.11032931)]
[(18, 0.10243315)]
[(5, 0.1358632), (7, 0.20987058)]
[(14, 0.25262696), (20, 0.15768208)]
[(6, 0.14077218)]
[(17, 0.17407072)]
[(4, 0.26026016)]
[(12, 0.115330696), (18, 0.12655583)]
[(14, 0.1513436), (17, 0.14004241), (18, 0.10562466)]
[(4, 0.30574402)]
[]
[(7, 0.1131509), (11, 0.3081529)]
[(20, 0.113231696)]
[]
[(13, 0.3076756)]
[(6, 0.14980139)]
[(4, 0.2085518)]
[(6, 0.15268095)]
[(4, 0.26077387), (7, 0.12378075)]
[(18, 0.45659667)]
[(18, 0.27977517)]
[(13, 0.24015124)]
[(7, 0.16610676), (18, 0.12917373)]
[(12, 0.5555507)]
[]
[(4, 0.23025689), (8, 0.10436729), (11, 0.11239253)]
[(0, 0.104526855), (17, 0.10151376)]
[(3, 0.12914096), (6, 0.13835114)]
[]
[(11, 0.2829325)]
[(13, 0.16198392)]
[(9, 0.11775923)]
[(6, 0.12977082), (11, 0.27935848)]
[(0, 0.21473046), (17, 0.19185413)]
[(14, 0.14864229), (17, 0.100486286)]
[(0, 0.14181614), (17, 0.23175083)]
[(11, 0.2974074)]
[(12, 0.13650766), (17, 0.18562128)]
[(18, 0.5043199)]
[(11, 0.53061455)]
[(4, 0.33163783)]
[(7, 0.113371395), (16, 0.11078319)]
[(16, 0.2139538)]
[(12, 0.15246017), (20, 0.45619258)]
[(7, 0.22085378)]
[(6, 0.36691692)]
[(10, 0.13529302), (11, 0.10231793)]
[(3, 0.20849314), (15, 0.16232258)]
[(11, 0.107527465)]
[(8, 0.114429824), (14, 0.15060395)]
[(4, 0.19199044), (9, 0.44809762)]
[]
[(11, 0.37473378), (17, 0.10133059)]
[]
[(5, 0.112569086), (13, 0.121227585)]
[(11, 0.21015798), (13, 0.13790973)]
[(14, 0.20764375), (20, 0.10500067)]
[(17, 0.18030967), (18, 0.3559543)]
[(11, 0.2905533), (17, 0.11268136)]
[(6, 0.13715683)]
[(17, 0.13764137)]
[(14, 0.12461968), (20, 0.28444564)]
[(11, 0.22422628), (16, 0.16665539)]
[(9, 0.10755411), (20, 0.1204059)]
[(3, 0.13410965), (11, 0.24520211), (13, 0.11480771)]
[(7, 0.34409434)]
[(6, 0.25545374)]
[(7, 0.10230615), (14, 0.30128354)]
[(0, 0.1318535), (6, 0.21174337)]
[(14, 0.12739079), (18, 0.21951516), (19, 0.22927569)]
[(12, 0.12483795), (17, 0.31000388)]
[(15, 0.16830245)]
[(6, 0.21205649), (17, 0.10247664)]
[(4, 0.28562766), (8, 0.14150871)]
[(6, 0.15792142), (20, 0.108518794)]
[(0, 0.18055624), (17, 0.114358895), (18, 0.17903584)]
[(6, 0.12198273), (7, 0.14805079), (20, 0.107451096)]
[(6, 0.17378101), (16, 0.14995453)]
[(11, 0.24364926)]
[(6, 0.23061816)]
[(11, 0.28034085)]
[]
[(11, 0.13634557)]
[(11, 0.19880627), (16, 0.1373341)]
[(5, 0.1253493), (16, 0.1425295)]
[(14, 0.11654867), (20, 0.2841127)]
[(11, 0.11411264), (20, 0.16685583)]
[(11, 0.32853335)]
[(0, 0.15252233), (6, 0.2360161)]
[(6, 0.14670956)]
[(12, 0.23730162)]
[(16, 0.15878648)]
[(14, 0.124343395)]
[(0, 0.15999198), (6, 0.114454605), (7, 0.1391743)]
[(1, 0.37183684), (20, 0.10303586)]
[(6, 0.21212927), (20, 0.1052062)]
[(11, 0.12824696), (13, 0.407129)]
[]
[(3, 0.11100957)]
[(6, 0.13196798)]
[(6, 0.37833047)]
[(18, 0.21094014)]
[(7, 0.87663746)]
[(17, 0.1364598)]
[(18, 0.1985504)]
[(19, 0.101329654), (20, 0.119135916)]
[(6, 0.1660211)]
[(6, 0.10035514), (7, 0.20472762)]
[(0, 0.12427057), (3, 0.13717628), (12, 0.1427539), (14, 0.16956767)]
[(17, 0.12152362), (18, 0.17767814)]
[(1, 0.11867148), (19, 0.10966274)]
[(10, 0.12401996)]
[(7, 0.1607944), (18, 0.11537261)]
[(4, 0.7527587)]
[(11, 0.27253646), (13, 0.14557725)]
[(9, 0.102569975)]
[(8, 0.1730994), (13, 0.3817263)]
[(7, 0.2997395)]
[(6, 0.109278515)]
[(11, 0.24812414)]
[(11, 0.31515017)]
[(7, 0.1701998), (10, 0.14854398)]
[(11, 0.18275273)]
[(20, 0.121861994)]
[(3, 0.25133622)]
[(20, 0.15244022)]
[(6, 0.25337347), (16, 0.12799048)]
[(14, 0.18714824)]
[(11, 0.18800102)]
[]
[(4, 0.33161572), (12, 0.16790223)]
[(0, 0.2017032)]
[(11, 0.28378397)]
[(14, 0.14438643), (20, 0.16493565)]
[(6, 0.13187964), (7, 0.10349312)]
[(11, 0.4278427)]
[(11, 0.24626198)]
[(11, 0.1570586)]
[(14, 0.11160805), (20, 0.1339393)]
[(13, 0.105535604), (14, 0.13418101), (18, 0.17027284)]
[(11, 0.30166754)]
[(6, 0.11545872)]
[(6, 0.17659174), (12, 0.13241936), (20, 0.19092537)]
[(0, 0.14854294), (20, 0.15215237)]
[(11, 0.24734429)]
[(14, 0.23514366), (18, 0.10733308)]
[(20, 0.10447198)]
[(7, 0.13629495)]
[(20, 0.10936757)]
[(10, 0.22521873), (11, 0.11264764)]
[(2, 0.15445976), (10, 0.13826057)]
[(15, 0.21014066)]
[(10, 0.17522308), (11, 0.26090738)]
[(16, 0.19644184)]
[(6, 0.16908571), (20, 0.1047525)]
[(6, 0.22601011)]
[(3, 0.114283204)]
[(15, 0.2650524)]
[(14, 0.20126009), (20, 0.106367745)]
[(17, 0.18604785), (18, 0.10720533)]
[(11, 0.15467198)]
[(2, 0.17852023), (10, 0.11587853)]
[(12, 0.10383479)]
[(6, 0.1345115)]
[(15, 0.25623235)]
[(6, 0.23888206), (7, 0.14027615)]
[(2, 0.102282025), (11, 0.20413804)]
[(2, 0.11615974)]
[(14, 0.18558025), (17, 0.10033953)]
[(14, 0.30859476), (17, 0.15698919)]
[(5, 0.117026374)]
[(17, 0.10518823)]
[(5, 0.11384607), (16, 0.104544155)]
[(14, 0.1649601), (17, 0.19940057)]
[(18, 0.1541558)]
[(6, 0.10515674)]
[(4, 0.3986686)]
[(10, 0.39176977)]
[(0, 0.14486937)]
[(0, 0.2925689), (4, 0.107002504)]
[(10, 0.23521619), (15, 0.12684822)]
[(5, 0.36876366)]
[(6, 0.124551184), (20, 0.30761102)]
[(1, 0.18698122)]
[]
[]
[(4, 0.1517769)]
[(4, 0.30978256)]
[(7, 0.10836509), (9, 0.2855263)]
[(8, 0.38026753)]
[(11, 0.13094129)]
[]
[(4, 0.24469268)]
[(14, 0.2565658), (20, 0.15075064)]
[(6, 0.2367845)]
[(18, 0.3247553)]
[(0, 0.610878), (18, 0.10821278)]
[(7, 0.11552293), (11, 0.11286052)]
[(15, 0.18980774)]
[(13, 0.12875296)]
[(0, 0.6994546)]
[]
[(3, 0.10882837), (12, 0.100895725)]
[(2, 0.10680758), (7, 0.1240898), (10, 0.15986732)]
[(2, 0.107225545), (3, 0.11269873)]
[(10, 0.14555301), (11, 0.13909318)]
[(10, 0.3578367), (15, 0.10459582)]
[(11, 0.26514614), (18, 0.11202446)]
[(20, 0.13434274)]
[(0, 0.105681084), (14, 0.12734474), (20, 0.13236587)]
[(4, 0.32657215)]
[(4, 0.121728405)]
[(1, 0.13949922)]
[(0, 0.124604695), (17, 0.11166447), (18, 0.15435809), (20, 0.18923473)]
[(4, 0.10779113)]
[(4, 0.11451784)]
[(0, 0.23251106), (4, 0.1017333), (20, 0.13295463)]
[(3, 0.16894326), (4, 0.23735599)]
[(16, 0.28603807)]
[]
[(4, 0.11091686), (10, 0.21572703)]
[(7, 0.12815891), (13, 0.2359842)]
[(10, 0.31957835)]
[(10, 0.18399508), (15, 0.14744881)]
[]
[(6, 0.23591563), (7, 0.15812534)]
[(14, 0.23345666), (20, 0.15641071)]
[(5, 0.2509859)]
[]
[(2, 0.10332626), (7, 0.15495425)]
[(12, 0.13445775)]
[(14, 0.18433645)]
[]
[(14, 0.54184496)]
[(6, 0.1778326), (16, 0.16618069)]
[]
[(10, 0.17608646)]
[(0, 0.102518715), (7, 0.22251004)]
[(7, 0.14894728), (11, 0.128769)]
[(14, 0.15245067), (20, 0.15622433)]
[(16, 0.12001802)]
[(0, 0.32131752)]
[(4, 0.20808987)]
[(4, 0.26456645)]
[(10, 0.10351301), (11, 0.11160346), (16, 0.11199136)]
[(10, 0.6043093)]
[(3, 0.11796241)]
[]
[(15, 0.10921556)]
[(1, 0.32860216)]
[(10, 0.29708913)]
[]
[(0, 0.107645005), (14, 0.14909327), (17, 0.10465961)]
[(4, 0.23390646), (9, 0.10138724)]
[(4, 0.10296913)]
[(0, 0.6946115)]
[(10, 0.15611319), (15, 0.13164495)]
[(4, 0.38768834)]
[(11, 0.12939328)]
[(17, 0.14049664)]
[(11, 0.15495902), (16, 0.10795977)]
[(10, 0.16432479), (11, 0.18392718)]
[(4, 0.20344165)]
[]
[(10, 0.17001225), (19, 0.16631705)]
[(19, 0.100822374)]
[(3, 0.1594195), (4, 0.16423915)]
[(15, 0.14935821)]
[(17, 0.12751478)]
[(5, 0.3146468)]
[(14, 0.22372009)]
[]
[]
[]
[(18, 0.17407277)]
[]
[(14, 0.27042067)]
[(5, 0.13878503)]
[(20, 0.13235453)]
[(4, 0.2505266)]
[(1, 0.1781754), (5, 0.111361146)]
[(7, 0.2188448)]
[(4, 0.14176938)]
[(4, 0.13480747)]
[]
[(2, 0.13457467), (10, 0.10261769), (15, 0.12514143)]
[]
[(14, 0.1020609)]
[(4, 0.24600326)]
[(17, 0.19656242)]
[(11, 0.33981663)]
[(10, 0.14651935)]
[(10, 0.24320027), (16, 0.10652129)]
[(4, 0.18316877), (15, 0.12355408)]
[(4, 0.587129)]
[(15, 0.22849117)]
[(0, 0.2912377), (14, 0.106580645)]
[(1, 0.103063375), (15, 0.10680215)]
[(7, 0.13124183), (8, 0.19304205)]
[(20, 0.12538037)]
[]
[(4, 0.24896505)]
[(6, 0.15746287), (20, 0.27829364)]
[(20, 0.36383605)]
[(11, 0.14181341)]
[]
[(6, 0.13493837), (9, 0.15860954)]
[(11, 0.1414797)]
[(19, 0.11857273)]
[(4, 0.14468664)]
[(14, 0.14118406)]
[]
[(11, 0.1007295), (13, 0.10513184)]
[(14, 0.33298668), (20, 0.10882749)]
[(1, 0.10375732), (12, 0.20542666), (14, 0.14774962)]
[(14, 0.19547096)]
[(15, 0.21051121)]
[(4, 0.24776685), (7, 0.16992092)]
[(4, 0.26822397)]
[(10, 0.10192745)]
[(10, 0.23216832)]
[]
[(13, 0.102405734)]
[(15, 0.22866787)]
[(15, 0.1595465)]
[]
[(4, 0.22425233)]
[(1, 0.109893546), (20, 0.17211238)]
[(10, 0.12050486)]
[(6, 0.14186688), (10, 0.1200553), (16, 0.10291298)]
[(5, 0.105159074), (17, 0.13522716)]
[(15, 0.15071097)]
[(5, 0.12367015), (6, 0.112907246)]
[(5, 0.13654694), (10, 0.17307927)]
[]
[(12, 0.12886482), (18, 0.10496101)]
[(5, 0.15528736), (10, 0.30691883)]
[(4, 0.109794565)]
[(9, 0.27693018), (14, 0.10963489)]
[(2, 0.18386972)]
[]
[(6, 0.12938415), (11, 0.19734605)]
[(1, 0.21128716)]
[(11, 0.13858193), (16, 0.25607926)]
[(14, 0.15980588)]
[(5, 0.10642085), (10, 0.15835698), (15, 0.15075275)]
[(2, 0.16408542), (10, 0.17040038)]
[(1, 0.15530218)]
[(4, 0.3405008)]
[(17, 0.31615993)]
[(4, 0.32275164)]
[(13, 0.10736421)]
[(5, 0.111515604), (15, 0.11990028)]
[(17, 0.1165402)]
[(4, 0.19695961), (8, 0.10450827)]
[(16, 0.1351435)]
[(1, 0.12098591), (4, 0.12365442)]
[(6, 0.6909932)]
[(16, 0.18715775)]
[(12, 0.14885215)]
[(4, 0.3469823)]
[(2, 0.13539208), (10, 0.12136288)]
[(10, 0.2922986)]
[(11, 0.32572204), (16, 0.13922441)]
[(19, 0.10792581)]
[(2, 0.15878113), (10, 0.12097736), (19, 0.15179048)]
[(4, 0.23908186)]
[(14, 0.32361916)]
[(7, 0.11004872), (15, 0.21446095)]
[(17, 0.15620925)]
[(0, 0.3334317), (17, 0.10199715)]
[(4, 0.17295194)]
[(1, 0.1469168), (12, 0.12217921), (17, 0.10384795)]
[(2, 0.108022735), (10, 0.10954804)]
[(0, 0.10480106), (17, 0.18087605)]
[(17, 0.107900955), (18, 0.16272768)]
[(5, 0.10753682)]
[(4, 0.17337991)]
[(6, 0.19484884), (7, 0.21265014), (20, 0.14416827)]
[(2, 0.13516086)]
[(10, 0.14941801), (11, 0.10893537)]
[(17, 0.10402571), (18, 0.11020746)]
[(10, 0.114836246)]
[(11, 0.12031122), (15, 0.1270926)]
[(9, 0.71284497)]
[(4, 0.27864364), (11, 0.1104313)]
[(4, 0.16368765)]
[(1, 0.4295838), (4, 0.13436551)]
[(13, 0.15199396)]
[(5, 0.1985184), (10, 0.18733445)]
[]
[]
[(19, 0.11469525)]
[(6, 0.118848495)]
[(0, 0.31694007)]
[(11, 0.5967898)]
[(1, 0.2129516), (18, 0.1473336)]
[(10, 0.16030756)]
[(7, 0.2600963)]
[(19, 0.19382131)]
[(10, 0.11946966)]
[(4, 0.30542213)]
[(4, 0.16622989)]
[(15, 0.23977819)]
[(20, 0.23465747)]
[(6, 0.10181196), (15, 0.13311441)]
[(14, 0.16982742), (20, 0.10804081)]
[(11, 0.3433887)]
[]
[(5, 0.10585532), (10, 0.16582628), (11, 0.11516074), (15, 0.10032292)]
[(7, 0.11913777)]
[(3, 0.1479081), (4, 0.2245245), (8, 0.14742965)]
[(10, 0.23681171)]
[(18, 0.107666016)]
[(2, 0.17883396), (11, 0.2309253)]
[(16, 0.25588495)]
[(7, 0.14835766), (10, 0.12098025)]
[(3, 0.1622539), (11, 0.39338735)]
[(14, 0.18879928), (19, 0.3563752)]
[(8, 0.12614967)]
[(14, 0.17331114), (17, 0.16346107)]
[(5, 0.15937805), (10, 0.10439076)]
[(13, 0.44900903)]
[(10, 0.10500142), (15, 0.15443942)]
[(12, 0.19215393)]
[]
[(13, 0.22302057)]
[(4, 0.11550543)]
[(4, 0.21167469), (14, 0.13536054)]
[(6, 0.30489454)]
[(4, 0.18639562)]
[(2, 0.20814551), (11, 0.23269238)]
[(2, 0.10798317), (10, 0.10602849)]
[(1, 0.108151756), (3, 0.10160379)]
[(19, 0.13779926)]
[(10, 0.13560821), (15, 0.101866975)]
[(4, 0.18252583), (8, 0.12775736)]
[(2, 0.12051172)]
[(4, 0.2880505)]
[(13, 0.37871483)]
[]
[(2, 0.20328124), (7, 0.11273743), (15, 0.12674132)]
[(10, 0.3279008)]
[(4, 0.10675671)]
[(16, 0.15721712)]
[(5, 0.37189025), (19, 0.19785218)]
[(3, 0.13458943), (4, 0.24003269)]
[(10, 0.13077046)]
[(2, 0.16283591), (10, 0.11544644)]
[(2, 0.3490543)]
[(7, 0.22323771)]
[(10, 0.108529724), (16, 0.11126265)]
[(10, 0.27814332)]
[(14, 0.14383706), (20, 0.20512678)]
[(11, 0.114606954), (15, 0.4647612)]
[(14, 0.18335973), (18, 0.1038964)]
[(6, 0.10730061), (9, 0.16444336), (10, 0.12273405), (15, 0.18044527)]
[(15, 0.1302151)]
[(9, 0.10014268)]
[(4, 0.3078355)]
[(10, 0.12907307)]
[(11, 0.5504212)]
[(15, 0.21116923)]
[(11, 0.123681776)]
[(4, 0.5783329)]
[(1, 0.12466537), (10, 0.10394547)]
[(15, 0.14683829)]
[(11, 0.10044055)]
[(6, 0.23973027), (16, 0.11799189)]
[(16, 0.101169094)]
[(4, 0.12990928)]
[(2, 0.14515969)]
[(11, 0.42808294)]
[(2, 0.10092995)]
[]
[(3, 0.1171366), (7, 0.17455295)]
[(18, 0.44069237)]
[(14, 0.15366219), (20, 0.13634202)]
[(0, 0.101722546), (8, 0.11111349)]
[(6, 0.13143066)]
[(15, 0.2519221), (17, 0.106129065)]
[]
[(14, 0.35263923), (20, 0.11775369)]
[]
[(14, 0.3124339)]
[(20, 0.5499223)]
[(4, 0.41806892)]
[(6, 0.10472362), (15, 0.13948411)]
[(0, 0.14690976), (14, 0.19691105), (17, 0.10345679)]
[(10, 0.148252)]
[]
[(12, 0.100336835), (18, 0.15116379)]
[(7, 0.20867057)]
[(7, 0.15858586), (11, 0.15329306)]
[(2, 0.20220804), (11, 0.19164766)]
[(14, 0.17858976)]
[(18, 0.7419724)]
[(4, 0.20838897), (7, 0.18123284)]
[(4, 0.1539469)]
[(7, 0.16308841), (15, 0.10301606)]
[(7, 0.1368067)]
[(13, 0.10592211), (14, 0.14543235), (17, 0.10944147)]
[(14, 0.31887448)]
[(14, 0.13339207)]
[(13, 0.14002292)]
[(10, 0.16039035), (13, 0.1418283), (15, 0.123369485)]
[(12, 0.123514585), (14, 0.12450142)]
[(20, 0.21525016)]
[(10, 0.117997736), (11, 0.5326036)]
[(3, 0.30934373)]
[(10, 0.15579791), (15, 0.10351407)]
[(5, 0.15119955), (12, 0.10807319)]
[(2, 0.33591542)]
[(4, 0.27556202)]
[]
[(8, 0.10349238), (14, 0.11995451), (18, 0.21603768)]
[(16, 0.30100974)]
[(6, 0.13692956), (18, 0.15728933)]
[(15, 0.67622006)]
[(10, 0.12960123)]
[(2, 0.13808347), (11, 0.27910903), (15, 0.13020831)]
[(2, 0.14383022), (9, 0.12950942)]
[(10, 0.20068434), (15, 0.1888282)]
[(9, 0.5842799)]
[]
[]
[(7, 0.20525795), (10, 0.1136841)]
[(2, 0.26294303)]
[]
[]
[(18, 0.19912401)]
[(0, 0.11001638), (17, 0.20518199)]
[(7, 0.1010741), (15, 0.33401185)]
[(11, 0.22964805)]
[]
[(4, 0.46989617), (8, 0.19912525)]
[(16, 0.25982556)]
[]
[(4, 0.3325369)]
[(12, 0.16541316)]
[(4, 0.3088984), (8, 0.119025365)]
[(0, 0.12431631)]
[(10, 0.3650883)]
[]
[(3, 0.17978229), (4, 0.14070366), (16, 0.11228741)]
[]
[(8, 0.4962264)]
[(13, 0.11486348), (15, 0.101144135)]
[]
[(17, 0.23399432)]
[(2, 0.19673534), (5, 0.10571443)]
[(5, 0.3080978), (18, 0.10544956)]
[(6, 0.27645892)]
[(7, 0.12263475)]
[]
[(10, 0.17518362)]
[(4, 0.1033553)]
[(6, 0.12023841), (16, 0.1014852)]
[(5, 0.16698101)]
[(4, 0.23597343)]
[(5, 0.12779288), (15, 0.180625)]
[(15, 0.12818782)]
[(14, 0.21323565)]
[(9, 0.11238634), (13, 0.17289057)]
[(15, 0.1819825)]
[(6, 0.113110885), (8, 0.15599258), (12, 0.10918135)]
[(6, 0.13844365), (10, 0.12105648), (16, 0.12808278)]
[(14, 0.10172352), (17, 0.3401814)]
[(4, 0.30791584)]
[(1, 0.10366684), (2, 0.11858188)]
[(1, 0.10783479)]
[(20, 0.11582457)]
[(20, 0.31647903)]
[]
[]
[(10, 0.123722896)]
[(15, 0.234321)]
[(7, 0.12598366), (11, 0.12590918)]
[(15, 0.16788459)]
[(1, 0.103553765), (5, 0.12905176)]
[(18, 0.1406917)]
[(0, 0.15950605), (17, 0.15885411)]
[(6, 0.10615744)]
[(0, 0.107416146), (17, 0.13268253)]
[(0, 0.107992314), (18, 0.2287744)]
[(15, 0.10500547)]
[]
[(12, 0.19962509)]
[(6, 0.1049207)]
[(2, 0.10770025), (20, 0.1488879)]
[(6, 0.16965857)]
[(4, 0.13517103)]
[]
[(4, 0.38038608)]
[(9, 0.13368133)]
[(4, 0.24887668)]
[]
[(7, 0.1275175)]
[(5, 0.14300705), (16, 0.16021648), (19, 0.111201026)]
[(5, 0.10871564), (15, 0.122335635)]
[(9, 0.25142273)]
[(13, 0.29007387)]
[(1, 0.12650076), (4, 0.16805662)]
[(7, 0.15673757)]
[(6, 0.3382038), (19, 0.17706795)]
[]
[(5, 0.45076087)]
[(2, 0.3498655), (11, 0.1367128)]
[(15, 0.11493124)]
[(10, 0.11165133), (15, 0.17155468)]
[(4, 0.108475946), (14, 0.114681385)]
[(0, 0.1822175), (18, 0.14482208), (20, 0.12855734)]
[(1, 0.1647275), (4, 0.10169789)]
[(0, 0.2936596)]
[(10, 0.14941792), (16, 0.17362007)]
[(7, 0.21448784), (8, 0.103951596), (20, 0.12585075)]
[(20, 0.55931336)]
[(17, 0.16193356)]
[(0, 0.6659822), (18, 0.11241667)]
[(7, 0.15116704), (13, 0.21168773)]
[(12, 0.13657905), (14, 0.26836008), (20, 0.1820262)]
[(0, 0.11228961), (14, 0.22592913), (17, 0.16017951)]
[(10, 0.3483256)]
[(15, 0.18689632)]
[(7, 0.10322899), (14, 0.10545093), (18, 0.1242218), (20, 0.10080737)]
[(3, 0.11506793), (15, 0.14088278)]
[(2, 0.123984255), (6, 0.13440977)]
[(11, 0.12532781)]
[(4, 0.23932)]
[(10, 0.13676843)]
[(4, 0.18104067)]
[(5, 0.11646201), (9, 0.13420816)]
[(16, 0.15094793)]
[]
[]
[(5, 0.11250515), (15, 0.19308461)]
[(4, 0.46145242)]
[(2, 0.14622481), (10, 0.1337668)]
[(4, 0.18576474)]
[(5, 0.11068242)]
[(19, 0.10540647)]
[(0, 0.10522376)]
[(5, 0.12596849), (10, 0.18882778)]
[(4, 0.36242637)]
[]
[(7, 0.15772322)]
[(16, 0.19398302)]
[(10, 0.15474221)]
[(8, 0.11164742), (16, 0.11106975)]
[(17, 0.13547492)]
[(10, 0.17689979), (15, 0.13368157)]
[(7, 0.21286874)]
[(14, 0.41934422)]
[(10, 0.2503991)]
[(10, 0.22421485)]
[(1, 0.13666266)]
[(19, 0.1634288)]
[(5, 0.115813516)]
[(18, 0.5902522)]
[(18, 0.21481778)]
[]
[]
[(2, 0.2369727)]
[(3, 0.10683559), (12, 0.12767595)]
[(10, 0.17779832), (18, 0.104723826)]
[(2, 0.11867333), (10, 0.111096926)]
[(2, 0.14617087)]
[(10, 0.13184847)]
[(20, 0.11154706)]
[(4, 0.2503007)]
[(20, 0.26337665)]
[(5, 0.10316481)]
[(2, 0.102802314), (10, 0.131183), (13, 0.10692735)]
[(14, 0.35123894)]
[(6, 0.14557092)]
[(2, 0.13140997)]
[(6, 0.14851065), (10, 0.11855593)]
[(11, 0.10871403), (12, 0.12580338)]
[(4, 0.15813681), (8, 0.32628906)]
[(8, 0.12822096), (14, 0.14696963), (18, 0.10672158)]
[(0, 0.3198887), (4, 0.271443)]
[(10, 0.15540984), (19, 0.2513351)]
[(10, 0.2893391), (11, 0.108134225)]
[(10, 0.24903229)]
[(10, 0.258104)]
[(6, 0.21250443)]
[(11, 0.10383279)]
[(0, 0.11743193), (17, 0.17959471)]
[]
[(10, 0.10200383)]
[(12, 0.12272002)]
[(6, 0.13261332)]
[(12, 0.14398432), (16, 0.11737393)]
[(3, 0.10357588)]
[(8, 0.12177656), (20, 0.12595658)]
[(18, 0.107965134)]
[(14, 0.22472388), (20, 0.23417321)]
[(4, 0.2193953)]
[(2, 0.2553983)]
[(4, 0.25623426)]
[(6, 0.17928523), (10, 0.40044734)]
[(0, 0.18714271), (5, 0.20258345), (20, 0.1901076)]
[(7, 0.15813822)]
[(9, 0.12333429)]
[(14, 0.18262213), (19, 0.10709643)]
[(11, 0.21664777)]
[(4, 0.22155157)]
[(8, 0.355406)]
[(3, 0.14557505)]
[(4, 0.24349922)]
[(5, 0.12714672)]
[(4, 0.12658122), (14, 0.13862832), (15, 0.16987017)]
[(14, 0.24105254)]
[(14, 0.14094888)]
[(7, 0.102657504)]
[(14, 0.23881343)]
[(17, 0.22519705), (18, 0.10560871)]
[(0, 0.10940844)]
[(0, 0.30044043), (17, 0.10541869)]
[(2, 0.32432276)]
[(11, 0.32070494)]
[(14, 0.14107843), (19, 0.1033343)]
[(5, 0.45610854)]
[(14, 0.10452162)]
[(10, 0.23292616), (11, 0.18107216)]
[(14, 0.4531087)]
[(6, 0.114095904), (20, 0.13884623)]
[]
[(11, 0.2614957)]
[]
[(12, 0.28325406)]
[(7, 0.105437614)]
[(0, 0.118056275), (17, 0.1457999)]
[]
[(15, 0.19470803)]
[(5, 0.16407582), (10, 0.1420291)]
[]
[(10, 0.113478914)]
[(0, 0.6717896)]
[(2, 0.11873003), (10, 0.22303051)]
[(17, 0.12174635), (18, 0.12513784), (20, 0.20038232)]
[(15, 0.13127227)]
[(8, 0.28553924), (20, 0.13635068)]
[(10, 0.14412089), (11, 0.13697158)]
[(9, 0.45234883)]
[(5, 0.20775518), (15, 0.12932964)]
[(3, 0.52439666)]
[(4, 0.2580202)]
[]
[]
[(15, 0.11954236)]
[(1, 0.15641531)]
[(10, 0.24976717)]
[(6, 0.16483285)]
[(2, 0.11270714), (10, 0.18508793)]
[(14, 0.114498414)]
[(2, 0.31178197)]
[(20, 0.40453166)]
[(17, 0.3349143)]
[(11, 0.13329588), (19, 0.3714815)]
[(11, 0.26592335), (15, 0.10755734)]
[(10, 0.11259968)]
[(6, 0.14502405), (11, 0.16250749), (18, 0.13202246)]
[]
[(14, 0.17775494), (20, 0.12762758)]
[]
[(0, 0.11233216), (14, 0.15985094), (19, 0.11733624)]
[(14, 0.33431134), (20, 0.13935001)]
[(15, 0.1412611)]
[(6, 0.11041219), (10, 0.14256042), (16, 0.20888041)]
[(10, 0.22668926)]
[(14, 0.15382291)]
[(16, 0.17420734)]
[(2, 0.10379157), (13, 0.10040016), (18, 0.19100034)]
[(7, 0.10327753), (17, 0.1258262)]
[(0, 0.10500003), (14, 0.13887554)]
[(7, 0.13300754)]
[(4, 0.16383508)]
[(2, 0.40212667)]
[(18, 0.3409448)]
[(11, 0.104433514)]
[(10, 0.16125669)]
[(14, 0.123375036), (17, 0.103419244)]
[(18, 0.19470935)]
[(12, 0.11549518)]
[(6, 0.12996063), (20, 0.1465614)]
[(14, 0.13940491)]
[(3, 0.1414486), (7, 0.10494623)]
[(10, 0.10954472), (16, 0.11829557)]
[(7, 0.114564985)]
[(4, 0.12357954)]
[(10, 0.13695966)]
[(5, 0.1093736), (10, 0.12773801), (13, 0.12877803)]
[(7, 0.20024125), (10, 0.13236468)]
[(4, 0.14776464)]
[(11, 0.10145422), (16, 0.16637176)]
[(15, 0.14427108)]
[(11, 0.14617229), (16, 0.11580366)]
[(4, 0.27698794), (9, 0.12337629)]
[(11, 0.29971176)]
[(15, 0.24830796)]
[(4, 0.4198734)]
[(10, 0.20761712), (11, 0.31558046)]
[(14, 0.18564709), (18, 0.10006317), (20, 0.12878115)]
[(0, 0.13306649), (4, 0.16973017)]
[(1, 0.16412644), (5, 0.17895322), (10, 0.11718783)]
[]
[(4, 0.10166177)]
[(9, 0.11640088)]
[(18, 0.13024794)]
[(10, 0.1470817)]
[(5, 0.2010914), (15, 0.16264576)]
[(5, 0.12037008), (6, 0.24160296), (11, 0.11714278), (12, 0.11322326)]
[(4, 0.18781519)]
[(17, 0.12951824)]
[(2, 0.1069345), (7, 0.113468155)]
[]
[(15, 0.24484776)]
[(14, 0.25926995)]
[(8, 0.19912253)]
[(2, 0.10290539), (10, 0.11236652)]
[(17, 0.16577397), (18, 0.12229163)]
[(12, 0.28508124)]
[(14, 0.17133318), (20, 0.3171149)]
[(0, 0.5576649), (14, 0.15906027)]
[(4, 0.21514326), (6, 0.11836692)]
[(13, 0.21852523)]
[(9, 0.4953904)]
[(3, 0.103957884), (4, 0.40007058), (8, 0.11175201)]
[(20, 0.6881498)]
[(7, 0.10361511), (12, 0.17167346)]
[(18, 0.110954896)]
[(6, 0.1659533)]
[(4, 0.19963819)]
[(14, 0.2113612), (19, 0.12849718)]
[(3, 0.22231808)]
[(12, 0.16432601)]
[]
[(10, 0.3662585), (15, 0.14808142)]
[(6, 0.2146284)]
[(4, 0.148437), (9, 0.119578294)]
[(10, 0.19787607)]
[(1, 0.118551634), (13, 0.2647687)]
[(9, 0.45968503)]
[(20, 0.1260428)]
[]
[(4, 0.12176639)]
[(2, 0.23525302), (4, 0.35403824)]
[]
[(7, 0.10096599), (11, 0.13699955), (15, 0.16990578)]
[]
[(3, 0.7666913)]
[(2, 0.172501), (10, 0.14888534)]
[(10, 0.23922351)]
[(15, 0.1373243)]
[]
[(19, 0.15555765)]
[(10, 0.13429189)]
[(2, 0.3487063)]
[(10, 0.12492038)]
[(18, 0.18087728)]
[(10, 0.11420887), (11, 0.2396005)]
[(15, 0.32409498)]
[]
[(4, 0.1103709), (20, 0.22381446)]
[(4, 0.10848045)]
[(5, 0.1772673)]
[(12, 0.106876835)]
[(11, 0.37226796), (16, 0.21073048)]
[(11, 0.14336894)]
[(4, 0.22321966)]
[(12, 0.120425865), (17, 0.15304314)]
[(17, 0.1394401), (18, 0.10207631)]
[(4, 0.25135672)]
[(10, 0.109871745), (13, 0.14314266)]
[(14, 0.21949448)]
[(14, 0.13084728)]
[(13, 0.14788155)]
[(6, 0.13776183), (15, 0.20889361)]
[(18, 0.49385697)]
[(1, 0.12158806), (7, 0.10244069)]
[]
[(16, 0.17565158)]
[(11, 0.2662417), (16, 0.10540073)]
[(4, 0.23826201)]
[(10, 0.24463542)]
[(17, 0.10007964)]
[(9, 0.39973184)]
[(4, 0.3126849), (8, 0.11789627)]
[(14, 0.30430716), (20, 0.18323891)]
[(17, 0.14110097)]
[(2, 0.105637796), (15, 0.15245603)]
[(11, 0.103281245)]
[(10, 0.108052656)]
[(10, 0.17964686)]
[(4, 0.19249468), (12, 0.14073932)]
[(4, 0.18753484), (20, 0.10436329)]
[(0, 0.17141643), (20, 0.10642399)]
[]
[(4, 0.15994029)]
[(10, 0.11680736), (11, 0.14579792)]
[(6, 0.16202386), (15, 0.111825064)]
[(14, 0.12617476)]
[(4, 0.1825583)]
[(0, 0.23517427), (18, 0.18969645)]
[(0, 0.23764887), (17, 0.12824532)]
[]
[]
[(0, 0.21041566), (3, 0.115712196), (19, 0.102635875)]
[(10, 0.106065795)]
[(1, 0.100389354), (10, 0.2909454)]
[(6, 0.18729907)]
[(10, 0.15272422)]
[(14, 0.131132), (17, 0.10426702)]
[(12, 0.17820594), (18, 0.10495633)]
[]
[(17, 0.18745682), (19, 0.11022882)]
[(5, 0.1504826), (15, 0.2453789)]
[(2, 0.10773571), (4, 0.1160975)]
[(4, 0.12280837)]
[(12, 0.37751696)]
[(7, 0.18367885)]
[]
[(16, 0.12703176)]
[(14, 0.5365348)]
[(8, 0.10925112), (13, 0.10518574)]
[(14, 0.30403078), (18, 0.10736803)]
[(14, 0.105440274)]
[(14, 0.20380677), (17, 0.32663321)]
[(7, 0.19187179), (13, 0.1176377), (14, 0.1407603)]
[(6, 0.25093547), (10, 0.11883773)]
[(6, 0.17173395), (15, 0.35476363)]
[(15, 0.2668521)]
[(15, 0.126662)]
[(0, 0.6728476)]
[(6, 0.39953962)]
[(1, 0.11750256)]
[(7, 0.2757376), (20, 0.19004866)]
[(6, 0.1441488), (16, 0.14438242)]
[(14, 0.2339704), (18, 0.28340894)]
[(10, 0.13634408), (15, 0.19603294)]
[(18, 0.31554586)]
[(14, 0.11930998), (17, 0.2090379)]
[(6, 0.18675888)]
[(4, 0.21974237)]
[(2, 0.15312667)]
[(0, 0.10721288), (4, 0.24854937), (20, 0.11216703)]
[(17, 0.14817894), (18, 0.12854667)]
[]
[(14, 0.2094058), (20, 0.12528883)]
[(16, 0.14134149)]
[(14, 0.13865595)]
[]
[(16, 0.23688798)]
[(14, 0.10877451), (18, 0.11721433)]
[(7, 0.12927718), (9, 0.42404416)]
[(0, 0.67561406), (18, 0.12745246)]
[(6, 0.44836906)]
[(2, 0.20945638)]
[(2, 0.1780713), (7, 0.11302021)]
[(4, 0.26270005)]
[(2, 0.17087966)]
[(2, 0.10016236), (5, 0.249664), (7, 0.11729933)]
[(14, 0.12704426), (17, 0.20352592)]
[(14, 0.2612604), (20, 0.13456151)]
[(0, 0.255903)]
[(17, 0.12528028), (19, 0.10355685)]
[(14, 0.43572494)]
[(1, 0.17501813)]
[(0, 0.120945044), (14, 0.16326113), (20, 0.18472399)]
[(13, 0.21727781)]
[(0, 0.100832574), (14, 0.23260902), (20, 0.12123908)]
[(6, 0.13772513), (20, 0.10348283)]
[(5, 0.33656457)]
[(6, 0.105824605), (19, 0.15333234)]
[(8, 0.9456144)]
[(18, 0.5530831)]
[(14, 0.111492455)]
[(4, 0.19403376)]
[(4, 0.571907)]
[(9, 0.14087094), (17, 0.15180968)]
[(20, 0.1051117)]
[(4, 0.1292707), (15, 0.1302534)]
[]
[(14, 0.16141179)]
[(4, 0.21727781), (14, 0.10380147)]
[(7, 0.22781837)]
[(2, 0.29387665), (7, 0.2278602)]
[(4, 0.297169), (8, 0.19321068)]
[(0, 0.10510438), (14, 0.16157845)]
[(6, 0.33831206)]
[(6, 0.132021)]
[(4, 0.31203908)]
[(11, 0.21036083), (15, 0.22268802)]
[(2, 0.24682719)]
[(10, 0.12821773)]
[]
[(15, 0.19420655)]
[(6, 0.13380916), (10, 0.17583826)]
[(14, 0.21900725), (18, 0.14018728)]
[(12, 0.13604368), (20, 0.16322556)]
[(17, 0.16724007)]
[]
[]
[(6, 0.2341042)]
[(18, 0.5075006)]
[(4, 0.3222304)]
[(1, 0.16300182)]
[(7, 0.1869397)]
[(4, 0.1268167), (18, 0.13332617)]
[(2, 0.3495469), (11, 0.17397463)]
[(1, 0.105579026), (3, 0.13412255), (5, 0.13453078)]
[(10, 0.14049464)]
[(14, 0.2775853), (20, 0.13780949)]
[(4, 0.21833277)]
[(10, 0.108658604)]
[(13, 0.14833061)]
[(2, 0.18680403), (7, 0.13517267)]
[(14, 0.23562004)]
[]
[(0, 0.4745701)]
[(15, 0.14669797)]
[(11, 0.10798692)]
[(0, 0.290954), (17, 0.17266779)]
[(14, 0.27223948)]
[(18, 0.23289262), (19, 0.19813518)]
[(7, 0.23954996)]
[(10, 0.118525974), (15, 0.12645622)]
[(0, 0.10410822), (4, 0.13883202)]
[(4, 0.28472254)]
[(10, 0.32947895)]
[(10, 0.17254318), (15, 0.17452997)]
[(10, 0.20975953)]
[(1, 0.13678348), (4, 0.15948091)]
[(10, 0.11297809), (11, 0.27674696)]
[(5, 0.19730192), (15, 0.1443836)]
[(17, 0.15763053), (20, 0.10232295)]
[(14, 0.18078879)]
[(4, 0.26650715)]
[(0, 0.104152784), (20, 0.22245966)]
[(4, 0.10949343)]
[(4, 0.2555372), (7, 0.10954112)]
[(11, 0.28212944)]
[(10, 0.18869372)]
[(13, 0.12938336)]
[(20, 0.25409535)]
[]
[(4, 0.33828053)]
[(10, 0.24684337)]
[(16, 0.15297483)]
[(12, 0.20144673), (14, 0.11658083)]
[(5, 0.13182838), (6, 0.124879636)]
[(1, 0.2264479)]
[(14, 0.12726015), (19, 0.18264325)]
[(7, 0.23492694), (14, 0.11371317)]
[(5, 0.16073337), (11, 0.10974147)]
[(6, 0.23989871), (11, 0.2678128)]
[(4, 0.2763192)]
[(10, 0.21559624)]
[(4, 0.15835615)]
[(20, 0.15428057)]
[(15, 0.12230765)]
[(5, 0.14610326)]
[]
[(6, 0.20173547), (18, 0.15621476)]
[(12, 0.10859517)]
[(6, 0.14145146), (15, 0.17444661)]
[(4, 0.12090167), (18, 0.10453063)]
[(13, 0.1226893)]
[(18, 0.2316178)]
[(13, 0.13679314), (14, 0.1892609)]
[(5, 0.14418256)]
[(0, 0.18897365), (17, 0.19227956), (18, 0.110460356)]
[(15, 0.1900491)]
[(5, 0.40629867)]
[(4, 0.11478063), (7, 0.122171305), (18, 0.105643585), (20, 0.24657698)]
[(2, 0.1401568)]
[(4, 0.14366332), (19, 0.101549484)]
[(14, 0.10347454), (17, 0.19008829)]
[(18, 0.28553936)]
[(12, 0.20117219), (14, 0.2503509)]
[(14, 0.10161858), (19, 0.14981237)]
[(10, 0.37411693)]
[(15, 0.21380885)]
[(20, 0.50996035)]
[(11, 0.10565668)]
[(0, 0.18333405)]
[(5, 0.15630133), (10, 0.31870356)]
[(4, 0.30441427)]
[(10, 0.14334866), (11, 0.10477223)]
[(1, 0.1488673), (2, 0.12794793)]
[(11, 0.100809455), (13, 0.17873967)]
[(4, 0.19021894)]
[(3, 0.112252556)]
[(4, 0.5259796)]
[(4, 0.21348633)]
[(13, 0.20606944)]
[(6, 0.414621)]
[(5, 0.42341414)]
[(2, 0.17701282), (11, 0.15156266)]
[(0, 0.15639187), (14, 0.10125945), (17, 0.13517535)]
[(15, 0.19711699)]
[]
[]
[(14, 0.14960577)]
[(7, 0.11537462), (10, 0.13457538)]
[(4, 0.16629565)]
[(4, 0.20139042)]
[(15, 0.1173023)]
[(10, 0.18011118)]
[(14, 0.22017625), (20, 0.15019986)]
[(17, 0.11869207)]
[(3, 0.19454154)]
[(5, 0.23264433)]
[(6, 0.13682672)]
[(7, 0.14353754), (15, 0.21762744)]
[(14, 0.18898392), (20, 0.21828324)]
[(10, 0.14034462), (11, 0.12443673)]
[]
[(18, 0.13818726)]
[(0, 0.13058858), (4, 0.30510482)]
[(4, 0.41021)]
[(14, 0.30487892)]
[(18, 0.25475106)]
[(10, 0.12503034), (19, 0.13534606)]
[(12, 0.101977006), (17, 0.15570392)]
[(12, 0.5248144), (14, 0.111875564)]
[(4, 0.25401554)]
[(9, 0.13826495), (19, 0.11352989), (20, 0.1157591)]
[(4, 0.24588482)]
[(14, 0.10077779)]
[(1, 0.11382433), (4, 0.15626134), (18, 0.12652533)]
[(7, 0.116426915)]
[(10, 0.11714728), (15, 0.107535675)]
[(14, 0.17601854)]
[(13, 0.21731058)]
[(20, 0.28123334)]
[(15, 0.17045408)]
[(4, 0.20739767)]
[(7, 0.11165728)]
[(3, 0.10578786), (19, 0.16525778)]
[(10, 0.15520242), (11, 0.10021268)]
[(6, 0.10869628), (10, 0.13250153)]
[]
[(11, 0.24891482)]
[]
[]
[(5, 0.14680927), (10, 0.10611383), (11, 0.10493529)]
[(5, 0.23858869)]
[(3, 0.56488484)]
[(7, 0.10906393), (11, 0.19153614)]
[(10, 0.25145602), (15, 0.16698298)]
[(1, 0.19617446)]
[(2, 0.14351524)]
[(11, 0.13182734)]
[(19, 0.21699342)]
[(10, 0.10272109)]
[(6, 0.11443389), (7, 0.120576344), (10, 0.10486878)]
[(13, 0.13982032), (20, 0.3065871)]
[(10, 0.16937143)]
[(10, 0.115044035)]
[(7, 0.12170029), (10, 0.13609186)]
[]
[(2, 0.19445428)]
[(16, 0.13570312)]
[(14, 0.1718814), (20, 0.16916624)]
[(14, 0.112119205), (20, 0.13451451)]
[(14, 0.18325081)]
[(20, 0.26739848)]
[(4, 0.42808884)]
[(11, 0.35087657), (16, 0.13445626)]
[(1, 0.120959856)]
[]
[(10, 0.20374076), (11, 0.17750025)]
[(1, 0.29500172)]
[(17, 0.57083267)]
[(10, 0.10138388), (11, 0.14015727)]
[(10, 0.12661694)]
[(4, 0.40240267)]
[(0, 0.18018053), (4, 0.29599917)]
[(9, 0.38453788)]
[]
[(7, 0.11070024)]
[(1, 0.12474726), (7, 0.10079571)]
[(14, 0.2817938), (20, 0.17070651)]
[(15, 0.6829491)]
[(4, 0.27352542)]
[(7, 0.13779889)]
[(4, 0.3690616)]
[(4, 0.1766494)]
[]
[(10, 0.21907388)]
[(14, 0.21620676)]
[(10, 0.1102138), (11, 0.10957051)]
[(15, 0.48255277)]
[(2, 0.1767432), (7, 0.20410815)]
[(1, 0.16445571)]
[(10, 0.11507858)]
[(6, 0.104861826), (18, 0.12166021)]
[(7, 0.14289826)]
[(17, 0.16230878), (18, 0.12744145)]
[(16, 0.45106164)]
[(14, 0.28454432)]
[(6, 0.2676772)]
[(10, 0.26454118)]
[(5, 0.15164185), (15, 0.13445662)]
[(0, 0.16755618), (20, 0.28690815)]
[(1, 0.10209767)]
[(14, 0.18834363)]
[(0, 0.15908775), (17, 0.23624657)]
[(4, 0.24839272), (9, 0.10373668)]
[(20, 0.20153174)]
[(1, 0.6609648)]
[(10, 0.18570909)]
[(10, 0.45602906)]
[(6, 0.28101662)]
[(4, 0.2755189)]
[(13, 0.16240145)]
[(1, 0.11568823), (5, 0.2752822), (20, 0.10493297)]
[(5, 0.10960941)]
[]
[(4, 0.105904214)]
[(14, 0.13358109)]
[]
[(4, 0.1789142)]
[(10, 0.101169154), (11, 0.2063056)]
[]
[(5, 0.10911263), (10, 0.122008264)]
[(13, 0.38828453)]
[(3, 0.10771448)]
[(5, 0.24330512), (15, 0.23038353)]
[(4, 0.22040012)]
[]
[(10, 0.21193337)]
[(4, 0.2522575)]
[(18, 0.28272086)]
[(4, 0.106606245), (15, 0.25199527)]
[(17, 0.17674881)]
[(10, 0.18621388)]
[]
[(2, 0.10501419), (5, 0.11640171)]
[(4, 0.18344244)]
[(2, 0.10010364), (15, 0.11082481)]
[(4, 0.1605323)]
[(14, 0.27991295)]
[(14, 0.23813716)]
[(17, 0.14526728)]
[(15, 0.26444748)]
[(2, 0.114636265), (15, 0.11178851), (16, 0.110835806)]
[(14, 0.2564231), (20, 0.18563573)]
[(4, 0.2656572)]
[(4, 0.15883027)]
[(2, 0.1328397), (7, 0.3022152)]
[]
[(0, 0.2516737), (18, 0.41039717)]
[(13, 0.20709527)]
[(3, 0.1731534), (10, 0.20844433)]
[(4, 0.46924275)]
[(1, 0.14898789)]
[(10, 0.23579569), (15, 0.23280591)]
[(16, 0.13595136)]
[(14, 0.39754784)]
[(20, 0.12727638)]
[(6, 0.16083577), (10, 0.1263645)]
[]
[(4, 0.2617473), (5, 0.102735355)]
[(6, 0.17156726)]
[(3, 0.10067955), (5, 0.15258278)]
[(18, 0.18460922)]
[(16, 0.14410801)]
[(15, 0.110397354)]
[(4, 0.4099807)]
[(5, 0.15963769), (10, 0.11246323), (16, 0.17055161)]
[(11, 0.15719624), (15, 0.10130758)]
[]
[(10, 0.117101744), (15, 0.16116673)]
[(12, 0.17741959)]
[(4, 0.19658683)]
[(13, 0.5083195)]
[(11, 0.20305556)]
[(10, 0.13794781)]
[(1, 0.11389763), (4, 0.10464002)]
[(9, 0.16223413)]
[(10, 0.12357184), (11, 0.12220111)]
[(1, 0.107963465), (15, 0.3060654)]
[(15, 0.12166339)]
[(11, 0.30066687)]
[(4, 0.15117428), (12, 0.1015984), (20, 0.10264955)]
[(11, 0.11653985)]
[]
[(2, 0.24226676), (7, 0.1114861)]
[(4, 0.1463435)]
[(19, 0.14661428)]
[(1, 0.14144123), (14, 0.14377713), (19, 0.10532292)]
[(2, 0.121981025)]
[(3, 0.29618433), (4, 0.21267599)]
[(11, 0.24106862), (16, 0.14759536)]
[(2, 0.1332681), (11, 0.32481256)]
[(1, 0.21393988), (18, 0.10994221)]
[(4, 0.35067564), (8, 0.10909597)]
[(11, 0.12074747)]
[(10, 0.1345339)]
[(4, 0.20132484), (14, 0.13346498)]
[(9, 0.27754432)]
[(4, 0.19412528)]
[(13, 0.1358721)]
[(7, 0.12121974)]
[]
[(18, 0.5443315)]
[(18, 0.10691536)]
[(10, 0.45469883)]
[(2, 0.1089138), (16, 0.1601183)]
[(3, 0.12524039), (12, 0.130458), (13, 0.14510484)]
[]
[(7, 0.12011481), (10, 0.29334545)]
[]
[]
[(12, 0.121046215), (17, 0.15108712)]
[(4, 0.14415911), (18, 0.11087392)]
[(7, 0.10594791), (15, 0.12964588)]
[(4, 0.107504986)]
[(17, 0.11664532), (20, 0.11198114)]
[(10, 0.104005665)]
[(14, 0.3905795)]
[(15, 0.14944713)]
[(10, 0.17847358)]
[(4, 0.123437576)]
[(4, 0.29862446)]
[(4, 0.3103088), (8, 0.10647259)]
[(5, 0.13684799), (10, 0.16731423)]
[(6, 0.15677842)]
[(14, 0.14717923)]
[(5, 0.13178484)]
[(10, 0.38188222)]
[(0, 0.25349355)]
[(0, 0.15537858), (14, 0.14061652), (20, 0.16869093)]
[(4, 0.5730778)]
[(17, 0.16235423)]
[(1, 0.12607639), (13, 0.20035116)]
[(11, 0.117781274)]
[]
[]
[(10, 0.13466886)]
[(0, 0.10166878), (14, 0.16399588)]
[(5, 0.1765534)]
[(15, 0.19391036)]
[(6, 0.15088816), (11, 0.1627337)]
[(4, 0.18308605), (8, 0.11501859)]
[]
[(1, 0.10792238)]
[(11, 0.10529983)]
[(5, 0.13760795)]
[(10, 0.13908185), (11, 0.13900033)]
[(5, 0.3754822), (14, 0.123920776)]
[(10, 0.18159859), (11, 0.13004145)]
[(10, 0.3273404)]
[(3, 0.10320647)]
[(4, 0.3382849)]
[(7, 0.8139563)]
[(9, 0.3390323)]
[]
[(1, 0.2048293)]
[(10, 0.10269608)]
[(16, 0.101770885)]
[(15, 0.10589608)]
[(14, 0.12957053)]
[(9, 0.40319958)]
[(16, 0.13592568)]
[(7, 0.1373874), (15, 0.14933053)]
[(7, 0.20832169), (11, 0.12251283)]
[(10, 0.118204124)]
[(1, 0.18713206), (2, 0.110896416)]
[]
[(10, 0.12122168), (11, 0.5500425)]
[]
[(4, 0.23607635)]
[(11, 0.1953878), (15, 0.12793507)]
[(4, 0.17478803), (7, 0.15550417)]
[(15, 0.29462552)]
[(9, 0.42369813)]
[]
[(5, 0.13077487), (16, 0.17839864)]
[(5, 0.34594378), (10, 0.17715265)]
[(6, 0.24278355)]
[(15, 0.11130229)]
[(12, 0.26611772)]
[(13, 0.25317833)]
[(1, 0.107813984), (14, 0.1583789)]
[(4, 0.18344717)]
[(4, 0.119665004), (14, 0.104055725)]
[(4, 0.3816629)]
[(5, 0.62127346)]
[]
[]
[(3, 0.11008929)]
[(18, 0.30017984)]
[(5, 0.112241134), (14, 0.19341336)]
[(5, 0.28160495)]
[]
[]
[(17, 0.18128407)]
[(0, 0.42103934), (14, 0.13802658), (20, 0.14777172)]
[(6, 0.3173296)]
[(9, 0.2084096)]
[(1, 0.122895546)]
[(14, 0.15205488)]
[(12, 0.14499071), (17, 0.15914898)]
[]
[(2, 0.17521124)]
[(14, 0.14224751), (20, 0.10023029)]
[(15, 0.21270464)]
[(15, 0.2553231)]
[(18, 0.149594)]
[(15, 0.10454842)]
[(14, 0.12642856), (17, 0.1999695)]
[(4, 0.15138796)]
[(4, 0.7409177)]
[(7, 0.4123079), (10, 0.14840987)]
[(3, 0.1082426), (9, 0.1379975)]
[(0, 0.14594005), (14, 0.1526442), (20, 0.12101557)]
[(11, 0.11302888)]
[(14, 0.19903706)]
[(14, 0.11615095), (18, 0.1268303)]
[(4, 0.12915914)]
[(19, 0.14803791)]
[]
[(17, 0.12667243), (18, 0.15921205)]
[(17, 0.110917196)]
[(5, 0.22422361)]
[(14, 0.109351955)]
[(14, 0.26391965)]
[(14, 0.62676847)]
[(14, 0.16502085), (20, 0.11251703)]
[(4, 0.29547974)]
[(4, 0.3679848)]
[(12, 0.23123287)]
[(1, 0.18532471), (2, 0.110971585)]
[(15, 0.25449777)]
[(0, 0.2072974), (20, 0.24893391)]
[(7, 0.10047954)]
[(13, 0.10796647)]
[(1, 0.11105121), (18, 0.10799731)]
[(4, 0.14578694), (14, 0.14947379)]
[(14, 0.1563871), (18, 0.11593011)]
[(4, 0.10931068), (12, 0.14556788)]
[(6, 0.26893198), (7, 0.10060725)]
[(4, 0.2655351), (8, 0.18634024)]
[(4, 0.20205267), (7, 0.10059317)]
[(5, 0.16666675)]
[(13, 0.12909065)]
[(11, 0.10506624)]
[]
[(10, 0.13812244), (15, 0.25937235)]
[(11, 0.40424845)]
[(7, 0.10979706), (15, 0.21734956)]
[]
[(12, 0.10511721)]
[(14, 0.15361233)]
[(10, 0.11294318)]
[(5, 0.11241891), (14, 0.11867596), (20, 0.111099355)]
[(11, 0.29508072)]
[(10, 0.15750906), (11, 0.2920211)]
[(0, 0.10560573), (1, 0.10149508), (20, 0.12355483)]
[(6, 0.15151858), (16, 0.15423279)]
[]
[(10, 0.15113996)]
[(5, 0.15967715)]
[(2, 0.23830537)]
[(4, 0.22029555), (9, 0.10355433)]
[(7, 0.2046245), (11, 0.15610479)]
[(9, 0.19789985), (12, 0.11440452)]
[(2, 0.1257251), (15, 0.12552546)]
[(7, 0.14692487), (9, 0.1017098)]
[(9, 0.13600503)]
[(3, 0.12255689), (11, 0.13444723)]
[(13, 0.119014986)]
[(10, 0.11972863)]
[(7, 0.112700306), (15, 0.122858174), (16, 0.13358082)]
[(3, 0.13822697), (4, 0.29422915)]
[(10, 0.11064035), (11, 0.10036213)]
[(14, 0.38647503), (20, 0.12170714)]
[(12, 0.12385013)]
[(16, 0.13787967)]
[(3, 0.14188653), (4, 0.24705578)]
[]
[(11, 0.13132267), (13, 0.10849357), (15, 0.1528831)]
[(4, 0.19858316)]
[(13, 0.10476965)]
[]
[]
[(5, 0.24299647)]
[(5, 0.13074662), (10, 0.17386913)]
[(20, 0.21471879)]
[(1, 0.12291516), (14, 0.13833904), (18, 0.14751844)]
[]
[(9, 0.10967134), (16, 0.114697516)]
[(7, 0.21909392), (10, 0.13061748)]
[(8, 0.17767172), (14, 0.10460676), (20, 0.118060656)]
[(11, 0.11697409)]
[(15, 0.16327164)]
[(15, 0.18565406)]
[(17, 0.1292159)]
[(8, 0.108031586), (20, 0.10211658)]
[(10, 0.19664305)]
[(3, 0.11278526)]
[(0, 0.12670694), (17, 0.1734602), (20, 0.1058937)]
[(5, 0.2325302), (11, 0.13049915)]
[(18, 0.21799815)]
[(1, 0.13177067)]
[(19, 0.48759645)]
[(19, 0.42702788)]
[(4, 0.10309429), (12, 0.138391), (20, 0.12863502)]
[(4, 0.23062122)]
[(10, 0.1096227), (11, 0.20254254)]
[(0, 0.10278817), (12, 0.10049316)]
[(4, 0.12623118), (9, 0.109844185)]
[(5, 0.10720269)]
[(6, 0.10887684)]
[(0, 0.12322466), (14, 0.10136507), (20, 0.19151789)]
[(4, 0.10460778)]
[(10, 0.19481078)]
[(11, 0.12329873), (16, 0.10940726)]
[(5, 0.16994482), (11, 0.17346232)]
[(9, 0.10087396), (12, 0.23044403)]
[]
[]
[(15, 0.12698999)]
[(5, 0.20139188), (10, 0.13677374), (15, 0.10495073)]
[(14, 0.2653964), (18, 0.11509399)]
[]
[]
[(1, 0.1224807), (4, 0.13575311), (13, 0.10595192)]
[(19, 0.12133285), (20, 0.1059831)]
[(7, 0.15434414), (11, 0.34711576)]
[(4, 0.12483186)]
[(5, 0.18757161), (10, 0.14462471)]
[(6, 0.408309)]
[(15, 0.15459934), (19, 0.10441104)]
[(0, 0.28446), (14, 0.31099093)]
[(19, 0.118081324)]
[(4, 0.12170406), (7, 0.10371274), (12, 0.104627624), (14, 0.12854272)]
[(0, 0.20420574)]
[(5, 0.11507775), (6, 0.17449492), (16, 0.13234702)]
[(7, 0.11812355)]
[(6, 0.16306955), (7, 0.13761328), (15, 0.10485501)]
