4563 9 0.25434452
4479 1 0.22552322
4420 11 0.13724944
4413 4 0.1787643
4403 11 0.2964991
4389 11 0.25546443
4382 0 0
4375 11 0.18954831
4364 11 0.16904826
4232 11 0.18260565
4217 4 0.11890837
4150 12 0.2022272
4103 4 0.22967581
4031 11 0.32653716
4019 11 0.1854659
3987 1 0.20060946
3979 4 0.22924036
3954 1 0.16271758
3919 11 0.16609195
3918 4 0.28671464
3835 8 0.13459507
3826 11 0.15229367
3787 1 0.15206426
3781 11 0.1192084
3752 11 0.13039394
3713 11 0.1319453
3662 0 0
3656 12 0.13925795
3643 11 0.11748163
3598 1 0.21078062
3409 11 0.24338628
3398 9 0.19600011
3378 0 0
3317 4 0.13663591
3287 12 0.31204578
3269 11 0.26155895
3264 0 0.17673786
3263 8 0.12147614
3211 8 0.19862129
3191 11 0.16333535
3190 11 0.39437973
3165 11 0.3405508
3159 11 0.43495366
3119 11 0.21210422
3097 11 0.25452235
3058 11 0.2446512
3027 12 0.24599868
3020 11 0.25241303
2972 11 0.21082148
2951 11 0.2222326
2921 11 0.37663513
2914 11 0.29893315
2913 11 0.42276925
2887 3 0.13322471
2802 4 0.16090961
2793 1 0.19358744
2776 11 0.24468416
2756 11 0.2355807
2753 11 0.3403229
2735 9 0.24462302
2708 11 0.50769526
2690 12 0.46712062
2673 11 0.44534263
2659 11 0.32547474
2656 11 0.20453644
2646 11 0.17018957
2637 8 0.11365855
2634 1 0.11562993
2633 11 0.18361756
2624 0 0.12786755
2619 11 0.23656355
2611 8 0.1315281
2592 8 0.11732413
2568 12 0.22484046
2560 11 0.20714945
2549 11 0.3491525
2527 11 0.16173726
2472 8 0.11295126
2413 11 0.23187163
2333 11 0.3347885
2316 11 0.35427988
2221 4 0.19747086
2153 1 0.2608925
2145 4 0.18401468
2117 11 0.45120308
2106 1 0.24738133
2069 4 0.5939454
1981 11 0.23718022
1788 4 0.13166668
1771 11 0.39454457
1692 11 0.1367818
1672 11 0.22656189
1638 6 0.13809736
1624 11 0.3625548
1579 1 0.23516493
1528 1 0.23004743
1464 11 0.12874725
1458 11 0.13744903
1430 11 0.28842202
1391 11 0.20088455
1348 1 0.10481851
1347 0 0.21632528
1335 8 0.24611476
1327 11 0.12757382
1270 11 0.32321218
1255 11 0.14174008
1222 10 0.18524857
1161 8 0.24456444
1158 11 0.18843952
1130 1 0.18084934
1107 8 0.34877276
1055 8 0.2597461
1051 8 0.13655715
1041 1 0.12458113
1032 11 0.18163769
943 4 0.1229319
942 5 0.12402357
882 11 0.41349012
877 11 0.29740605
834 11 0.38274264
801 0 0.20706849
789 11 0.16133264
687 11 0.13037568
668 11 0.17636229
661 12 0.20105119
646 4 0.15873979
633 4 0.1545119
620 1 0.11140279
597 4 0.20478225
559 4 0.21126659
550 8 0.1627914
426 7 0.11008727
342 4 0.31869283
245 8 0.122841366
204 11 0.30973786
189 11 0.21756192
162 0 0
128 8 0.126656
45 11 0.14344682
28 1 0.2185112
14 12 0.109470464
3018 3 0.27093673
2956 12 0.1801575
2809 8 0.15511063
2712 8 0.18492027
2693 11 0.27871615
2365 0 0.18687087
2254 8 0.14378504
2138 4 0.19077168
1944 1 0.17411366
1744 1 0.18729304
1725 4 0.114309706
1272 5 0.1393223
1157 4 0.18728784
1027 1 0.12800954
1025 4 0.12105012
918 11 0.27200273
749 8 0.20128654
172 1 0.15062015
171 4 0.14748195
90 4 0.13378276
52 1 0.24528416
2151 9 0.16896525
2143 0 0
1681 1 0.14949055
1410 1 0.10127841
672 1 0.19656076
668 4 0.13533248
410 2 0.11964857
304 9 0.15862206
576 4 0.1044862
491 4 0.28092194
483 1 0.11967867
470 0 0
176 8 0.10756643
158 1 0.15359835
1529 12 0.22269996
1268 13 0.17540473
626 1 0.10661047
363 5 0.12146723
23 0 0.17252436
6585 8 0.19065501
6582 8 0.28538132
6439 8 0.1712592
6418 4 0.18801193
6286 8 0.21168175
6201 10 0.23646879
6058 1 0.2171746
5951 8 0.1544522
5900 11 0.14684571
5800 8 0.15157472
5661 0 0.2708114
5565 12 0.13055128
5557 9 0.16986968
5497 6 0.13210247
5488 8 0.2731085
5388 2 0.1435316
5212 8 0.13421595
4971 8 0.30954155
4966 6 0.18894312
4453 0 0.100583725
4415 0 0
4383 8 0.186265
4325 5 0.17253733
4303 8 0.10986893
4257 8 0.3799307
4129 8 0.38230968
3908 8 0.16109169
3899 8 0.21153054
3724 8 0.28032985
3706 9 0.27356946
3579 12 0.16434349
3012 9 0.11078052
2933 1 0.37213144
2916 8 0.29589397
2835 8 0.3464711
2669 8 0.12479534
1958 8 0.17962253
1919 0 0
1885 8 0.32873747
1694 1 0.24566299
1625 8 0.2929253
1301 8 0.13224703
1216 9 0.20439833
949 8 0.37952378
878 10 0.23981428
625 4 0.16451283
705 8 0.12589975
624 6 0.27758554
387 9 0.16280413
29 8 0.1040651
27 1 0.1911539
393 9 0.15063903
364 9 0.16021167
282 1 0.15654333
254 0 0.13593364
241 1 0.14947215
218 12 0.11813539
171 0 0.18086694
154 9 0.100768514
483 9 0.12577026
478 7 0.16610299
352 7 0.14503501
309 9 0.121796414
304 9 0.3936901
288 0 0
276 7 0.15423562
259 4 0.13450561
251 1 0.1124077
68 9 0.12815101
916 11 0.2666988
766 7 0.1034494
723 0 0.13504906
440 11 0.18078293
886 13 0.12269117
401 8 0.13567631
100 2 0.10613423
296 1 0.10786393
242 8 0.19014406
706 4 0.14094281
4034 5 0.20998114
3930 9 0.15272784
3518 8 0.11509456
3476 9 0.2291569
3013 9 0.29437464
2790 9 0.18587369
2401 9 0.22419718
816 9 0.5512502
109 10 0.15667644
709 11 0.20918183
677 7 0.124110915
542 11 0.33563334
523 1 0.10052175
522 10 0.10852314
505 0 0
425 8 0.25288072
373 11 0.13815244
161 8 0.28442022
52 7 0.24269933
15 11 0.14094307
2022 9 0.15655491
1711 0 0.120695986
1641 0 0.116087504
818 1 0.20019484
684 8 0.14676374
295 8 0.1725346
256 8 0.14999792
238 4 0.11696107
1299 4 0.5095993
42 8 0.122352436
3255 9 0.16837323
1682 6 0.13131784
633 9 0.19151801
148 4 0.11889295
97 1 0.2201729
1292 12 0.18237334
1284 8 0.14032413
1120 4 0.104516454
550 8 0.13601805
2521 1 0.12138561
2439 3 0.24884295
2241 4 0.15836538
1888 9 0.35708126
1865 5 0.10979218
1480 6 0.1456331
1459 1 0.1441038
1422 11 0.26773548
1107 11 0.17615914
940 11 0.17195475
756 0 0.17697816
755 0 0.20474458
736 4 0.12435317
712 4 0.24047081
534 4 0.12161209
533 12 0.117509164
516 4 0.24471636
490 10 0.13928573
131 11 0.449007
31 11 0.3034109
5 12 0.13216451
8965 11 0.12232073
8927 0 0.1818723
8918 0 0.47002435
8699 12 0.12724257
8694 0 0
8692 13 0.13754724
8567 10 0.17779805
8549 3 0.13636541
8533 4 0.30386797
8446 11 0.14397486
8364 13 0.19697268
8355 9 0.12885368
8309 4 0.2527994
8307 4 0.29680333
8306 4 0.25316462
8269 3 0.21648997
8242 9 0.14880064
8222 3 0.20602055
8221 3 0.2235433
8197 4 0.2905952
8184 0 0.13644496
8008 3 0.21863592
8006 3 0.21583512
8003 9 0.3251331
7879 0 0.3043307
7854 0 0.15550128
7838 11 0.22978666
7725 12 0.23061712
7697 9 0.14799932
7583 12 0.15172176
7551 3 0.18730153
7537 3 0.25426018
7486 12 0.21704184
7441 4 0.23422512
7392 3 0.46744758
7390 3 0.26360542
7312 2 0.13113879
7273 3 0.13701768
7257 0 0
7200 11 0.26290902
7195 0 0
7148 11 0.12948607
6969 4 0.2124123
6967 9 0.17723659
6962 8 0.11376807
6924 3 0.21642429
6915 3 0.1637587
6846 12 0.21326011
6756 0 0.43037885
6538 12 0.25510624
6528 12 0.25987664
6404 4 0.15599665
6393 3 0.10403763
6343 13 0.11426149
6298 0 0.18690719
6235 0 0.18439536
6153 3 0.31791428
6003 3 0.18766312
5670 0 0
5643 3 0.17948627
5590 0 0
5417 0 0.24214053
5221 3 0.23088565
5181 0 0.23790012
5036 8 0.1306998
5032 3 0.2714275
4987 8 0.10172398
4735 8 0.16332243
4713 10 0.119072944
4538 3 0.17315952
4306 2 0.10364646
4045 0 0
3721 3 0.1672243
3508 9 0.13278906
3500 3 0.25865906
3468 10 0.12003477
3414 4 0.11041035
3407 8 0.11260695
3265 3 0.44502893
3037 9 0.13058025
2917 3 0.106836356
2564 11 0.10156309
2539 4 0.1752579
2456 9 0.14674015
2146 11 0.15343776
1998 7 0.11398943
1951 5 0.1263559
1948 11 0.22927625
1884 3 0.19034183
1844 6 0.27861884
1795 11 0.14591151
1771 5 0.17116404
1689 3 0.18504296
1578 0 0.13000661
1573 3 0.16874495
1446 12 0.1463562
1432 3 0.23112269
1410 3 0.14471726
1394 3 0.4009404
1385 7 0.17093268
1337 9 0.13237081
1256 2 0.1194336
1214 11 0.18284418
1202 11 0.15424694
1181 11 0.28159502
1174 10 0.35568947
1156 4 0.12402911
1114 0 0
973 5 0.13843706
934 3 0.16779456
899 0 0.12967353
892 3 0.35032535
852 0 0.17480458
773 11 0.1882367
560 11 0.13034427
464 3 0.15729766
415 3 0.15113494
405 11 0.19515902
340 0 0.1480869
49 3 0.22947027
23 3 0.19513781
21 5 0.114770964
5 6 0.12468162
363 7 0.20013425
338 0 0
488 9 0.3449481
468 1 0.16366182
324 1 0.113117225
377 4 0.15517588
688 9 0.11216609
671 11 0.11251333
601 7 0.20137471
576 13 0.16084108
471 13 0.17618626
465 7 0.10888544
432 7 0.10387478
427 4 0.101855166
343 13 0.13583808
335 7 0.14517373
163 5 0.1579725
161 7 0.23236097
159 10 0.1734738
131 4 0.13297966
600 11 0.229316
564 1 0.12172031
557 5 0.119959824
534 11 0.35777023
501 4 0.3028708
482 11 0.1274472
469 1 0.17828642
429 8 0.17081982
406 11 0.3453286
398 8 0.10053571
371 8 0.11849306
331 4 0.2208871
328 11 0.31304082
304 9 0.15198699
280 0 0.16055472
220 11 0.19630143
188 11 0.18650794
165 11 0.16116446
137 11 0.25178277
133 4 0.21384636
132 4 0.1321616
103 10 0.130589
96 1 0.10515819
48 11 0.18188962
725 7 0.11239608
23 0 0
707 4 0.18751307
514 12 0.24097803
307 4 0.1426224
703 8 0.10571614
665 1 0.101827405
245 8 0.30073136
145 10 0.1246069
98 8 0.18867806
217 12 0.12944646
3 8 0.11533118
3669 7 0.18689047
3662 7 0.50680715
3640 7 0.26512808
3601 7 0.278934
3562 7 0.23166686
3539 7 0.40951368
3512 7 0.13221599
3398 7 0.3687965
3332 7 0.19050747
3324 7 0.15415028
3171 7 0.33091083
3152 7 0.29165843
2996 7 0.5576248
2995 7 0.3938945
2979 7 0.1874765
2946 7 0.15737683
2945 9 0.20968261
2893 7 0.41733524
2862 7 0.1884593
2833 7 0.27767557
2798 7 0.17572364
2797 7 0.3143159
2707 3 0.1933777
2627 7 0.23066853
2619 7 0.5714692
2618 8 0.11716074
2601 5 0.1474557
2586 7 0.45601258
2570 7 0.1923142
2535 7 0.30978715
2526 7 0.46174103
2509 7 0.26427835
2508 7 0.2686643
2503 7 0.6080731
2464 7 0.19905484
2427 7 0.1503539
2426 7 0.2773812
2418 7 0.27761465
2405 9 0.15981236
2381 7 0.21966255
2308 7 0.17468308
2279 7 0.23518534
2247 7 0.44317284
2242 9 0.15793176
2189 7 0.21431774
2181 7 0.22309326
2135 7 0.25121439
2078 11 0.24452731
2005 11 0.19666505
1950 7 0.24302123
1947 7 0.2903063
1945 7 0.21626617
1895 7 0.32025537
1865 7 0.41134867
1863 7 0.3399941
1731 7 0.2919893
1722 7 0.36308056
1704 7 0.29873037
1680 7 0.42093837
1675 7 0.38266283
1627 7 0.2663012
1583 7 0.44825983
1573 7 0.49478972
1555 7 0.4034963
1543 7 0.7757125
1514 7 0.3209802
1511 7 0.28274363
1489 7 0.39377093
1457 7 0.8244397
1387 7 0.23736109
1379 7 0.44061506
1368 7 0.2595314
1362 7 0.33023337
1361 7 0.29740286
1214 7 0.3469893
1176 7 0.5231138
1164 7 0.44307804
1145 7 0.28452098
1065 7 0.56996715
1057 7 0.2943617
1043 7 0.5311278
1020 7 0.31132355
1005 7 0.35565943
957 1 0.1976171
950 7 0.33695984
915 7 0.34691665
894 7 0.35481933
890 7 0.5106089
859 7 0.5144002
856 7 0.30190918
799 7 0.42253128
792 7 0.19274102
781 7 0.2441599
767 7 0.2923545
763 7 0.34226012
739 7 0.2616601
703 7 0.19800054
660 5 0.18679632
653 7 0.25621793
560 7 0.4388072
553 7 0.415705
548 7 0.41360217
520 7 0.17025799
415 7 0.24680185
414 7 0.16766363
382 7 0.2117391
263 7 0.3104087
145 7 0.22608157
126 7 0.2811422
123 1 0.15346998
105 9 0.33719575
992 4 0.12744361
344 5 0.13548343
779 9 0.11087054
147 4 0.13381486
132 4 0.23139097
131 4 0.1420554
349 8 0.16567604
291 1 0.6101577
2370 10 0.16285427
2260 7 0.20127812
1995 10 0.22349635
1612 10 0.108000636
1478 4 0.24544781
1392 10 0.14669216
1269 9 0.27456778
539 11 0.25210196
375 3 0.16659606
1702 4 0.17279749
1546 6 0.31411943
1537 4 0.1548297
1501 3 0.11633666
1472 3 0.12372135
1385 4 0.11352305
1005 4 0.15117894
1001 9 0.18922919
974 4 0.20085959
966 4 0.18129306
741 4 0.23515621
404 9 0.13175814
274 4 0.2792993
252 3 0.19122733
222 0 0
586 1 0.15089358
517 1 0.15248443
518 4 0.11231702
108 1 0.14555511
1400 0 0.160546
1358 0 0.20698187
1157 0 0.19871366
1147 0 0.35191378
1142 1 0.1655566
1140 0 0.21785963
1127 0 0.14908367
1097 0 0.29887843
1086 12 0.13910216
1072 0 0.17125526
1067 0 0.2973257
1048 0 0.17510937
1027 4 0.19407725
991 4 0.2108975
969 4 0.16567415
925 0 0
922 4 0.24756473
900 4 0.45072323
870 4 0.476309
841 4 0.3610416
820 4 0.21466191
813 9 0.14192535
783 12 0.13432527
713 0 0.24482559
654 1 0.13203055
620 1 0.1753651
604 0 0.27008843
600 4 0.23656315
595 0 0.1656205
530 0 0.18128799
514 1 0.13310438
482 4 0.175638
450 2 0.11363324
434 0 0.16970173
429 0 0.108276404
406 6 0.13146761
382 0 0.12585412
374 2 0.1854871
356 5 0.23443353
336 11 0.2760465
331 0 0.16555299
301 2 0.48922238
299 0 0.11789537
277 3 0.17154773
253 2 0.14582789
240 0 0.17886314
230 2 0.17278464
197 0 0.15562023
188 2 0.21961866
182 11 0.17882937
165 0 0.3303135
159 0 0.11906483
143 0 0.17353487
142 0 0.18717806
139 11 0.3144397
138 11 0.17742069
134 12 0.13605063
106 0 0.1571681
104 1 0.3619148
102 0 0.18274589
97 0 0.1944688
95 5 0.18643446
91 0 0.19601047
90 0 0.123012625
85 0 0.22153252
82 0 0.16949166
67 0 0.17123392
63 1 0.14102852
56 1 0.16887471
43 0 0.2240686
34 0 0.20182355
27 0 0.24402086
249 9 0.13068098
246 9 0.24037062
242 9 0.3883199
226 9 0.15072937
208 9 0.19472037
182 9 0.31432644
179 8 0.1174807
164 9 0.15753454
149 9 0.3551252
115 9 0.2321572
86 0 0
55 9 0.18371741
45 8 0.20334075
41 9 0.36170906
8 10 0.13899419
53 3 0.24534318
10 1 0.20684221
471 4 0.14038171
449 12 0.12469404
424 12 0.15288131
362 11 0.1065984
345 4 0.11622209
24 8 0.1643965
1175 4 0.31624487
1015 1 0.13279532
831 1 0.300604
823 4 0.14143465
422 0 0
139 4 0.19134167
46 8 0.20100918
38 0 0
413 8 0.13566159
410 0 0
408 11 0.18264069
399 11 0.1346049
387 12 0.26878342
339 11 0.28663278
327 10 0.14545003
318 12 0.212084
314 11 0.3185567
303 6 0.10891684
296 2 0.17125672
292 2 0.12605265
285 1 0.14047661
284 2 0.11351646
283 11 0.1604167
269 1 0.15354061
263 11 0.17297603
240 11 0.20193917
226 0 0.19123186
193 5 0.13946727
175 9 0.117913514
152 4 0.14051622
134 11 0.24456598
128 12 0.17528823
105 9 0.13506292
95 11 0.24700247
88 0 0
4 1 0.21193695
1020 8 0.5630632
1019 8 0.47191373
858 4 0.13258016
846 11 0.15170796
619 11 0.15077332
594 0 0
576 11 0.20613484
536 12 0.14531644
433 11 0.16595966
432 11 0.16395067
411 11 0.18855093
378 9 0.112290226
332 11 0.13854414
301 8 0.18517919
280 3 0.130021
267 11 0.18085426
246 10 0.20094937
129 9 0.101908535
92 11 0.10958681
62 7 0.1123719
31 8 0.2649516
65 0 0
41 10 0.13666913
19 11 0.20473807
8 11 0.31298858
210 11 0.22828448
203 11 0.44190505
186 8 0.11290109
133 7 0.12902787
121 11 0.12399601
89 2 0.16795374
708 8 0.14041144
379 4 0.2243853
169 4 0.121459134
468 1 0.15681444
184 9 0.13124415
307 1 0.17811269
1081 5 0.14722086
1068 7 0.1565648
1059 12 0.13605382
1023 5 0.16598222
977 10 0.17255303
974 10 0.24830584
958 5 0.107216574
939 5 0.2674801
884 10 0.20322672
870 10 0.33260295
856 5 0.28253958
828 5 0.21047704
718 5 0.22105736
698 10 0.23912895
622 5 0.3308444
601 9 0.150803
549 5 0.14046082
548 5 0.20848498
526 5 0.20866925
521 5 0.20792267
503 5 0.27873582
489 5 0.18178669
480 5 0.2320047
436 5 0.18373756
432 5 0.36893943
423 5 0.17374355
416 9 0.13158813
364 10 0.27386442
345 5 0.2520362
325 5 0.27232918
317 10 0.16805607
303 5 0.16767761
237 10 0.5412394
228 8 0.1299472
185 7 0.1951718
174 5 0.311715
165 5 0.17448424
162 7 0.13090642
161 5 0.20759223
100 5 0.2037803
61 5 0.18936801
407 10 0.10215383
400 2 0.11715689
388 0 0
353 5 0.1163768
308 4 0.15512821
294 8 0.14165695
285 0 0
281 13 0.13155012
191 10 0.12722437
134 0 0
1355 9 0.2818183
1345 9 0.3514618
67 8 0.13570802
62 4 0.16428964
3 4 0.19870986
275 9 0.118060865
97 4 0.18238844
178 5 0.16147035
159 12 0.13085799
151 10 0.1726652
110 12 0.14844434
34 10 0.1367527
70 9 0.17287011
1064 9 0.3514128
1011 9 0.31356245
148 9 0.12181879
134 5 0.10300787
151 13 0.11168774
96 4 0.13187855
52 5 0.120712794
9 4 0.15629113
1272 12 0.25153047
495 1 0.10188141
204 1 0.13499579
299 3 0.15979128
11 13 0.112827204
254 8 0.12128675
248 10 0.13202436
157 4 0.13035592
155 4 0.15859891
1609 8 0.1427154
1587 9 0.26764107
1579 9 0.22966044
1559 9 0.18324824
1548 10 0.12569596
1541 9 0.28852373
1492 10 0.3814988
1491 10 0.12725517
1490 9 0.2110106
1471 9 0.32504168
1470 9 0.33615437
1428 10 0.32630965
1368 9 0.41190898
1364 9 0.27513155
1360 9 0.40457505
1332 1 0.12095736
1323 9 0.21107192
1302 1 0.24653643
1283 9 0.5153275
1218 9 0.37607163
1212 9 0.22127374
1191 9 0.4389435
1184 1 0.19539028
1172 7 0.11572995
1161 9 0.18384396
1155 9 0.1685213
1147 9 0.33668017
1140 9 0.19487005
1109 9 0.17237452
1059 4 0.26687253
997 11 0.26147774
955 9 0.5339423
896 9 0.57365596
852 11 0.16075103
840 9 0.38343805
834 9 0.11914248
822 9 0.5656538
821 9 0.37777773
820 9 0.39506423
798 4 0.10068269
731 9 0.35751957
720 9 0.43981102
685 9 0.1370224
684 9 0.13310218
680 9 0.32252726
584 9 0.4407752
562 9 0.38418862
538 9 0.13687359
523 9 0.3659814
473 4 0.14433828
433 9 0.58521384
402 3 0.14529042
389 0 0
386 11 0.30259836
385 10 0.1953121
358 9 0.29849398
326 9 0.46432096
293 9 0.14832793
280 9 0.41927743
269 9 0.25720447
227 9 0.52571476
216 9 0.39385447
205 9 0.23747887
196 9 0.41471577
177 5 0.14547864
176 9 0.2167661
163 9 0.31954968
150 9 0.16604905
114 9 0.35470584
48 9 0.2992711
34 9 0.3804569
263 0 0
134 2 0.1616124
129 9 0.3753433
42 1 0.14752617
162 1 0.10655715
124 0 0
51 1 0.17442147
67 11 0.11785332
32 9 0.12350103
218 9 0.19217935
177 9 0.15206826
14 9 0.14616452
642 0 0.5304797
228 0 0.19372585
10 4 0.18773416
98 0 0
369 1 0.26520064
47 4 0.19162227
134 3 0.20241292
229 7 0.22521715
227 7 0.2884103
215 7 0.24445875
182 7 0.17519478
161 7 0.28052485
146 5 0.13999228
119 7 0.31394646
118 7 0.32090423
62 5 0.15979739
23 7 0.2361457
12 9 0.16643097
8 7 0.23283987
36 4 0.34666783
21 4 0.31257668
1237 4 0.1449284
1168 1 0.17570478
588 1 0.1433667
544 1 0.21298571
542 11 0.10562653
9547 4 0.34242988
9382 5 0.31064808
9316 4 0.422232
8473 9 0.1364497
8083 7 0.106345996
7555 8 0.117649466
6776 13 0.13552518
6768 1 0.15478843
6716 1 0.10608494
5769 4 0.5258181
5075 1 0.13191774
4961 3 0.15208077
4932 5 0.10665317
4856 4 0.70036596
4775 4 0.31261593
4589 4 0.6904738
4033 1 0.16220038
3757 4 0.310909
3755 4 0.23175366
3208 1 0.15522063
3035 4 0.13230395
3034 4 0.14415659
3033 4 0.34636253
2908 8 0.11742439
2615 5 0.13745248
2494 4 0.104659624
2173 9 0.16348654
1096 9 0.16507776
929 4 0.13685353
915 4 0.10814988
316 0 0
146 9 0.11463645
130 9 0.17650127
28 0 0
23 9 0.10786745
16 1 0.21830809
1043 7 0.24410616
998 10 0.21699914
989 7 0.1061304
983 10 0.20099977
960 7 0.15997146
949 10 0.13128978
916 10 0.19282144
890 13 0.7270993
872 10 0.28131697
862 7 0.12860431
799 10 0.22895335
791 10 0.34146303
762 3 0.18212435
761 0 0
725 10 0.28350684
699 7 0.20900418
683 10 0.17465469
681 10 0.3558244
671 7 0.12133825
653 10 0.18995376
648 7 0.15076429
622 10 0.23406827
616 13 0.40969682
610 13 0.97829586
587 10 0.16451257
575 7 0.25788608
573 7 0.18530591
564 7 0.3883758
563 7 0.44589734
556 7 0.22767653
554 3 0.13011134
543 13 0.14793321
525 7 0.13409856
486 10 0.20132576
474 10 0.2383378
450 13 0.21347192
432 8 0.116541095
422 7 0.14573032
410 7 0.24034613
379 7 0.24965724
353 5 0.12930533
339 10 0.19299568
330 13 0.23964609
244 10 0.4728076
226 7 0.25602022
211 5 0.15420833
204 10 0.27399284
129 13 0.14295362
121 7 0.19744268
93 7 0.227778
81 10 0.4775004
539 4 0.20771402
510 4 0.24789841
448 10 0.12374283
405 11 0.21485394
107 1 0.114935465
84 1 0.14309111
365 10 0.12702344
334 8 0.12776881
276 0 0
150 10 0.15020692
80 1 0.14772646
65 4 0.11657655
57 4 0.11363922
54 1 0.18348086
35 1 0.16087583
69 4 0.10348623
36 8 0.12772708
20 9 0.108946785
196 0 0
111 9 0.111840166
60 9 0.14627033
11 4 0.14771892
27 0 0.11073209
75 10 0.22151798
60 4 0.15283644
32 0 0
683 3 0.20323603
668 9 0.20417151
645 11 0.13058795
274 4 0.2952905
29 1 0.1473376
95 4 0.14130607
257 1 0.2652275
96 4 0.12255222
89 3 0.16864358
92 13 0.26762643
3 10 0.12325407
187 11 0.15352109
68 4 0.17131788
34 4 0.1742298
482 9 0.16609944
455 10 0.20866962
430 9 0.21496224
261 12 0.15113132
237 9 0.110060304
4 6 0.223533
143 4 0.60212934
132 3 0.15560445
119 9 0.14999123
112 0 0
105 11 0.14806373
102 9 0.2996204
88 11 0.15270084
81 9 0.16538931
53 9 0.22121915
43 9 0.20749743
38 9 0.16997266
33 9 0.20352134
27 9 0.19151683
16 9 0.2833085
11 9 0.121587284
10 11 0.1913105
9 11 0.14113192
56 4 0.13230053
468 8 0.13399197
463 11 0.18884917
433 3 0.11034151
412 7 0.32541087
367 9 0.18783219
364 7 0.1536232
355 11 0.16911091
337 11 0.21509281
325 9 0.26185092
309 11 0.5122451
284 4 0.48312965
261 9 0.26953614
249 9 0.10897369
81 0 0
78 3 0.109430045
76 9 0.1212772
71 12 0.10976253
67 3 0.15468314
55 11 0.14676836
46 7 0.22083569
40 9 0.21468958
33 9 0.1316182
30 4 0.41673848
23 7 0.17227197
5 9 0.2408412
457 0 0.14854605
436 4 0.33118016
412 11 0.26032498
409 4 0.14099708
341 11 0.11805776
340 11 0.2577365
334 11 0.1961055
304 8 0.10915747
288 4 0.20218505
262 5 0.13526453
241 11 0.23383747
192 11 0.35992408
121 11 0.24756767
108 1 0.13886106
79 4 0.20466493
48 4 0.23438299
37 1 0.14882992
7 4 0.120110996
323 1 0.21831773
302 8 0.17056485
146 10 0.12742841
66 2 0.10457123
80 8 0.28081122
56 4 0.24029039
655 0 0.19804396
646 0 0.24088806
556 0 0.2497898
498 9 0.1910548
290 0 0.18304972
137 0 0.217217
12 2 0.13101465
7 0 0.38399217
594 12 0.17127639
530 7 0.19914317
332 3 0.1158186
281 6 0.11589126
176 4 0.13093188
95 9 0.14934233
586 7 0.119821966
584 12 0.13546036
570 7 0.14844547
535 7 0.12671155
512 8 0.12967871
481 7 0.23259269
362 7 0.11964727
359 7 0.13681068
345 7 0.18732262
271 5 0.17261036
270 7 0.23909062
260 7 0.15129678
240 4 0.1881103
209 7 0.15817036
300 3 0.1156367
214 1 0.30277148
63 1 0.17100088
107 1 0.15897597
117 9 0.12684353
114 11 0.13842909
108 9 0.20021857
97 9 0.13275833
96 7 0.14286013
69 9 0.16304904
68 9 0.24009372
67 9 0.25018597
66 9 0.3525078
53 9 0.22371744
50 11 0.114455946
7 9 0.21582863
194 11 0.23151161
362 4 0.108954854
235 4 0.14672364
29 1 0.13995744
461 4 0.17875414
232 4 0.14598766
111 4 0.16771051
33 1 0.1975376
8 1 0.12184549
334 5 0.14708915
312 0 0.1217516
294 0 0.21790056
292 0 0
277 0 0.17490895
189 9 0.17695032
185 5 0.15306596
27 0 0.17214613
10 0 0.14058796
242 9 0.167739
215 9 0.17461619
208 9 0.19876039
160 9 0.24291267
106 9 0.17189431
92 9 0.2092821
90 9 0.27269804
79 9 0.13166013
75 9 0.6419569
48 8 0.1113722
29 9 0.84037805
163 5 0.27435762
152 0 0
74 2 0.14400719
1205 9 0.11263
1164 0 0
1150 11 0.143852
1139 0 0
1130 11 0.186613
1122 3 0.23087277
1104 3 0.13779548
1103 5 0.14148305
1093 11 0.11335162
1083 5 0.12549424
1079 11 0.34424302
1071 11 0.33271107
1053 11 0.31683964
1046 3 0.18031694
1043 5 0.20671016
1007 11 0.2841361
993 3 0.1391381
983 5 0.17686357
924 11 0.17950137
902 1 0.18823224
889 11 0.16278705
847 11 0.3647664
825 11 0.30350602
807 3 0.18723303
799 11 0.23966794
764 5 0.24198294
733 3 0.1842512
725 3 0.35810554
719 13 0.10538819
673 6 0.16622275
643 11 0.15219465
621 3 0.17044486
603 12 0.1973065
600 3 0.20363489
595 1 0.10061612
594 5 0.14112817
570 5 0.10091896
548 11 0.23412749
532 5 0.14042243
529 5 0.15710479
521 0 0.120264694
515 0 0
511 3 0.14368382
506 5 0.33699146
472 0 0
431 7 0.14322986
420 3 0.10698445
404 10 0.117862016
363 3 0.14947797
329 11 0.13451889
248 9 0.20135072
226 11 0.26153105
223 11 0.12322716
186 11 0.2621022
123 2 0.12127404
121 11 0.12044166
120 0 0.2883
113 10 0.11476792
111 11 0.32921195
106 11 0.23449914
102 11 0.3446074
93 3 0.13068387
92 11 0.13228628
91 11 0.2933318
79 11 0.17466694
78 11 0.5420262
67 11 0.199347
64 11 0.49038267
59 11 0.17384341
53 11 0.3734485
339 0 0.13018656
333 1 0.185567
112 6 0.14371233
67 1 0.14658053
341 9 0.1350559
337 9 0.12214184
179 10 0.15287419
29 5 0.13984527
393 11 0.2766587
340 8 0.13624822
331 10 0.11476528
323 4 0.1271791
89 4 0.12955756
47 8 0.1090737
69 4 0.1989315
1474 0 0.3308636
1301 6 0.14095008
1203 0 0.19671474
1144 1 0.20879853
1143 12 0.18106517
1065 0 0.21439536
1058 6 0.14447904
1005 0 0.21334349
920 11 0.27845344
878 6 0.10910521
876 0 0.17310277
808 6 0.1463033
792 1 0.12702371
761 5 0.13170154
695 11 0.11386382
638 12 0.20298831
566 0 0.12542094
556 12 0.14177978
511 0 0
451 12 0.27036545
439 8 0.119275846
429 1 0.14231743
306 4 0.10503134
252 8 0.123869784
189 0 0
71 1 0.13756646
343 9 0.148402
133 4 0.10961317
72 9 0.2289991
70 9 0.13861108
58 9 0.1566501
41 0 0
438 8 0.10888509
406 5 0.1411762
388 5 0.50519234
378 5 0.16021484
132 3 0.110621564
111 5 0.11507158
12 8 0.116310485
559 1 0.20162676
242 9 0.17897
182 9 0.2576561
157 6 0.13017848
531 8 0.10559375
521 3 0.2183103
458 3 0.119811565
342 9 0.12476042
320 8 0.11436693
269 6 0.11910625
153 8 0.22077669
96 8 0.31319472
52 1 0.11470163
319 4 0.15716659
416 5 0.16833727
406 5 0.12748076
405 0 0.14473008
382 5 0.17063756
381 5 0.15738635
364 8 0.12255332
343 5 0.32400188
331 5 0.606366
328 5 0.20143147
307 0 0
291 5 0.2565157
261 5 0.10700436
260 5 0.16084257
255 5 0.19560629
250 0 0.14827603
216 5 0.18471763
211 5 0.27697545
195 12 0.20750234
173 5 0.45123768
167 9 0.15410863
164 5 0.307149
162 5 0.21999943
157 9 0.15085769
143 5 0.24140298
142 0 0.21753453
131 12 0.5263344
123 5 0.33536014
121 12 0.24293351
118 5 0.5804245
108 4 0.11876519
107 5 0.33906227
106 5 0.20424
94 5 0.1448941
90 12 0.35261214
87 12 0.30278432
85 0 0.38890636
83 5 0.34374723
82 5 0.17494154
81 5 0.17584395
78 5 0.30275413
77 5 0.32968163
71 5 0.2836637
51 5 0.4612473
50 0 0
49 5 0.12638953
36 5 0.24412817
34 5 0.39981264
22 5 0.2001424
20 9 0.15591246
11379 4 0.44374347
11351 4 0.22988869
11286 4 0.3236184
11203 4 0.31751013
11202 4 0.2958997
11188 4 0.2258421
11155 4 0.23480073
11153 4 0.28383294
11137 11 0.21016245
11136 4 0.26447573
11133 4 0.21015452
11095 4 0.21302007
11042 4 0.2445689
11015 4 0.29303864
11014 4 0.29710057
10924 4 0.22505869
10889 4 0.21961883
10888 3 0.24667878
10831 9 0.23313776
10727 4 0.24096546
10705 1 0.18049091
10704 4 0.2133502
10660 4 0.21817045
10659 4 0.25057143
10635 4 0.21380469
10606 4 0.2625644
10603 4 0.23042044
10563 4 0.33790138
10528 4 0.2145143
10525 4 0.19951446
10512 4 0.20412803
10511 4 0.21992075
10510 4 0.2478944
10508 4 0.17417045
10417 4 0.21761146
10416 4 0.2008048
10379 4 0.17996709
10370 4 0.17118329
10362 4 0.30706888
10360 4 0.24429756
10263 3 0.11079834
10262 4 0.28631562
10252 4 0.19398783
10250 4 0.14871675
10249 4 0.2059212
10246 4 0.2655553
10109 4 0.31499937
10108 4 0.28873876
10096 4 0.29482374
10072 4 0.24595205
10055 4 0.20992112
10027 4 0.20760234
9953 4 0.2590076
9886 4 0.23317488
9885 4 0.2349467
9882 4 0.20026946
9851 4 0.20621781
9850 4 0.17541
9814 10 0.25554827
9749 3 0.2248776
9733 4 0.19818279
9665 4 0.26390013
9655 4 0.27179977
9586 4 0.21121088
9554 4 0.11935619
9553 0 0
9498 4 0.30626827
9484 0 0
9454 4 0.25237778
9222 4 0.1192462
9220 4 0.13000502
9104 12 0.28658208
9047 4 0.10834025
9046 4 0.12784222
8641 11 0.13955346
8530 4 0.13858643
8211 9 0.100915425
8210 9 0.100915685
8209 9 0.10091804
7495 4 0.116217166
7493 4 0.11670679
6771 4 0.10966901
6770 4 0.109670065
6303 4 0.12854578
6299 3 0.12554857
6197 9 0.16354132
5942 4 0.10773291
5738 9 0.13906577
5737 9 0.14265515
5669 8 0.15116774
5594 4 0.10276718
3994 4 0.22173679
3860 12 0.18001804
3458 4 0.122139655
3422 3 0.13027059
3054 4 0.1362053
2946 4 0.112956464
2566 0 0
2560 12 0.10307254
2406 4 0.18737407
1162 4 0.23479182
754 4 0.100249335
393 13 0.11880733
364 4 0.1889191
348 4 0.15705834
317 2 0.18560849
166 1 0.12020831
105 4 0.12072467
55 1 0.19040008
47 2 0.10102126
44 11 0.12618189
37 1 0.13598366
9 8 0.11023925
2084 5 0.53018576
1893 4 0.12887903
1506 5 0.45804995
930 5 0.20217833
76 4 0.13362491
142 4 0.13843639
39 7 0.122915834
81 10 0.18043359
52 3 0.14584856
115 11 0.13341215
29 1 0.12450259
259 2 0.22114132
129 2 0.11770829
42 5 0.21940908
25 9 0.114325404
990 12 0.14851128
924 5 0.14302416
845 0 0.321257
724 12 0.12496423
692 4 0.15458257
680 0 0
571 0 0.19419073
515 4 0.22827493
469 0 0.21963629
435 0 0.189111
374 1 0.21913485
330 0 0.10147516
310 12 0.19112837
273 2 0.23573738
269 8 0.11247934
213 12 0.1886843
197 5 0.103917435
175 1 0.17942163
160 1 0.24529947
85 0 0.18314195
68 11 0.11828568
50 1 0.26101834
168 11 0.26610455
74 13 0.19263962
142 9 0.104407065
112 0 0.16199315
67 12 0.1719142
6 4 0.15572368
399 8 0.16377749
334 0 0.11032593
308 8 0.15431848
153 5 0.14791639
96 0 0.12502068
88 9 0.11310866
11 8 0.13098301
117 4 0.15491043
32 10 0.1093176
27 2 0.2734793
405 13 0.10890279
17 6 0.1260545
2 2 0.108628385
450 13 0.14245471
286 8 0.11409935
199 1 0.2216619
165 1 0.15657616
140 0 0.11607128
134 9 0.16332746
132 4 0.14092004
128 11 0.30131397
100 0 0
63 0 0.17707537
24 1 0.16780241
710 0 0.41753942
488 1 0.19117637
288 0 0.12850803
211 0 0.17538278
175 0 0.39245355
5920 4 0.15430157
5676 0 0.38881785
5620 4 0.14966
5609 4 0.1624203
5590 8 0.17234796
5589 4 0.13022085
5529 0 0.25336292
5504 4 0.18621309
5400 0 0.33130568
5385 1 0.152436
5382 1 0.15470554
5362 4 0.542458
5348 4 0.11255567
5289 9 0.11006415
5121 4 0.11916889
5069 0 0
5061 4 0.103295274
4415 0 0.24482808
4326 3 0.16842607
4227 1 0.16261673
4150 1 0.15079993
4115 4 0.25987858
4073 4 0.21284863
3749 0 0.2735313
3505 0 0.14178635
3062 0 0.42762306
2663 2 0.11126573
2548 1 0.2463313
2541 4 0.120651744
2394 9 0.10546136
2387 1 0.23188679
2289 11 0.11386079
2280 3 0.12371339
2199 1 0.23024477
2189 1 0.21584633
2126 6 0.13129726
1942 10 0.10672191
1934 9 0.14885056
1922 0 0
1892 1 0.19603722
1835 7 0.12526204
1708 6 0.20136519
1662 6 0.19544128
1659 0 0
1636 1 0.22843693
1621 6 0.12814718
1575 4 0.13665129
1485 12 0.12743737
1442 13 0.11388786
1390 1 0.1029761
1331 0 0.37015182
1316 9 0.10620502
906 3 0.15541224
873 0 0.11428808
817 4 0.1506264
198 0 0.36098823
25 13 0.11540857
30 4 0.136396
12 9 0.26668715
295 9 0.1054401
284 9 0.21210435
229 9 0.33542255
356 7 0.1950213
350 5 0.22841483
278 8 0.18690877
217 8 0.19433488
166 8 0.18598974
85 10 0.18592833
57 5 0.15665127
56 5 0.24091284
419 8 0.15972583
223 8 0.12398325
112 11 0.13233608
93 1 0.19478163
92 4 0.17288497
83 9 0.12947743
241 8 0.112051874
207 4 0.15889856
173 12 0.17294934
151 8 0.12029704
132 11 0.1177987
127 0 0
102 12 0.14818658
100 0 0
58 0 0.11299819
257 4 0.22661923
38 0 0.24710609
143 7 0.3032461
108 7 0.16573104
12 4 0.2503576
384 0 0.15343428
329 8 0.10924103
318 0 0.16812994
304 2 0.15465112
303 7 0.15740754
279 0 0.13299283
278 11 0.22944275
257 0 0.1757279
214 0 0.16612652
196 0 0.10555759
179 10 0.13936797
166 0 0.21827084
163 1 0.20631608
119 8 0.14548664
114 0 0.18434344
100 0 0.23682275
80 4 0.15535066
65 5 0.16287272
64 0 0.21524854
62 0 0.28584024
18 0 0.17669483
911 6 0.19340199
659 11 0.26702783
182 1 0.10577331
139 9 0.112803824
83 2 0.11769427
77 1 0.122479886
283 7 0.1371792
218 10 0.106676206
74 7 0.23739281
90 0 0
46 8 0.1935178
27 8 0.26566947
49 9 0.17469974
76 0 0
37 10 0.368674
60 0 0.1470131
7 9 0.17696826
625 11 0.3495667
612 1 0.23459671
608 0 0.12305141
605 5 0.11923872
591 0 0.15798855
584 7 0.20890234
582 13 0.58346653
472 5 0.16511674
469 9 0.27364066
457 1 0.10645227
451 13 0.17528681
443 11 0.15594372
441 10 0.1334103
435 7 0.15940878
407 13 0.26782012
383 5 0.12668112
378 13 0.18658742
374 11 0.10360379
360 7 0.17481115
338 13 0.15471828
331 7 0.20922418
330 9 0.20910284
309 11 0.20813495
294 13 0.1617361
288 7 0.18232307
277 9 0.5680886
219 13 0.14542252
201 12 0.12552518
178 5 0.1293663
165 12 0.19247916
118 0 0
102 0 0.10117258
83 12 0.12970653
62 12 0.11700952
46 1 0.10842583
24 0 0
11 0 0.13299292
7 4 0.1534378
712 12 0.1552453
694 4 0.21704715
404 5 0.18091094
365 0 0.13203052
187 5 0.109680474
98 0 0.15766472
696 10 0.116047576
645 2 0.103518106
63 0 0.21682201
435 11 0.14715366
118 12 0.12807493
6 0 0
345 5 0.19709533
204 0 0.12889147
84 4 0.13025388
80 8 0.12411386
49 11 0.1374618
46 12 0.1234399
4 9 0.13673368
11 2 0.17313746
92 1 0.19492981
20 7 0.11057002
398 4 0.270368
317 4 0.11944145
35 8 0.22182932
58 1 0.10286302
56 4 0.15180586
34 1 0.16123226
46 9 0.10747263
547 8 0.16095112
507 10 0.23679204
501 13 0.11014564
448 7 0.1548573
423 11 0.22898781
390 6 0.3076503
365 11 0.13120152
362 11 0.35294265
326 0 0
313 11 0.32727665
308 11 0.22424588
238 11 0.17605
237 11 0.37742963
225 11 0.29706082
196 11 0.23371355
160 11 0.13412324
154 11 0.19042736
96 11 0.29287475
53 1 0.20822173
26 11 0.17087917
1204 2 0.20648201
1188 8 0.23764956
910 8 0.18036856
113 4 0.1686259
5 11 0.20260996
78 12 0.17850639
5 11 0.29375297
121 5 0.19715026
170 1 0.13792473
149 9 0.14856802
104 7 0.20322873
39 0 0.13890433
2 9 0.15009482
55 11 0.10678043
31 8 0.12322525
499 11 0.1514301
421 13 0.17887029
381 10 0.15470591
289 13 0.21176764
267 5 0.14137048
228 4 0.130249
179 13 0.16331919
111 1 0.26136646
52 9 0.18623276
25 5 0.11363749
67 11 0.14383434
16 8 0.13123809
269 11 0.20212595
22 5 0.2472473
2 5 0.2970399
25 1 0.15240525
2663 11 0.13756461
2589 11 0.1245866
2585 1 0.1251543
2576 4 0.12783232
2438 10 0.18208748
2401 4 0.22741854
2399 11 0.19824056
2298 9 0.14325587
2241 9 0.122416794
2144 8 0.185743
2082 9 0.12255211
2056 4 0.16341507
2005 0 0
1985 11 0.20085466
1912 11 0.5598071
1909 3 0.12345391
1883 10 0.17179361
1849 11 0.13826635
1791 1 0.11553074
1790 4 0.121920206
1522 10 0.16898414
1512 10 0.16275184
1467 1 0.23633271
1464 0 0.21028757
1438 1 0.33366832
1431 1 0.13802549
1406 9 0.34491456
1346 10 0.16287084
1334 10 0.24369921
1331 6 0.101724856
1323 8 0.12889254
1293 4 0.10765298
1287 5 0.18606712
1233 9 0.3352679
1117 5 0.1286306
1102 9 0.139972
971 2 0.12011406
939 5 0.102861
937 8 0.21485585
935 9 0.27607742
929 11 0.30818143
917 9 0.37839308
912 10 0.28879863
902 4 0.10800557
891 10 0.28634268
882 4 0.14969686
841 1 0.22359145
836 10 0.23644997
826 8 0.2607427
792 12 0.17209929
774 8 0.23593739
691 1 0.18411162
609 0 0.19753371
594 10 0.1912411
543 0 0.29289064
539 2 0.13670644
492 11 0.20809114
444 11 0.48346007
355 11 0.16333595
352 8 0.20043427
251 8 0.15609735
212 0 0.17183387
31 8 0.18444522
75 9 0.18950729
65 9 0.1379326
901 2 0.20811822
866 2 0.15363629
565 12 0.12665841
509 6 0.103366874
468 2 0.19325772
458 2 0.18562214
393 2 0.15082881
367 3 0.1697335
356 1 0.124511085
237 2 0.23987608
203 1 0.18874322
190 2 0.16604552
73 2 0.222453
52 2 0.13579795
37 11 0.13699797
15 1 0.15876387
10 1 0.12914594
226 9 0.18304926
225 9 0.12637247
6 1 0.12530686
319 11 0.42046905
311 7 0.2486479
265 7 0.1094816
244 7 0.123155735
215 11 0.35477117
160 5 0.11589762
51 5 0.13874312
17 0 0
40 1 0.10194679
38 1 0.11202715
2739 6 0.14799014
2679 8 0.2569886
2598 12 0.111436695
2583 6 0.17519517
2570 6 0.44953632
2480 1 0.12658164
2418 6 0.25382215
2356 12 0.23432897
2337 5 0.21786547
2325 0 0.2885071
2296 6 0.42006332
2264 0 0.5547323
2254 1 0.3031749
2056 6 0.2743491
2029 6 0.22487596
2010 5 0.2075983
2000 1 0.1232866
1999 4 0.12297189
1959 12 0.20250204
1957 6 0.369485
1951 6 0.33401847
1937 6 0.43403304
1934 12 0.20179604
1930 12 0.7849627
1840 1 0.18829039
1829 6 0.21360213
1828 6 0.19498053
1820 6 0.26036927
1774 6 0.7246174
1728 1 0.19525267
1691 1 0.74720687
1686 6 0.15411533
1662 12 0.19550587
1585 7 0.18179892
1582 1 0.17900541
1568 6 0.64784724
1553 12 0.1743403
1527 6 0.4913627
1521 6 0.4586208
1506 6 0.18441536
1391 12 0.24052164
1282 1 0.12888564
1279 4 0.12600316
1251 9 0.15974382
1221 6 0.4350505
1203 1 0.31532457
1202 1 0.39278883
1175 1 0.43839607
1172 6 0.25661272
1134 6 0.21634462
1128 6 0.4334873
1124 5 0.124064155
1084 6 0.34113717
1072 6 0.35517055
1043 6 0.26332363
1037 1 0.3795612
1014 6 0.7417631
1001 0 0.3440781
977 6 0.22823177
950 6 0.30092555
905 10 0.4999255
896 6 0.30019557
893 6 0.73635024
850 8 0.1498571
843 12 0.19315167
842 6 0.46077344
839 6 0.36767995
819 6 0.16860615
802 6 0.27597335
791 6 0.7863511
766 6 0.28094947
724 6 0.27594426
681 6 0.193524
680 4 0.17831014
657 9 0.18382032
638 4 0.11448099
627 10 0.10297659
594 6 0.40483
513 3 0.112586774
495 5 0.22843216
475 6 0.31761968
445 6 0.23658851
438 6 0.21917553
396 6 0.31188962
387 1 0.19639817
386 0 0.116902836
385 6 0.13493556
369 0 0.15331474
357 9 0.4177035
353 6 0.13445513
352 6 0.16878629
238 12 0.116465196
209 6 0.14725487
196 8 0.1018714
160 9 0.25080797
82 4 0.12365774
28 10 0.16156518
25 4 0.11532741
224 3 0.17635271
185 7 0.1814733
160 9 0.2729937
134 9 0.35625032
104 1 0.11006186
85 3 0.8280979
83 1 0.10744176
76 3 0.5132033
66 3 0.22947596
57 7 0.11134868
17 0 0
10 9 0.16083655
290 3 0.105277464
245 8 0.11028094
207 10 0.1711464
200 5 0.14130528
181 0 0
177 2 0.11090274
76 3 0.12886035
69 3 0.16422594
5 9 0.20347878
33 0 0.1317465
14 0 0
13 8 0.13765423
13 5 0.14227632
52 1 0.18840083
1282 9 0.39172155
1159 12 0.14601251
1019 0 0
880 9 0.23363765
592 1 0.16062868
429 0 0.26253524
376 10 0.15986638
246 11 0.3105153
138 0 0
98 0 0
56 9 0.360204
49 9 0.36627644
81 7 0.2592982
824 0 0.10901011
763 0 0.30367827
747 0 0.23561941
744 0 0.518708
741 0 0.5245053
652 0 0.2763496
624 0 0.17372002
623 0 0.5864912
605 1 0.21516399
579 0 0.65401334
533 0 0.40444908
530 4 0.81649345
502 0 0.313834
458 0 0.5489152
410 0 0.1967919
405 0 0.123462915
385 0 0.19075735
368 0 0.50320584
358 0 0.21151963
318 0 0.19059573
317 0 0.37723026
296 0 0.34724283
230 0 0.22033931
223 4 0.1877927
125 5 0.5232657
91 0 0.1996967
83 2 0.34895262
43 4 0.6461664
38 4 0.61584806
58 13 0.12002006
4 10 0.18929857
1488 0 0
1358 1 0.17904119
1352 12 0.16290574
1295 2 0.16981655
1207 10 0.12753852
1157 9 0.29011708
1042 4 0.33126703
879 4 0.21431994
710 0 0
538 12 0.11648962
312 2 0.20048033
45 11 0.120332
34 11 0.10937988
330 3 0.15864275
323 3 0.26806825
317 3 0.34238416
297 3 0.8992936
253 0 0.13169855
246 0 0.18840691
231 0 0.3402912
205 0 0.22859277
153 0 0.1420424
140 2 0.13259146
111 0 0.14574248
96 0 0.17531908
83 0 0.19023694
64 3 0.20255595
102 0 0
85 11 0.115097664
76 11 0.15902115
34 7 0.10382898
31 0 0
117 0 0.26118976
72 7 0.15884866
64 10 0.20692998
50 7 0.1401904
13 10 0.33483294
3 12 0.10406935
171 10 0.4938782
170 10 0.37702444
131 4 0.12487707
124 8 0.14851373
69 5 0.1648175
51 8 0.92689484
38 8 0.15166885
26 8 0.5266047
131 0 0
116 2 0.13184705
98 1 0.1261002
87 2 0.12861094
85 4 0.21810529
84 8 0.12429374
76 2 0.18330136
57 0 0.20169488
33 2 0.15343773
25 6 0.1583841
23 8 0.17857148
21 1 0.17124523
9 2 0.13578029
976 9 0.1524358
837 2 0.13425636
22 4 0.15508312
6 4 0.13328801
334 9 0.15913312
43 0 0.1422791
33 6 0.17822093
15 4 0.15283768
7 6 0.13347411
76 2 0.21559832
69 1 0.17031291
46 4 0.19253261
25 4 0.167266
760 3 0.15252708
96 10 0.24684978
240 5 0.23097858
239 0 0.114493296
233 5 0.18994464
232 5 0.22322051
221 1 0.14470795
213 5 0.3004527
210 9 0.16976039
200 5 0.24349014
197 5 0.3027154
189 4 0.14278245
187 3 0.14313398
177 8 0.20190232
173 3 0.1083531
169 5 0.49665776
168 3 0.13047163
161 5 0.24540573
147 5 0.2272253
143 5 0.310625
140 5 0.80360717
118 0 0
108 5 0.12463272
75 5 0.4592542
73 5 0.27856523
54 5 0.32154205
35 5 0.22730844
129 0 0.14918002
55 5 0.10035431
5 0 0.22444797
89 12 0.13679348
60 0 0
36 8 0.28966925
66 0 0
2 11 0.15704982
13 4 0.31898215
11 1 0.2359447
674 10 0.117641285
661 11 0.11816201
640 9 0.18647997
612 1 0.156808
571 13 0.25350928
528 11 0.21789448
507 10 0.15274584
505 11 0.29193246
445 11 0.18168415
430 11 0.32975182
414 11 0.6755676
31 1 0.24728097
4 1 0.20480986
137 9 0.21877266
40 4 0.1056841
33 4 0.17924547
14 4 0.12123519
155 9 0.14460768
55 5 0.11859376
24 10 0.14685994
29 9 0.10119044
197 0 0.22569256
190 0 0.21662672
156 12 0.2556826
125 6 0.13470407
103 2 0.12764272
66 0 0.15879662
43 0 0.2188982
1 8 0.16618101
329 3 0.21412896
164 1 0.17391156
80 4 0.16927063
47 10 0.16314879
42 10 0.14177212
41 10 0.18488486
26 10 0.13893627
25 10 0.2228123
7 10 0.10614711
6 10 0.18134472
5 10 0.25659493
4 8 0.15201735
1 10 0.22066227
94 5 0.17701565
83 9 0.45615748
53 7 0.13091637
16 0 0
1107 0 0.17487876
1087 0 0.16053587
797 2 0.24175303
551 8 0.17127681
97 1 0.13604267
98 4 0.13232087
587 2 0.33265263
564 2 0.3948164
548 1 0.15156646
533 2 0.23232964
528 2 0.36819845
513 2 0.6776181
509 2 0.26245594
499 2 0.5917042
495 2 0.4170559
473 9 0.2344969
465 2 0.83335626
447 2 0.34384933
428 2 0.36226577
380 1 0.63208383
377 2 0.16203025
368 2 0.33713138
348 2 0.15943626
316 2 0.18569331
295 2 0.32634762
293 2 0.463288
234 2 0.54220957
212 11 0.23602735
207 2 0.54566413
149 2 0.42539388
143 2 0.6972663
136 2 0.3925434
120 2 0.3549074
9 1 0.13335
47 11 0.2599955
46 12 0.21481705
35 10 0.17004488
24 8 0.13871095
13 9 0.15374877
10 9 0.11645622
230 12 0.1022202
168 0 0.16372162
140 4 0.17105412
32 0 0.2343156
15 3 0.12168603
4 9 0.12028709
29 9 0.27937672
272 10 0.24840567
258 4 0.36826968
249 4 0.3285465
221 0 0.13357879
70 1 0.13658156
11 12 0.17707464
859 3 0.15243039
858 3 0.18471763
839 6 0.14540656
838 4 0.20211495
819 9 0.57961065
781 9 0.22450429
349 11 0.28805286
147 8 0.11067117
65 4 0.10636056
679 10 0.21075936
658 5 0.19022666
657 5 0.25087354
655 10 0.37522456
649 0 0.14300771
638 10 0.1522756
636 12 0.28331023
635 10 0.24606101
614 10 0.18841912
594 1 0.19510688
564 5 0.46629858
502 10 0.16692501
501 5 0.13251512
468 5 0.33071524
463 5 0.2554147
436 5 0.26255396
429 0 0.13529107
424 5 0.15676488
419 5 0.19904217
418 10 0.16607949
385 5 0.31699973
357 10 0.16319774
345 4 0.10483913
326 9 0.16467236
302 10 0.21650071
275 10 0.36428034
247 5 0.4445377
227 5 0.31534663
218 5 0.17245819
210 8 0.24369685
209 5 0.1112807
190 10 0.41363195
189 5 0.28964582
144 10 0.22074404
132 5 0.26074663
127 10 0.37749052
75 5 0.23743103
63 10 0.43386453
97 11 0.29625705
60 9 0.12917903
8 10 0.119943194
6 9 0.15044133
233 0 0.18892981
198 2 0.1762735
118 2 0.2638716
87 2 0.3368997
542 0 0.3596559
539 7 0.1166008
497 0 0.3201781
457 0 0.11120084
440 0 0.16171911
421 0 0.5843848
390 0 0.5760713
388 12 0.32039535
382 0 0.19379942
371 11 0.5316842
370 0 0.12560913
339 0 0.15605818
333 0 0.19178161
319 0 0.14670111
309 6 0.15894856
287 4 0.101571985
283 4 0.2852111
282 0 0.11314525
281 0 0.579977
266 4 0.3723876
244 5 0.18372549
189 11 0.14670356
76 0 0.26749226
64 1 0.19038068
61 6 0.18294403
10 4 0.15488297
4 4 0.19223972
53 0 0.15192606
74 5 0.10667703
41 12 0.12907714
70 13 0.20196751
6 9 0.1564208
18 9 0.14818071
51 5 0.15832695
31 0 0.2633795
15 11 0.2575186
11 1 0.14184815
195 2 0.13078053
162 1 0.13787708
150 0 0.48200402
141 4 0.17627615
102 4 0.30754858
96 0 0.1367328
89 4 0.16506632
61 11 0.36694038
52 2 0.16827425
9 2 0.13193023
28 4 0.110015415
