[(6, 0.11037099), (9, 0.25434452), (11, 0.14673828), (12, 0.17501466)]
[(1, 0.22552322)]
[(7, 0.110948026), (11, 0.13724944)]
[(4, 0.1787643)]
[(11, 0.2964991)]
[(7, 0.12258657), (11, 0.25546443), (12, 0.10465339)]
[]
[(6, 0.13791633), (11, 0.18954831)]
[(7, 0.10606915), (11, 0.16904826)]
[(2, 0.15323307), (6, 0.10281759), (11, 0.18260565)]
[(4, 0.11890837), (6, 0.10092741), (7, 0.10961698)]
[(6, 0.12220688), (11, 0.12878154), (12, 0.2022272)]
[(4, 0.22967581)]
[(11, 0.32653716)]
[(11, 0.1854659)]
[(1, 0.20060946), (6, 0.1020343)]
[(4, 0.22924036), (11, 0.17241737)]
[(1, 0.16271758)]
[(11, 0.16609195)]
[(4, 0.28671464), (11, 0.19445021)]
[(6, 0.13299799), (8, 0.13459507), (11, 0.10189813)]
[(5, 0.10908238), (11, 0.15229367)]
[(1, 0.15206426), (6, 0.15125613), (8, 0.105450794)]
[(2, 0.10429719), (11, 0.1192084)]
[(4, 0.11569362), (9, 0.100322984), (11, 0.13039394), (12, 0.12961313)]
[(11, 0.1319453)]
[]
[(7, 0.107713096), (11, 0.11392384), (12, 0.13925795)]
[(1, 0.1085861), (11, 0.11748163)]
[(1, 0.21078062)]
[(11, 0.24338628)]
[(6, 0.14152867), (9, 0.19600011), (11, 0.1033364)]
[]
[(4, 0.13663591), (11, 0.13405444)]
[(11, 0.200707), (12, 0.31204578)]
[(9, 0.10639639), (11, 0.26155895)]
[(0, 0.17673786), (4, 0.11357048), (6, 0.10031108)]
[(8, 0.12147614)]
[(1, 0.17780308), (8, 0.19862129)]
[(11, 0.16333535)]
[(11, 0.39437973), (12, 0.14173841)]
[(11, 0.3405508)]
[(11, 0.43495366)]
[(4, 0.11552808), (11, 0.21210422)]
[(8, 0.14032783), (10, 0.22692071), (11, 0.25452235)]
[(11, 0.2446512)]
[(4, 0.15614231), (12, 0.24599868)]
[(6, 0.10566386), (11, 0.25241303)]
[(11, 0.21082148)]
[(8, 0.12438581), (11, 0.2222326)]
[(11, 0.37663513), (12, 0.14761208)]
[(11, 0.29893315)]
[(11, 0.42276925)]
[(3, 0.13322471), (4, 0.12475285)]
[(4, 0.16090961), (8, 0.10554422)]
[(1, 0.19358744)]
[(8, 0.15978286), (11, 0.24468416)]
[(11, 0.2355807)]
[(11, 0.3403229)]
[(9, 0.24462302), (11, 0.14144483)]
[(9, 0.12099646), (11, 0.50769526)]
[(11, 0.27342704), (12, 0.46712062)]
[(11, 0.44534263)]
[(3, 0.12089013), (10, 0.12752408), (11, 0.32547474)]
[(10, 0.10579817), (11, 0.20453644)]
[(4, 0.1498029), (8, 0.10854924), (11, 0.17018957)]
[(8, 0.11365855)]
[(1, 0.11562993)]
[(1, 0.13689318), (8, 0.10792633), (11, 0.18361756), (12, 0.13187023)]
[(0, 0.12786755), (2, 0.100893274)]
[(11, 0.23656355), (12, 0.16236648)]
[(8, 0.1315281)]
[(8, 0.11732413)]
[(12, 0.22484046)]
[(11, 0.20714945)]
[(11, 0.3491525), (12, 0.107255936)]
[(10, 0.12461795), (11, 0.16173726), (12, 0.10268407)]
[(8, 0.11295126), (11, 0.10831796)]
[(11, 0.23187163), (12, 0.10123387)]
[(11, 0.3347885), (12, 0.10277488)]
[(6, 0.121703744), (11, 0.35427988)]
[(4, 0.19747086), (12, 0.1591331)]
[(1, 0.2608925)]
[(4, 0.18401468), (11, 0.11969572), (12, 0.1065648)]
[(11, 0.45120308)]
[(1, 0.24738133), (8, 0.17213704)]
[(4, 0.5939454), (7, 0.102097794)]
[(6, 0.1397172), (11, 0.23718022)]
[(4, 0.13166668), (11, 0.11668158)]
[(11, 0.39454457)]
[(10, 0.12182628), (11, 0.1367818)]
[(0, 0.12679592), (11, 0.22656189)]
[(6, 0.13809736), (11, 0.13227881)]
[(11, 0.3625548)]
[(1, 0.23516493), (12, 0.14948848)]
[(1, 0.23004743)]
[(5, 0.10458638), (11, 0.12874725)]
[(3, 0.12670328), (11, 0.13744903), (12, 0.108745284)]
[(11, 0.28842202)]
[(8, 0.12035295), (11, 0.20088455)]
[(1, 0.10481851)]
[(0, 0.21632528), (12, 0.12445704)]
[(8, 0.24611476), (12, 0.16579911)]
[(11, 0.12757382)]
[(11, 0.32321218)]
[(11, 0.14174008)]
[(1, 0.13944578), (9, 0.1643896), (10, 0.18524857)]
[(8, 0.24456444), (11, 0.15553927), (12, 0.116868846)]
[(11, 0.18843952)]
[(1, 0.18084934), (8, 0.14341919)]
[(8, 0.34877276)]
[(8, 0.2597461), (11, 0.15229157)]
[(1, 0.123860314), (8, 0.13655715), (11, 0.11721875)]
[(1, 0.12458113), (8, 0.107044905), (11, 0.12331094), (12, 0.10344605)]
[(1, 0.11500337), (8, 0.13808982), (11, 0.18163769)]
[(4, 0.1229319)]
[(1, 0.11617691), (5, 0.12402357)]
[(8, 0.12664877), (11, 0.41349012)]
[(11, 0.29740605)]
[(11, 0.38274264)]
[(0, 0.20706849), (12, 0.11758844), (13, 0.10907943)]
[(4, 0.10979037), (11, 0.16133264)]
[(4, 0.10373704), (8, 0.11639749), (11, 0.13037568)]
[(11, 0.17636229), (12, 0.1205026)]
[(8, 0.12980461), (11, 0.106143996), (12, 0.20105119)]
[(4, 0.15873979)]
[(4, 0.1545119)]
[(1, 0.11140279)]
[(4, 0.20478225)]
[(4, 0.21126659), (12, 0.11971433)]
[(1, 0.1360327), (8, 0.1627914), (12, 0.102421075)]
[(7, 0.11008727)]
[(4, 0.31869283)]
[(8, 0.122841366), (12, 0.11256911)]
[(8, 0.20856176), (11, 0.30973786), (12, 0.12442669)]
[(8, 0.16079038), (11, 0.21756192)]
[]
[(4, 0.10542454), (8, 0.126656), (11, 0.10514577)]
[(8, 0.10925808), (9, 0.12690416), (11, 0.14344682), (12, 0.14308475)]
[(1, 0.2185112)]
[(4, 0.10187377), (11, 0.10450491), (12, 0.109470464)]
[(3, 0.27093673), (10, 0.12287556)]
[(12, 0.1801575)]
[(8, 0.15511063)]
[(8, 0.18492027)]
[(11, 0.27871615), (12, 0.10403477)]
[(0, 0.18687087), (3, 0.123720616), (12, 0.100988925)]
[(8, 0.14378504)]
[(4, 0.19077168), (8, 0.1443986), (12, 0.10743564)]
[(1, 0.17411366), (8, 0.13313676), (9, 0.11312539)]
[(1, 0.18729304), (9, 0.10506225), (12, 0.112386055)]
[(4, 0.114309706), (12, 0.108388945)]
[(5, 0.1393223), (11, 0.13099037)]
[(1, 0.1030395), (4, 0.18728784)]
[(1, 0.12800954)]
[(4, 0.12105012)]
[(11, 0.27200273)]
[(1, 0.15008867), (8, 0.20128654)]
[(1, 0.15062015)]
[(4, 0.14748195), (8, 0.11570153)]
[(4, 0.13378276), (12, 0.11853076)]
[(1, 0.24528416), (4, 0.16117299)]
[(4, 0.11549924), (8, 0.10140648), (9, 0.16896525)]
[]
[(1, 0.14949055)]
[(1, 0.10127841), (3, 0.10056824), (8, 0.101110056)]
[(1, 0.19656076)]
[(4, 0.13533248), (13, 0.13346057)]
[(2, 0.11964857), (4, 0.11633814)]
[(1, 0.10488319), (9, 0.15862206)]
[(4, 0.1044862)]
[(1, 0.1007462), (4, 0.28092194)]
[(1, 0.11967867)]
[]
[(8, 0.10756643), (13, 0.105213076)]
[(1, 0.15359835), (8, 0.10370805)]
[(0, 0.13097984), (9, 0.11557208), (12, 0.22269996)]
[(2, 0.12905547), (13, 0.17540473)]
[(1, 0.10661047)]
[(0, 0.11767162), (5, 0.12146723), (12, 0.11477015)]
[(0, 0.17252436)]
[(8, 0.19065501), (10, 0.107022785)]
[(1, 0.10910535), (8, 0.28538132), (9, 0.12517887), (12, 0.10181971)]
[(4, 0.100949965), (8, 0.1712592)]
[(1, 0.1227486), (3, 0.10110138), (4, 0.18801193)]
[(8, 0.21168175), (12, 0.11475279)]
[(8, 0.13283952), (10, 0.23646879)]
[(1, 0.2171746), (8, 0.13503769)]
[(1, 0.13671908), (8, 0.1544522)]
[(10, 0.13310441), (11, 0.14684571)]
[(6, 0.117407165), (8, 0.15157472), (9, 0.15108487)]
[(0, 0.2708114), (5, 0.17399642), (6, 0.10671343)]
[(4, 0.10410093), (12, 0.13055128)]
[(8, 0.10606146), (9, 0.16986968), (13, 0.14381626)]
[(6, 0.13210247)]
[(2, 0.14962305), (8, 0.2731085)]
[(2, 0.1435316), (6, 0.11457679), (8, 0.12949498)]
[(6, 0.12752496), (8, 0.13421595)]
[(8, 0.30954155), (10, 0.10722743)]
[(0, 0.120095454), (6, 0.18894312)]
[(0, 0.100583725)]
[]
[(8, 0.186265), (10, 0.1230302)]
[(2, 0.1010728), (5, 0.17253733), (8, 0.11123905)]
[(5, 0.10634024), (8, 0.10986893)]
[(8, 0.3799307), (10, 0.15141533)]
[(8, 0.38230968), (10, 0.12851281)]
[(8, 0.16109169), (10, 0.13698454)]
[(8, 0.21153054)]
[(8, 0.28032985)]
[(9, 0.27356946)]
[(1, 0.13185576), (8, 0.14305027), (12, 0.16434349)]
[(3, 0.10666045), (9, 0.11078052)]
[(1, 0.37213144), (8, 0.12171042), (9, 0.124198325)]
[(2, 0.101715975), (8, 0.29589397)]
[(8, 0.3464711), (10, 0.10953837)]
[(3, 0.105661646), (8, 0.12479534)]
[(2, 0.10162678), (8, 0.17962253), (10, 0.13725019)]
[]
[(8, 0.32873747)]
[(1, 0.24566299), (8, 0.21071868)]
[(1, 0.114353515), (8, 0.2929253), (9, 0.16961363), (13, 0.10241989)]
[(8, 0.13224703)]
[(3, 0.15998496), (9, 0.20439833), (13, 0.1401852)]
[(5, 0.11251301), (8, 0.37952378), (10, 0.16161644)]
[(8, 0.21311186), (9, 0.11134455), (10, 0.23981428)]
[(4, 0.16451283)]
[(8, 0.12589975)]
[(6, 0.27758554), (10, 0.21792059)]
[(6, 0.15642263), (9, 0.16280413)]
[(8, 0.1040651)]
[(1, 0.1911539), (9, 0.105212495)]
[(0, 0.103728466), (9, 0.15063903)]
[(9, 0.16021167), (10, 0.10236035)]
[(1, 0.15654333), (4, 0.102247186), (8, 0.14469157)]
[(0, 0.13593364), (4, 0.12165509)]
[(1, 0.14947215), (8, 0.11663572)]
[(12, 0.11813539), (13, 0.10633733)]
[(0, 0.18086694)]
[(9, 0.100768514)]
[(0, 0.10768983), (9, 0.12577026)]
[(0, 0.10625599), (7, 0.16610299), (9, 0.16064833)]
[(7, 0.14503501), (9, 0.1278671), (13, 0.14146473)]
[(9, 0.121796414), (12, 0.10365094)]
[(9, 0.3936901)]
[]
[(1, 0.14354634), (7, 0.15423562)]
[(1, 0.124899305), (4, 0.13450561)]
[(1, 0.1124077), (13, 0.11202826)]
[(8, 0.118534915), (9, 0.12815101)]
[(3, 0.14010759), (11, 0.2666988)]
[(7, 0.1034494)]
[(0, 0.13504906), (2, 0.12997742), (5, 0.113663465)]
[(5, 0.13190445), (11, 0.18078293)]
[(9, 0.12100203), (13, 0.12269117)]
[(8, 0.13567631)]
[(2, 0.10613423), (10, 0.10261223)]
[(1, 0.10786393)]
[(4, 0.12110263), (8, 0.19014406)]
[(4, 0.14094281)]
[(5, 0.20998114), (9, 0.12709713)]
[(9, 0.15272784)]
[(1, 0.1062833), (8, 0.11509456), (9, 0.10496885)]
[(9, 0.2291569), (10, 0.14623491)]
[(9, 0.29437464)]
[(2, 0.10262421), (9, 0.18587369)]
[(9, 0.22419718), (11, 0.124928266)]
[(9, 0.5512502)]
[(5, 0.102804124), (10, 0.15667644)]
[(11, 0.20918183)]
[(1, 0.11021929), (7, 0.124110915), (13, 0.10069112)]
[(0, 0.10914391), (11, 0.33563334)]
[(1, 0.10052175)]
[(7, 0.106511764), (10, 0.10852314)]
[]
[(1, 0.10217914), (8, 0.25288072), (13, 0.14297189)]
[(7, 0.13552901), (11, 0.13815244)]
[(1, 0.17036209), (8, 0.28442022), (11, 0.15651403)]
[(7, 0.24269933), (8, 0.12355654)]
[(11, 0.14094307), (12, 0.13268773)]
[(9, 0.15655491)]
[(0, 0.120695986), (4, 0.10211126)]
[(0, 0.116087504)]
[(1, 0.20019484)]
[(3, 0.13550395), (8, 0.14676374)]
[(8, 0.1725346), (9, 0.10031996), (13, 0.1211846)]
[(8, 0.14999792)]
[(4, 0.11696107)]
[(4, 0.5095993)]
[(8, 0.122352436), (12, 0.104579255)]
[(1, 0.13312496), (3, 0.1370659), (7, 0.12844749), (9, 0.16837323)]
[(3, 0.102264106), (6, 0.13131784), (10, 0.10653426)]
[(3, 0.10129435), (7, 0.101714805), (9, 0.19151801)]
[(4, 0.11889295)]
[(1, 0.2201729)]
[(9, 0.1585973), (10, 0.10219973), (12, 0.18237334)]
[(8, 0.14032413)]
[(1, 0.10041482), (4, 0.104516454)]
[(8, 0.13601805)]
[(1, 0.12138561), (10, 0.111239344)]
[(3, 0.24884295), (8, 0.17601013)]
[(4, 0.15836538), (8, 0.1253592)]
[(9, 0.35708126), (11, 0.30669114)]
[(4, 0.10503429), (5, 0.10979218)]
[(1, 0.109032), (6, 0.1456331), (8, 0.10920237)]
[(1, 0.1441038)]
[(8, 0.11953996), (11, 0.26773548), (12, 0.15264875)]
[(9, 0.11791676), (11, 0.17615914)]
[(8, 0.10581466), (11, 0.17195475)]
[(0, 0.17697816), (11, 0.104706876), (12, 0.10843151)]
[(0, 0.20474458)]
[(4, 0.12435317)]
[(4, 0.24047081), (10, 0.14973865)]
[(1, 0.11621544), (4, 0.12161209)]
[(9, 0.10186736), (12, 0.117509164)]
[(4, 0.24471636), (13, 0.11576356)]
[(4, 0.118118905), (9, 0.13079478), (10, 0.13928573)]
[(9, 0.106565796), (11, 0.449007)]
[(8, 0.105999336), (9, 0.155105), (11, 0.3034109)]
[(12, 0.13216451)]
[(2, 0.12163144), (11, 0.12232073)]
[(0, 0.1818723), (2, 0.1561885), (3, 0.13743536)]
[(0, 0.47002435)]
[(1, 0.126193), (9, 0.10231189), (12, 0.12724257)]
[]
[(5, 0.11801334), (13, 0.13754724)]
[(9, 0.1515966), (10, 0.17779805), (12, 0.1586257)]
[(3, 0.13636541), (4, 0.11173878)]
[(3, 0.14790662), (4, 0.30386797)]
[(11, 0.14397486)]
[(8, 0.13602528), (11, 0.17251228), (13, 0.19697268)]
[(9, 0.12885368)]
[(3, 0.117076464), (4, 0.2527994)]
[(3, 0.10665531), (4, 0.29680333), (9, 0.123266235)]
[(3, 0.10483297), (4, 0.25316462)]
[(3, 0.21648997), (7, 0.12336065), (9, 0.11083015)]
[(3, 0.1151855), (8, 0.13191293), (9, 0.14880064), (10, 0.12853856)]
[(3, 0.20602055), (7, 0.117623545), (9, 0.19053023), (12, 0.11507904)]
[(3, 0.2235433), (9, 0.1749718), (12, 0.14220627)]
[(3, 0.11849411), (4, 0.2905952)]
[(0, 0.13644496), (10, 0.10064053)]
[(3, 0.21863592), (9, 0.103902824)]
[(3, 0.21583512), (5, 0.108544745), (9, 0.19302645), (10, 0.12782565)]
[(3, 0.2543211), (9, 0.3251331)]
[(0, 0.3043307), (3, 0.12767506)]
[(0, 0.15550128), (3, 0.10711761), (12, 0.11991236)]
[(3, 0.12987691), (5, 0.12603547), (11, 0.22978666), (12, 0.1120401)]
[(0, 0.17260255), (12, 0.23061712)]
[(3, 0.121429875), (9, 0.14799932)]
[(12, 0.15172176), (13, 0.108734265)]
[(3, 0.18730153)]
[(3, 0.25426018), (9, 0.23210344)]
[(0, 0.19081125), (12, 0.21704184)]
[(4, 0.23422512), (8, 0.10511887)]
[(3, 0.46744758), (11, 0.10271582)]
[(3, 0.26360542)]
[(2, 0.13113879), (6, 0.10672512)]
[(3, 0.13701768)]
[]
[(11, 0.26290902)]
[]
[(11, 0.12948607)]
[(4, 0.2124123), (6, 0.18574007)]
[(9, 0.17723659), (10, 0.1177011)]
[(8, 0.11376807), (12, 0.10181754)]
[(3, 0.21642429), (9, 0.11773539)]
[(3, 0.1637587), (11, 0.13059399)]
[(8, 0.11422707), (11, 0.2090869), (12, 0.21326011)]
[(0, 0.43037885), (3, 0.10533604)]
[(0, 0.11646764), (6, 0.123520374), (11, 0.103756115), (12, 0.25510624)]
[(0, 0.10196874), (4, 0.17025463), (12, 0.25987664)]
[(4, 0.15599665)]
[(3, 0.10403763)]
[(5, 0.102570295), (13, 0.11426149)]
[(0, 0.18690719), (2, 0.10798408)]
[(0, 0.18439536), (2, 0.11622782), (3, 0.10138995)]
[(2, 0.11706), (3, 0.31791428), (6, 0.1317933)]
[(3, 0.18766312), (11, 0.106632985)]
[]
[(3, 0.17948627)]
[]
[(0, 0.24214053), (3, 0.10295403)]
[(3, 0.23088565)]
[(0, 0.23790012)]
[(8, 0.1306998)]
[(0, 0.22853227), (2, 0.10988096), (3, 0.2714275)]
[(8, 0.10172398)]
[(8, 0.16332243)]
[(10, 0.119072944)]
[(3, 0.17315952), (9, 0.12955664)]
[(2, 0.10364646)]
[]
[(0, 0.11295146), (2, 0.12552913), (3, 0.1672243)]
[(3, 0.1211509), (9, 0.13278906), (11, 0.10261553)]
[(3, 0.25865906), (9, 0.10497967), (10, 0.13055806)]
[(3, 0.118281804), (10, 0.12003477)]
[(4, 0.11041035)]
[(8, 0.11260695)]
[(3, 0.44502893)]
[(3, 0.10418632), (4, 0.12544274), (9, 0.13058025), (12, 0.10604527)]
[(3, 0.106836356)]
[(11, 0.10156309)]
[(3, 0.14251968), (4, 0.1752579)]
[(2, 0.13628209), (9, 0.14674015), (12, 0.105235845)]
[(2, 0.1017756), (3, 0.12674773), (11, 0.15343776)]
[(0, 0.102949336), (4, 0.10185246), (7, 0.11398943)]
[(5, 0.1263559), (7, 0.11676821)]
[(2, 0.17760327), (3, 0.10214523), (11, 0.22927625)]
[(0, 0.11322837), (3, 0.19034183), (5, 0.11259986), (7, 0.118273236)]
[(3, 0.15017797), (6, 0.27861884)]
[(0, 0.10592509), (2, 0.104164705), (9, 0.12609069), (10, 0.107104026), (11, 0.14591151)]
[(1, 0.10228482), (5, 0.17116404), (10, 0.110348254)]
[(3, 0.18504296), (6, 0.1035898), (10, 0.12001559)]
[(0, 0.13000661), (2, 0.123323336)]
[(3, 0.16874495), (9, 0.13683158), (10, 0.10970246), (12, 0.13538033)]
[(3, 0.101196975), (12, 0.1463562)]
[(2, 0.13377486), (3, 0.23112269)]
[(3, 0.14471726), (6, 0.1039152), (9, 0.12145487)]
[(3, 0.4009404)]
[(3, 0.12230212), (7, 0.17093268), (10, 0.15299389)]
[(3, 0.100670196), (9, 0.13237081)]
[(2, 0.1194336), (9, 0.10289623)]
[(2, 0.14083406), (11, 0.18284418)]
[(9, 0.11654337), (10, 0.13346267), (11, 0.15424694)]
[(1, 0.1139018), (2, 0.11949584), (9, 0.115960054), (11, 0.28159502)]
[(3, 0.12880076), (9, 0.13896129), (10, 0.35568947)]
[(4, 0.12402911)]
[]
[(5, 0.13843706), (12, 0.12330885)]
[(3, 0.16779456)]
[(0, 0.12967353)]
[(3, 0.35032535), (11, 0.11876047)]
[(0, 0.17480458), (3, 0.115881436)]
[(2, 0.14124817), (3, 0.11330506), (10, 0.10804315), (11, 0.1882367)]
[(1, 0.10197619), (2, 0.11976568), (11, 0.13034427)]
[(3, 0.15729766)]
[(3, 0.15113494), (9, 0.1441634), (10, 0.11936388), (11, 0.14181061)]
[(3, 0.11346472), (5, 0.18540744), (10, 0.13314281), (11, 0.19515902)]
[(0, 0.1480869), (2, 0.11920976), (5, 0.11596525), (10, 0.13544849)]
[(3, 0.22947027), (9, 0.12361598)]
[(3, 0.19513781)]
[(0, 0.10387571), (2, 0.10131763), (5, 0.114770964)]
[(6, 0.12468162), (9, 0.10980724)]
[(7, 0.20013425)]
[]
[(3, 0.107481), (9, 0.3449481), (13, 0.120822184)]
[(1, 0.16366182)]
[(1, 0.113117225)]
[(4, 0.15517588)]
[(4, 0.10862731), (9, 0.11216609)]
[(11, 0.11251333)]
[(7, 0.20137471), (12, 0.10841725)]
[(7, 0.15285805), (13, 0.16084108)]
[(7, 0.125713), (13, 0.17618626)]
[(2, 0.10237257), (7, 0.10888544)]
[(7, 0.10387478)]
[(4, 0.101855166)]
[(5, 0.10344955), (7, 0.13315363), (13, 0.13583808)]
[(7, 0.14517373), (13, 0.122325)]
[(5, 0.1579725), (11, 0.12991522), (13, 0.11824725)]
[(7, 0.23236097), (11, 0.11219968), (13, 0.1482528)]
[(7, 0.11011865), (10, 0.1734738), (13, 0.15130657)]
[(0, 0.121666655), (4, 0.13297966), (7, 0.105432086)]
[(11, 0.229316)]
[(1, 0.12172031)]
[(2, 0.11622724), (5, 0.119959824)]
[(5, 0.13161798), (11, 0.35777023)]
[(4, 0.3028708)]
[(11, 0.1274472)]
[(1, 0.17828642), (4, 0.11148506), (13, 0.116416)]
[(4, 0.1614988), (8, 0.17081982), (11, 0.1304811), (12, 0.15211603)]
[(1, 0.119007885), (11, 0.3453286)]
[(8, 0.10053571)]
[(8, 0.11849306)]
[(4, 0.2208871), (8, 0.10691808)]
[(11, 0.31304082)]
[(9, 0.15198699), (11, 0.11534248)]
[(0, 0.16055472), (6, 0.103614464)]
[(11, 0.19630143)]
[(11, 0.18650794), (13, 0.11103126)]
[(8, 0.13190204), (11, 0.16116446)]
[(4, 0.10466897), (11, 0.25178277)]
[(0, 0.10546964), (4, 0.21384636)]
[(4, 0.1321616)]
[(10, 0.130589)]
[(1, 0.10515819)]
[(8, 0.15171866), (11, 0.18188962)]
[(0, 0.100866444), (5, 0.10056529), (7, 0.11239608)]
[]
[(1, 0.10679206), (4, 0.18751307)]
[(4, 0.10380799), (8, 0.14009774), (12, 0.24097803)]
[(1, 0.12029369), (4, 0.1426224)]
[(8, 0.10571614)]
[(1, 0.101827405)]
[(4, 0.22198506), (8, 0.30073136)]
[(2, 0.10791237), (10, 0.1246069)]
[(4, 0.10311821), (8, 0.18867806)]
[(9, 0.10551493), (12, 0.12944646)]
[(8, 0.11533118)]
[(5, 0.15233783), (7, 0.18689047)]
[(7, 0.50680715)]
[(5, 0.10060642), (7, 0.26512808)]
[(7, 0.278934)]
[(7, 0.23166686)]
[(7, 0.40951368)]
[(4, 0.1070299), (7, 0.13221599)]
[(7, 0.3687965)]
[(7, 0.19050747)]
[(5, 0.10904575), (7, 0.15415028)]
[(7, 0.33091083)]
[(7, 0.29165843)]
[(5, 0.1492108), (7, 0.5576248)]
[(7, 0.3938945)]
[(5, 0.13176546), (7, 0.1874765), (8, 0.13908556)]
[(7, 0.15737683), (8, 0.104684494)]
[(9, 0.20968261)]
[(7, 0.41733524)]
[(5, 0.10882604), (7, 0.1884593), (8, 0.115215056)]
[(7, 0.27767557)]
[(5, 0.11978615), (7, 0.17572364), (8, 0.1148305), (10, 0.11797434)]
[(3, 0.10653463), (7, 0.3143159)]
[(3, 0.1933777), (4, 0.109550074)]
[(7, 0.23066853), (11, 0.11213007)]
[(7, 0.5714692)]
[(8, 0.11716074), (13, 0.102814294)]
[(5, 0.1474557)]
[(7, 0.45601258)]
[(7, 0.1923142), (10, 0.13764177)]
[(7, 0.30978715)]
[(7, 0.46174103)]
[(7, 0.26427835)]
[(5, 0.14790145), (7, 0.2686643)]
[(7, 0.6080731)]
[(7, 0.19905484)]
[(5, 0.10527296), (7, 0.1503539)]
[(5, 0.11706127), (7, 0.2773812)]
[(5, 0.14057906), (7, 0.27761465)]
[(7, 0.15637933), (9, 0.15981236)]
[(7, 0.21966255), (13, 0.1197668)]
[(7, 0.17468308), (10, 0.10393552)]
[(7, 0.23518534), (10, 0.1940528)]
[(7, 0.44317284)]
[(9, 0.15793176)]
[(7, 0.21431774), (9, 0.10304699), (10, 0.10933995)]
[(7, 0.22309326), (10, 0.1009471)]
[(7, 0.25121439)]
[(7, 0.15257372), (11, 0.24452731)]
[(7, 0.15271851), (11, 0.19666505)]
[(4, 0.1409251), (7, 0.24302123), (9, 0.10155646)]
[(5, 0.18762869), (7, 0.2903063)]
[(7, 0.21626617)]
[(5, 0.10168515), (7, 0.32025537)]
[(5, 0.2751622), (7, 0.41134867)]
[(5, 0.13523243), (7, 0.3399941), (13, 0.108351424)]
[(7, 0.2919893), (10, 0.10861115)]
[(7, 0.36308056)]
[(7, 0.29873037), (11, 0.10251499)]
[(5, 0.17029233), (7, 0.42093837)]
[(0, 0.11068248), (7, 0.38266283)]
[(1, 0.10862191), (7, 0.2663012)]
[(3, 0.100370765), (7, 0.44825983), (9, 0.123027824)]
[(7, 0.49478972)]
[(7, 0.4034963)]
[(7, 0.7757125)]
[(7, 0.3209802)]
[(0, 0.1178318), (7, 0.28274363)]
[(5, 0.110642314), (7, 0.39377093)]
[(7, 0.8244397)]
[(5, 0.12595826), (7, 0.23736109)]
[(7, 0.44061506), (10, 0.100691535)]
[(7, 0.2595314)]
[(7, 0.33023337)]
[(7, 0.29740286)]
[(7, 0.3469893)]
[(7, 0.5231138), (10, 0.17284758)]
[(7, 0.44307804)]
[(5, 0.23802447), (7, 0.28452098), (10, 0.15128961)]
[(7, 0.56996715)]
[(7, 0.2943617)]
[(7, 0.5311278)]
[(7, 0.31132355), (10, 0.114162676)]
[(7, 0.35565943)]
[(1, 0.1976171), (7, 0.13916107)]
[(7, 0.33695984)]
[(7, 0.34691665)]
[(7, 0.35481933)]
[(5, 0.15118171), (7, 0.5106089)]
[(7, 0.5144002)]
[(7, 0.30190918)]
[(7, 0.42253128)]
[(1, 0.14131288), (7, 0.19274102)]
[(0, 0.10350069), (5, 0.15654276), (7, 0.2441599)]
[(5, 0.12969373), (7, 0.2923545)]
[(5, 0.15291815), (7, 0.34226012)]
[(5, 0.10674291), (7, 0.2616601)]
[(7, 0.19800054)]
[(5, 0.18679632), (7, 0.18088102)]
[(7, 0.25621793), (12, 0.1187174)]
[(0, 0.10231339), (7, 0.4388072)]
[(5, 0.2368813), (7, 0.415705)]
[(7, 0.41360217)]
[(7, 0.17025799)]
[(5, 0.116780244), (7, 0.24680185)]
[(4, 0.123524964), (7, 0.16766363)]
[(7, 0.2117391)]
[(7, 0.3104087)]
[(7, 0.22608157), (9, 0.109797664), (12, 0.10786141)]
[(7, 0.2811422)]
[(1, 0.15346998), (7, 0.14672571)]
[(6, 0.13831657), (9, 0.33719575)]
[(4, 0.12744361)]
[(5, 0.13548343), (9, 0.103174195)]
[(6, 0.106058724), (9, 0.11087054)]
[(4, 0.13381486), (6, 0.123858176), (9, 0.12641247)]
[(4, 0.23139097)]
[(4, 0.1420554)]
[(1, 0.11745599), (2, 0.108398244), (8, 0.16567604)]
[(1, 0.6101577)]
[(9, 0.10963364), (10, 0.16285427)]
[(3, 0.10709249), (7, 0.20127812), (8, 0.119395666)]
[(0, 0.15106721), (10, 0.22349635), (13, 0.103195496)]
[(2, 0.10204703), (10, 0.108000636)]
[(4, 0.24544781)]
[(10, 0.14669216)]
[(9, 0.27456778), (11, 0.15666014)]
[(11, 0.25210196)]
[(3, 0.16659606), (8, 0.14840771), (9, 0.11155191)]
[(4, 0.17279749), (10, 0.13250248)]
[(3, 0.13145694), (6, 0.31411943), (11, 0.2115542)]
[(3, 0.11299507), (4, 0.1548297), (10, 0.14089403)]
[(3, 0.11633666), (10, 0.10667002)]
[(3, 0.12372135), (4, 0.10905365), (9, 0.102956526)]
[(4, 0.11352305)]
[(3, 0.1275856), (4, 0.15117894)]
[(6, 0.104154035), (9, 0.18922919), (10, 0.12085969)]
[(4, 0.20085959)]
[(4, 0.18129306)]
[(4, 0.23515621)]
[(3, 0.11699041), (9, 0.13175814)]
[(4, 0.2792993)]
[(3, 0.19122733), (9, 0.11705403)]
[]
[(1, 0.15089358), (2, 0.13331313)]
[(1, 0.15248443)]
[(4, 0.11231702)]
[(1, 0.14555511)]
[(0, 0.160546), (3, 0.102547064), (9, 0.13770358), (12, 0.13050716)]
[(0, 0.20698187)]
[(0, 0.19871366), (2, 0.116815336), (3, 0.10489718)]
[(0, 0.35191378)]
[(1, 0.1655566), (9, 0.10139518)]
[(0, 0.21785963), (12, 0.13540208)]
[(0, 0.14908367)]
[(0, 0.29887843), (1, 0.120419666)]
[(0, 0.11335141), (9, 0.11986687), (12, 0.13910216)]
[(0, 0.17125526), (2, 0.1201954), (3, 0.10539271), (12, 0.10262998)]
[(0, 0.2973257), (11, 0.1155152)]
[(0, 0.17510937), (2, 0.111327805), (11, 0.10798054)]
[(0, 0.1312008), (4, 0.19407725)]
[(1, 0.11117278), (4, 0.2108975)]
[(4, 0.16567415)]
[]
[(4, 0.24756473), (9, 0.10841067), (12, 0.15232861)]
[(4, 0.45072323)]
[(4, 0.476309)]
[(4, 0.3610416)]
[(4, 0.21466191)]
[(9, 0.14192535)]
[(12, 0.13432527)]
[(0, 0.24482559), (2, 0.12523888)]
[(1, 0.13203055), (4, 0.10409019)]
[(1, 0.1753651)]
[(0, 0.27008843)]
[(1, 0.11274319), (4, 0.23656315)]
[(0, 0.1656205), (5, 0.13825609)]
[(0, 0.18128799)]
[(1, 0.13310438)]
[(0, 0.109046094), (4, 0.175638)]
[(2, 0.11363324)]
[(0, 0.16970173), (5, 0.102821104), (12, 0.103214115)]
[(0, 0.108276404), (3, 0.102781884)]
[(2, 0.1014925), (4, 0.121851526), (6, 0.13146761)]
[(0, 0.12585412), (7, 0.12548928), (8, 0.10600554)]
[(0, 0.1406025), (2, 0.1854871)]
[(1, 0.13731405), (5, 0.23443353)]
[(2, 0.13391821), (11, 0.2760465)]
[(0, 0.16555299), (2, 0.15381739), (11, 0.114114515)]
[(0, 0.124131165), (2, 0.48922238)]
[(0, 0.11789537)]
[(3, 0.17154773), (6, 0.113898225)]
[(0, 0.118560515), (2, 0.14582789)]
[(0, 0.17886314), (11, 0.123050205)]
[(0, 0.14016557), (2, 0.17278464)]
[(0, 0.15562023)]
[(2, 0.21961866), (3, 0.18344185), (5, 0.10411066)]
[(0, 0.14166106), (11, 0.17882937), (12, 0.14192407)]
[(0, 0.3303135)]
[(0, 0.11906483), (3, 0.10550697), (7, 0.105344824), (13, 0.11277198)]
[(0, 0.17353487)]
[(0, 0.18717806), (2, 0.16609041)]
[(2, 0.15452598), (11, 0.3144397)]
[(11, 0.17742069)]
[(12, 0.13605063)]
[(0, 0.1571681)]
[(0, 0.15088362), (1, 0.3619148)]
[(0, 0.18274589), (7, 0.10825436)]
[(0, 0.1944688), (5, 0.17385122)]
[(0, 0.15598771), (1, 0.1261632), (2, 0.10786753), (5, 0.18643446)]
[(0, 0.19601047), (5, 0.14854635), (10, 0.12314312)]
[(0, 0.123012625), (2, 0.11495535)]
[(0, 0.22153252), (7, 0.13076882)]
[(0, 0.16949166), (1, 0.13075654), (9, 0.10641972)]
[(0, 0.17123392), (2, 0.14315385), (6, 0.10587661)]
[(1, 0.14102852), (4, 0.104100175)]
[(1, 0.16887471), (8, 0.14103276)]
[(0, 0.2240686)]
[(0, 0.20182355), (1, 0.10274588), (2, 0.16496438)]
[(0, 0.24402086)]
[(8, 0.10281623), (9, 0.13068098)]
[(9, 0.24037062)]
[(9, 0.3883199), (10, 0.16081917)]
[(1, 0.12718703), (8, 0.12481902), (9, 0.15072937)]
[(9, 0.19472037)]
[(9, 0.31432644)]
[(8, 0.1174807), (9, 0.10129047)]
[(9, 0.15753454)]
[(7, 0.19585578), (9, 0.3551252)]
[(6, 0.101713955), (9, 0.2321572)]
[]
[(9, 0.18371741)]
[(8, 0.20334075), (9, 0.11927721)]
[(6, 0.13960685), (9, 0.36170906)]
[(9, 0.11359615), (10, 0.13899419)]
[(1, 0.22504841), (3, 0.24534318), (8, 0.11372776)]
[(1, 0.20684221)]
[(4, 0.14038171)]
[(12, 0.12469404)]
[(12, 0.15288131)]
[(11, 0.1065984)]
[(4, 0.11622209)]
[(8, 0.1643965)]
[(4, 0.31624487), (12, 0.13373162)]
[(1, 0.13279532)]
[(1, 0.300604)]
[(4, 0.14143465), (12, 0.13008039)]
[]
[(1, 0.16405931), (4, 0.19134167)]
[(1, 0.15981449), (8, 0.20100918), (9, 0.16391599)]
[]
[(8, 0.13566159), (13, 0.112674005)]
[]
[(2, 0.1131372), (11, 0.18264069)]
[(11, 0.1346049)]
[(0, 0.11617453), (1, 0.10075781), (4, 0.116139136), (12, 0.26878342)]
[(11, 0.28663278)]
[(10, 0.14545003)]
[(12, 0.212084)]
[(11, 0.3185567)]
[(6, 0.10891684), (10, 0.10698251)]
[(2, 0.17125672)]
[(2, 0.12605265), (8, 0.116454795)]
[(1, 0.14047661), (4, 0.1037847)]
[(1, 0.10932053), (2, 0.11351646)]
[(4, 0.11022906), (11, 0.1604167)]
[(1, 0.15354061), (8, 0.123383544)]
[(4, 0.1227151), (8, 0.10851747), (11, 0.17297603)]
[(6, 0.12063191), (8, 0.18018638), (11, 0.20193917), (12, 0.11797734)]
[(0, 0.19123186), (8, 0.119199194)]
[(5, 0.13946727), (9, 0.101593316)]
[(1, 0.11113755), (9, 0.117913514)]
[(1, 0.11062819), (4, 0.14051622), (8, 0.11816657)]
[(11, 0.24456598), (12, 0.15867424)]
[(12, 0.17528823)]
[(9, 0.13506292)]
[(8, 0.123692796), (11, 0.24700247)]
[]
[(1, 0.21193695)]
[(8, 0.5630632)]
[(7, 0.10391248), (8, 0.47191373), (11, 0.122988224)]
[(3, 0.12490376), (4, 0.13258016), (8, 0.12997575), (9, 0.13224222)]
[(11, 0.15170796)]
[(5, 0.13139597), (11, 0.15077332)]
[]
[(8, 0.16110653), (11, 0.20613484), (12, 0.12200174)]
[(5, 0.10417949), (11, 0.12960084), (12, 0.14531644)]
[(11, 0.16595966)]
[(11, 0.16395067)]
[(11, 0.18855093)]
[(9, 0.112290226)]
[(8, 0.10799012), (11, 0.13854414)]
[(1, 0.15049474), (8, 0.18517919)]
[(3, 0.130021)]
[(11, 0.18085426)]
[(10, 0.20094937)]
[(9, 0.101908535)]
[(11, 0.10958681)]
[(7, 0.1123719)]
[(4, 0.17496741), (8, 0.2649516)]
[]
[(5, 0.12166975), (10, 0.13666913), (11, 0.10942695)]
[(2, 0.13362403), (10, 0.16769795), (11, 0.20473807)]
[(10, 0.12802307), (11, 0.31298858)]
[(2, 0.16217218), (11, 0.22828448)]
[(2, 0.14240582), (11, 0.44190505), (12, 0.12467744)]
[(1, 0.10096407), (8, 0.11290109)]
[(4, 0.110776514), (7, 0.12902787), (11, 0.10997978)]
[(11, 0.12399601)]
[(2, 0.16795374), (7, 0.12889679), (11, 0.12699404)]
[(3, 0.10454205), (8, 0.14041144)]
[(4, 0.2243853), (11, 0.15025555)]
[(4, 0.121459134), (8, 0.10821906)]
[(1, 0.15681444)]
[(9, 0.13124415)]
[(1, 0.17811269)]
[(0, 0.13930227), (5, 0.14722086)]
[(5, 0.12295037), (7, 0.1565648), (10, 0.12463705), (12, 0.12561873)]
[(9, 0.102851585), (10, 0.10704938), (12, 0.13605382)]
[(5, 0.16598222), (7, 0.13084868), (10, 0.14279953), (13, 0.12702313)]
[(5, 0.11860692), (10, 0.17255303)]
[(0, 0.10741122), (5, 0.21361159), (10, 0.24830584)]
[(5, 0.107216574)]
[(5, 0.2674801), (10, 0.16545816)]
[(1, 0.11834244), (5, 0.1676697), (8, 0.107906274), (10, 0.20322672)]
[(5, 0.22861378), (10, 0.33260295)]
[(5, 0.28253958), (10, 0.12607469)]
[(5, 0.21047704), (10, 0.15415138), (12, 0.10680661)]
[(5, 0.22105736)]
[(5, 0.115364976), (10, 0.23912895)]
[(5, 0.3308444), (10, 0.18147212)]
[(9, 0.150803)]
[(5, 0.14046082), (9, 0.10876871)]
[(5, 0.20848498), (10, 0.11468639)]
[(5, 0.20866925), (8, 0.10689569)]
[(5, 0.20792267), (10, 0.14933188)]
[(5, 0.27873582), (10, 0.1147892)]
[(5, 0.18178669)]
[(3, 0.12192842), (5, 0.2320047)]
[(5, 0.18373756)]
[(5, 0.36893943), (10, 0.13524054)]
[(5, 0.17374355), (10, 0.13336137)]
[(9, 0.13158813), (11, 0.12587734)]
[(5, 0.16724312), (10, 0.27386442)]
[(5, 0.2520362), (10, 0.10655849)]
[(5, 0.27232918), (10, 0.20824558)]
[(4, 0.107056), (10, 0.16805607)]
[(1, 0.12135623), (5, 0.16767761), (10, 0.10252709)]
[(5, 0.16803868), (10, 0.5412394)]
[(8, 0.1299472), (10, 0.12369764)]
[(5, 0.13983737), (7, 0.1951718)]
[(5, 0.311715), (10, 0.30769667)]
[(1, 0.10813219), (5, 0.17448424)]
[(0, 0.1119455), (5, 0.11608448), (7, 0.13090642)]
[(5, 0.20759223), (12, 0.104172505)]
[(5, 0.2037803), (10, 0.113646686)]
[(5, 0.18936801), (10, 0.10040919)]
[(10, 0.10215383)]
[(2, 0.11715689)]
[]
[(5, 0.1163768)]
[(4, 0.15512821)]
[(8, 0.14165695)]
[]
[(13, 0.13155012)]
[(0, 0.11882159), (8, 0.10539013), (10, 0.12722437)]
[]
[(9, 0.2818183)]
[(3, 0.114814766), (6, 0.10635654), (9, 0.3514618)]
[(8, 0.13570802), (9, 0.11057615)]
[(4, 0.16428964)]
[(4, 0.19870986), (12, 0.11372279)]
[(9, 0.118060865)]
[(4, 0.18238844)]
[(5, 0.16147035)]
[(12, 0.13085799)]
[(5, 0.10619242), (10, 0.1726652)]
[(6, 0.11574746), (12, 0.14844434)]
[(5, 0.10674528), (10, 0.1367527)]
[(5, 0.10757148), (7, 0.14442493), (9, 0.17287011)]
[(9, 0.3514128)]
[(9, 0.31356245)]
[(9, 0.12181879)]
[(5, 0.10300787)]
[(13, 0.11168774)]
[(4, 0.13187855)]
[(4, 0.11784736), (5, 0.120712794)]
[(1, 0.12155855), (4, 0.15629113)]
[(12, 0.25153047)]
[(1, 0.10188141), (13, 0.100050926)]
[(1, 0.13499579), (8, 0.1087611), (13, 0.11312181)]
[(3, 0.15979128), (9, 0.12243763)]
[(13, 0.112827204)]
[(8, 0.12128675)]
[(3, 0.10187594), (10, 0.13202436)]
[(4, 0.13035592)]
[(1, 0.11484454), (4, 0.15859891)]
[(3, 0.1254472), (8, 0.1427154), (10, 0.10558854), (12, 0.10987946)]
[(3, 0.11749873), (9, 0.26764107)]
[(3, 0.15234296), (9, 0.22966044)]
[(1, 0.14295195), (3, 0.14767283), (9, 0.18324824)]
[(3, 0.10396367), (9, 0.116680756), (10, 0.12569596)]
[(2, 0.1019165), (3, 0.11370707), (9, 0.28852373)]
[(5, 0.10101134), (9, 0.12761593), (10, 0.3814988)]
[(10, 0.12725517)]
[(3, 0.14906901), (9, 0.2110106)]
[(9, 0.32504168)]
[(7, 0.10074606), (9, 0.33615437)]
[(10, 0.32630965)]
[(3, 0.11251819), (9, 0.41190898)]
[(9, 0.27513155), (10, 0.18655096)]
[(9, 0.40457505), (10, 0.10094573)]
[(1, 0.12095736)]
[(5, 0.12323259), (9, 0.21107192), (10, 0.10199396)]
[(1, 0.24653643)]
[(3, 0.11513275), (9, 0.5153275)]
[(7, 0.10547171), (9, 0.37607163), (10, 0.1014932)]
[(9, 0.22127374)]
[(3, 0.10128085), (9, 0.4389435)]
[(1, 0.19539028)]
[(4, 0.10280127), (7, 0.11572995)]
[(1, 0.114268094), (9, 0.18384396)]
[(3, 0.12347117), (7, 0.10859352), (9, 0.1685213), (10, 0.104212604), (11, 0.11142437)]
[(2, 0.11881231), (9, 0.33668017)]
[(9, 0.19487005), (10, 0.11175481)]
[(5, 0.10441441), (7, 0.14070301), (9, 0.17237452)]
[(3, 0.118661724), (4, 0.26687253), (12, 0.12996252)]
[(9, 0.11968093), (11, 0.26147774)]
[(9, 0.5339423)]
[(9, 0.57365596)]
[(9, 0.12560174), (11, 0.16075103)]
[(9, 0.38343805), (11, 0.109674565)]
[(9, 0.11914248)]
[(9, 0.5656538)]
[(9, 0.37777773), (10, 0.31234255)]
[(3, 0.11889702), (9, 0.39506423)]
[(4, 0.10068269)]
[(9, 0.35751957), (11, 0.1441731)]
[(9, 0.43981102)]
[(9, 0.1370224), (10, 0.11392904)]
[(4, 0.10181391), (5, 0.114073925), (9, 0.13310218)]
[(9, 0.32252726)]
[(5, 0.15978348), (9, 0.4407752)]
[(3, 0.15546001), (9, 0.38418862)]
[(9, 0.13687359)]
[(3, 0.16420588), (9, 0.3659814)]
[(4, 0.14433828), (8, 0.1307992)]
[(3, 0.13341616), (9, 0.58521384)]
[(3, 0.14529042), (9, 0.13976231), (11, 0.111544974)]
[]
[(11, 0.30259836)]
[(7, 0.110664666), (9, 0.12211603), (10, 0.1953121)]
[(3, 0.16030069), (9, 0.29849398)]
[(3, 0.14169513), (9, 0.46432096)]
[(5, 0.12873676), (7, 0.114508264), (9, 0.14832793), (12, 0.103135936)]
[(9, 0.41927743)]
[(3, 0.14128411), (9, 0.25720447)]
[(9, 0.52571476)]
[(9, 0.39385447)]
[(9, 0.23747887)]
[(9, 0.41471577)]
[(5, 0.14547864), (10, 0.12093618)]
[(9, 0.2167661)]
[(2, 0.12606572), (5, 0.10387895), (9, 0.31954968)]
[(0, 0.123192914), (9, 0.16604905), (12, 0.12339228)]
[(3, 0.31475326), (9, 0.35470584)]
[(9, 0.2992711)]
[(1, 0.13399345), (9, 0.3804569)]
[]
[(2, 0.1616124), (9, 0.13317898), (11, 0.12255446)]
[(9, 0.3753433)]
[(1, 0.14752617), (8, 0.1326278)]
[(1, 0.10655715)]
[]
[(1, 0.17442147)]
[(11, 0.11785332)]
[(9, 0.12350103)]
[(9, 0.19217935)]
[(7, 0.124813415), (9, 0.15206826), (13, 0.101039805)]
[(8, 0.10233526), (9, 0.14616452)]
[(0, 0.5304797), (5, 0.123148605)]
[(0, 0.19372585)]
[(0, 0.106230214), (4, 0.18773416), (12, 0.102479905)]
[]
[(1, 0.26520064), (8, 0.15791054)]
[(4, 0.19162227), (8, 0.17194475)]
[(3, 0.20241292), (9, 0.12509677), (13, 0.11508734)]
[(4, 0.114927515), (7, 0.22521715), (10, 0.113668285)]
[(7, 0.2884103)]
[(7, 0.24445875), (13, 0.10582219)]
[(7, 0.17519478)]
[(4, 0.10334237), (7, 0.28052485)]
[(5, 0.13999228), (7, 0.11693171)]
[(7, 0.31394646), (13, 0.10272027)]
[(7, 0.32090423)]
[(5, 0.15979739), (7, 0.116371326), (10, 0.10929071), (12, 0.12378818)]
[(7, 0.2361457), (10, 0.11652855)]
[(9, 0.16643097)]
[(7, 0.23283987), (10, 0.10597969), (13, 0.12244795)]
[(4, 0.34666783)]
[(4, 0.31257668)]
[(4, 0.1449284)]
[(1, 0.17570478)]
[(1, 0.1433667), (4, 0.121077105)]
[(1, 0.21298571), (4, 0.19926114), (8, 0.10171477)]
[(11, 0.10562653)]
[(4, 0.34242988)]
[(0, 0.112180345), (5, 0.31064808), (12, 0.11622018)]
[(4, 0.422232)]
[(9, 0.1364497)]
[(7, 0.106345996)]
[(7, 0.10690558), (8, 0.117649466)]
[(4, 0.10073338), (6, 0.105154075), (12, 0.106699534), (13, 0.13552518)]
[(1, 0.15478843)]
[(1, 0.10608494)]
[(4, 0.5258181)]
[(1, 0.13191774), (4, 0.13046719)]
[(3, 0.15208077), (9, 0.10353983), (11, 0.10849643)]
[(4, 0.101319246), (5, 0.10665317)]
[(4, 0.70036596)]
[(4, 0.31261593)]
[(4, 0.6904738)]
[(1, 0.16220038), (4, 0.10841859)]
[(4, 0.310909), (12, 0.10392479)]
[(4, 0.23175366), (9, 0.11090957), (12, 0.13713501)]
[(1, 0.15522063), (9, 0.1267416)]
[(4, 0.13230395)]
[(4, 0.14415659), (8, 0.13297458)]
[(4, 0.34636253)]
[(4, 0.10808236), (8, 0.11742439), (12, 0.11468971)]
[(5, 0.13745248)]
[(4, 0.104659624)]
[(4, 0.11477866), (9, 0.16348654)]
[(9, 0.16507776)]
[(4, 0.13685353)]
[(4, 0.10814988)]
[]
[(5, 0.11412561), (9, 0.11463645), (10, 0.1071929)]
[(8, 0.12361241), (9, 0.17650127)]
[]
[(9, 0.10786745)]
[(1, 0.21830809)]
[(7, 0.24410616), (10, 0.100089096), (13, 0.107728414)]
[(7, 0.2098639), (10, 0.21699914), (13, 0.104475975)]
[(7, 0.1061304), (13, 0.10351567)]
[(3, 0.106990196), (10, 0.20099977)]
[(7, 0.15997146), (10, 0.15469949)]
[(10, 0.13128978), (11, 0.12284784), (13, 0.10247506)]
[(7, 0.105694346), (10, 0.19282144)]
[(13, 0.7270993)]
[(3, 0.1149588), (10, 0.28131697)]
[(7, 0.12860431), (13, 0.115183674)]
[(10, 0.22895335)]
[(7, 0.24347606), (10, 0.34146303)]
[(3, 0.18212435), (7, 0.15661585)]
[]
[(7, 0.15204088), (10, 0.28350684)]
[(7, 0.20900418), (10, 0.191259), (13, 0.11596122)]
[(7, 0.14155836), (10, 0.17465469), (13, 0.10007898)]
[(7, 0.13199976), (10, 0.3558244)]
[(3, 0.11652947), (7, 0.12133825)]
[(7, 0.18973562), (10, 0.18995376), (11, 0.10537117)]
[(7, 0.15076429)]
[(10, 0.23406827)]
[(7, 0.12097984), (13, 0.40969682)]
[(13, 0.97829586)]
[(3, 0.13365115), (5, 0.10195282), (10, 0.16451257)]
[(7, 0.25788608), (13, 0.11215953)]
[(7, 0.18530591), (10, 0.17043366)]
[(7, 0.3883758), (10, 0.112983145), (13, 0.12778471)]
[(7, 0.44589734), (10, 0.18375252), (13, 0.11974927)]
[(2, 0.10720286), (7, 0.22767653), (10, 0.19239151)]
[(3, 0.13011134), (7, 0.12594451), (10, 0.12014852)]
[(13, 0.14793321)]
[(1, 0.10293951), (5, 0.10737767), (7, 0.13409856)]
[(5, 0.11944142), (7, 0.1014806), (10, 0.20132576)]
[(7, 0.14107642), (10, 0.2383378)]
[(13, 0.21347192)]
[(1, 0.10179996), (4, 0.115528956), (8, 0.116541095)]
[(7, 0.14573032), (13, 0.12683706)]
[(7, 0.24034613), (13, 0.22540602)]
[(7, 0.24965724), (10, 0.20894913), (13, 0.15638477)]
[(0, 0.108254276), (5, 0.12930533)]
[(5, 0.14970651), (7, 0.11627301), (10, 0.19299568)]
[(7, 0.10380556), (13, 0.23964609)]
[(5, 0.10723021), (10, 0.4728076)]
[(3, 0.1377682), (7, 0.25602022), (10, 0.13112976), (13, 0.12566343)]
[(5, 0.15420833), (7, 0.1285486), (8, 0.10567294), (12, 0.10593631)]
[(7, 0.16235514), (8, 0.10257169), (10, 0.27399284)]
[(7, 0.119572826), (13, 0.14295362)]
[(7, 0.19744268)]
[(5, 0.1463621), (7, 0.227778), (13, 0.14884469)]
[(7, 0.11461679), (10, 0.4775004)]
[(1, 0.14864191), (4, 0.20771402)]
[(4, 0.24789841)]
[(10, 0.12374283)]
[(11, 0.21485394)]
[(1, 0.114935465), (8, 0.11251121), (12, 0.102986954)]
[(1, 0.14309111)]
[(10, 0.12702344)]
[(4, 0.118499376), (8, 0.12776881)]
[]
[(1, 0.13292016), (8, 0.14097093), (9, 0.12996712), (10, 0.15020692)]
[(1, 0.14772646), (8, 0.108328655)]
[(4, 0.11657655)]
[(4, 0.11363922)]
[(1, 0.18348086), (3, 0.119036034)]
[(1, 0.16087583)]
[(4, 0.10348623)]
[(4, 0.11797441), (8, 0.12772708)]
[(5, 0.10769577), (9, 0.108946785)]
[]
[(9, 0.111840166)]
[(4, 0.118388385), (9, 0.14627033), (11, 0.10550119)]
[(4, 0.14771892)]
[(0, 0.11073209), (4, 0.1001932)]
[(10, 0.22151798)]
[(4, 0.15283644), (9, 0.10533525)]
[]
[(3, 0.20323603), (6, 0.17742716)]
[(9, 0.20417151), (11, 0.1315993)]
[(11, 0.13058795)]
[(4, 0.2952905)]
[(1, 0.1473376)]
[(1, 0.113496095), (4, 0.14130607)]
[(1, 0.2652275), (8, 0.12114675)]
[(2, 0.10800957), (4, 0.12255222)]
[(3, 0.16864358)]
[(5, 0.1336637), (7, 0.1597549), (9, 0.13511188), (13, 0.26762643)]
[(1, 0.10719237), (10, 0.12325407)]
[(3, 0.1117274), (11, 0.15352109), (12, 0.124146976)]
[(1, 0.113760315), (4, 0.17131788)]
[(1, 0.107212186), (4, 0.1742298)]
[(9, 0.16609944), (10, 0.10201483)]
[(3, 0.12432104), (10, 0.20866962)]
[(8, 0.11413684), (9, 0.21496224), (10, 0.11301806)]
[(7, 0.14859466), (12, 0.15113132)]
[(9, 0.110060304), (11, 0.108937345)]
[(6, 0.223533), (8, 0.16929361), (10, 0.12957034)]
[(4, 0.60212934)]
[(3, 0.15560445), (9, 0.13854723)]
[(2, 0.10469798), (9, 0.14999123)]
[]
[(11, 0.14806373)]
[(9, 0.2996204)]
[(9, 0.10494976), (11, 0.15270084)]
[(1, 0.1002939), (9, 0.16538931)]
[(2, 0.10219059), (9, 0.22121915), (11, 0.1781441)]
[(7, 0.1071758), (9, 0.20749743)]
[(1, 0.10764942), (9, 0.16997266)]
[(2, 0.15389796), (9, 0.20352134)]
[(1, 0.12540759), (9, 0.19151683)]
[(2, 0.110667765), (9, 0.2833085), (11, 0.22281042)]
[(9, 0.121587284)]
[(9, 0.1646809), (11, 0.1913105)]
[(9, 0.1206058), (11, 0.14113192)]
[(4, 0.13230053)]
[(8, 0.13399197)]
[(7, 0.1043054), (11, 0.18884917)]
[(3, 0.11034151)]
[(7, 0.32541087)]
[(3, 0.10077087), (7, 0.10762572), (9, 0.18783219)]
[(7, 0.1536232)]
[(7, 0.1144443), (8, 0.15541418), (11, 0.16911091)]
[(7, 0.14930943), (10, 0.15552074), (11, 0.21509281)]
[(7, 0.19982807), (9, 0.26185092)]
[(11, 0.5122451)]
[(4, 0.48312965)]
[(7, 0.12622574), (9, 0.26953614)]
[(9, 0.10897369)]
[]
[(3, 0.109430045), (5, 0.10000402)]
[(8, 0.10615753), (9, 0.1212772), (11, 0.10787222)]
[(2, 0.109095246), (12, 0.10976253)]
[(3, 0.15468314)]
[(11, 0.14676836)]
[(7, 0.22083569), (9, 0.15483323), (10, 0.16066253), (11, 0.13149354)]
[(3, 0.11082212), (7, 0.10752782), (9, 0.21468958)]
[(9, 0.1316182)]
[(4, 0.41673848)]
[(7, 0.17227197), (10, 0.1478891)]
[(7, 0.20172389), (9, 0.2408412)]
[(0, 0.14854605), (2, 0.10601606)]
[(4, 0.33118016), (6, 0.11897852)]
[(11, 0.26032498), (12, 0.10652754)]
[(4, 0.14099708), (8, 0.11501597)]
[(11, 0.11805776)]
[(11, 0.2577365)]
[(11, 0.1961055)]
[(1, 0.106900714), (8, 0.10915747), (10, 0.10020093)]
[(2, 0.110036775), (4, 0.20218505)]
[(5, 0.13526453)]
[(11, 0.23383747)]
[(11, 0.35992408)]
[(5, 0.122325994), (11, 0.24756767)]
[(1, 0.13886106), (8, 0.103796154)]
[(4, 0.20466493)]
[(4, 0.23438299), (13, 0.11562243)]
[(1, 0.14882992), (12, 0.109815635)]
[(4, 0.120110996)]
[(1, 0.21831773), (10, 0.10443006), (13, 0.11018838)]
[(8, 0.17056485)]
[(8, 0.11898447), (10, 0.12742841)]
[(2, 0.10457123)]
[(1, 0.121250935), (8, 0.28081122)]
[(1, 0.10191587), (4, 0.24029039), (8, 0.13328147)]
[(0, 0.19804396), (5, 0.11109323), (7, 0.15683259), (10, 0.11048784)]
[(0, 0.24088806)]
[(0, 0.2497898), (3, 0.12690894), (5, 0.14759156), (9, 0.11789956)]
[(9, 0.1910548), (10, 0.16319694)]
[(0, 0.18304972), (2, 0.1031191), (11, 0.1032577)]
[(0, 0.217217)]
[(2, 0.13101465), (11, 0.105478205)]
[(0, 0.38399217), (10, 0.16152768)]
[(3, 0.11407091), (9, 0.14942135), (12, 0.17127639)]
[(7, 0.19914317)]
[(3, 0.1158186), (7, 0.105548345), (9, 0.115201384)]
[(6, 0.11589126), (8, 0.111362234)]
[(1, 0.102077655), (4, 0.13093188), (8, 0.11873992)]
[(9, 0.14934233), (11, 0.10838855)]
[(7, 0.119821966)]
[(8, 0.13383393), (10, 0.12604378), (11, 0.110685736), (12, 0.13546036)]
[(7, 0.14844547)]
[(7, 0.12671155)]
[(7, 0.10874778), (8, 0.12967871), (11, 0.11488298)]
[(7, 0.23259269)]
[(7, 0.11964727)]
[(7, 0.13681068), (12, 0.11186841)]
[(7, 0.18732262)]
[(5, 0.17261036)]
[(7, 0.23909062)]
[(7, 0.15129678)]
[(4, 0.1881103), (7, 0.18489532)]
[(7, 0.15817036), (12, 0.10172889)]
[(1, 0.1019586), (3, 0.1156367)]
[(1, 0.30277148)]
[(1, 0.17100088)]
[(1, 0.15897597)]
[(9, 0.12684353)]
[(9, 0.102226175), (11, 0.13842909)]
[(4, 0.11703953), (7, 0.100404024), (9, 0.20021857)]
[(7, 0.12903963), (9, 0.13275833)]
[(7, 0.14286013), (9, 0.1223322)]
[(9, 0.16304904), (11, 0.10235176), (12, 0.109544836)]
[(9, 0.24009372)]
[(9, 0.25018597)]
[(9, 0.3525078), (10, 0.12677269)]
[(9, 0.22371744)]
[(4, 0.1021885), (11, 0.114455946)]
[(7, 0.10030699), (9, 0.21582863)]
[(9, 0.22011112), (11, 0.23151161)]
[(4, 0.108954854)]
[(1, 0.109688945), (4, 0.14672364)]
[(1, 0.13995744), (4, 0.11682912)]
[(4, 0.17875414)]
[(4, 0.14598766)]
[(4, 0.16771051), (8, 0.13111494)]
[(1, 0.1975376), (8, 0.1004841)]
[(1, 0.12184549)]
[(0, 0.10519679), (5, 0.14708915)]
[(0, 0.1217516), (12, 0.11306606)]
[(0, 0.21790056), (5, 0.119584896)]
[]
[(0, 0.17490895), (3, 0.101787046), (7, 0.11683442)]
[(9, 0.17695032), (11, 0.11798188)]
[(5, 0.15306596)]
[(0, 0.17214613)]
[(0, 0.14058796)]
[(9, 0.167739), (11, 0.13979566)]
[(9, 0.17461619)]
[(9, 0.19876039)]
[(9, 0.24291267)]
[(9, 0.17189431)]
[(9, 0.2092821)]
[(1, 0.12391623), (2, 0.14861287), (9, 0.27269804)]
[(8, 0.12100463), (9, 0.13166013)]
[(9, 0.6419569)]
[(8, 0.1113722), (9, 0.10240882)]
[(9, 0.84037805)]
[(5, 0.27435762), (13, 0.120637484)]
[]
[(2, 0.14400719), (4, 0.10739516)]
[(9, 0.11263)]
[]
[(2, 0.10280021), (3, 0.13306591), (11, 0.143852)]
[]
[(2, 0.1300793), (11, 0.186613)]
[(2, 0.1105745), (3, 0.23087277)]
[(3, 0.13779548), (10, 0.10767128)]
[(3, 0.11793872), (5, 0.14148305), (10, 0.12090102)]
[(7, 0.10625402), (11, 0.11335162)]
[(5, 0.12549424), (10, 0.10297531), (11, 0.11589417)]
[(11, 0.34424302), (12, 0.14180458)]
[(11, 0.33271107), (12, 0.113537334)]
[(2, 0.10623626), (11, 0.31683964)]
[(3, 0.18031694), (11, 0.15680808)]
[(5, 0.20671016)]
[(11, 0.2841361)]
[(3, 0.1391381)]
[(5, 0.17686357), (11, 0.12913771)]
[(11, 0.17950137)]
[(1, 0.18823224), (2, 0.116877764), (3, 0.11682169), (11, 0.111906506)]
[(1, 0.13517538), (6, 0.1044668), (11, 0.16278705)]
[(11, 0.3647664)]
[(1, 0.16821632), (5, 0.10296408), (11, 0.30350602)]
[(3, 0.18723303), (4, 0.13465054)]
[(11, 0.23966794)]
[(5, 0.24198294), (10, 0.19091013)]
[(3, 0.1842512), (5, 0.111743234), (11, 0.11373712)]
[(3, 0.35810554), (11, 0.1091229)]
[(13, 0.10538819)]
[(2, 0.109714545), (6, 0.16622275), (11, 0.14131635)]
[(5, 0.11053295), (11, 0.15219465)]
[(3, 0.17044486), (8, 0.11640174)]
[(3, 0.1562804), (11, 0.13567773), (12, 0.1973065)]
[(3, 0.20363489), (11, 0.16136049)]
[(1, 0.10061612)]
[(5, 0.14112817)]
[(5, 0.10091896)]
[(11, 0.23412749)]
[(2, 0.11691163), (5, 0.14042243)]
[(1, 0.14978239), (5, 0.15710479), (10, 0.15294619)]
[(0, 0.120264694), (4, 0.115822546), (5, 0.10796183)]
[]
[(3, 0.14368382), (8, 0.119600035)]
[(5, 0.33699146)]
[]
[(7, 0.14322986), (11, 0.1275549)]
[(1, 0.10073132), (3, 0.10698445)]
[(10, 0.117862016)]
[(3, 0.14947797), (10, 0.13568494)]
[(11, 0.13451889)]
[(9, 0.20135072), (12, 0.1731769)]
[(2, 0.12162571), (11, 0.26153105)]
[(0, 0.11224288), (2, 0.120272025), (11, 0.12322716)]
[(1, 0.13026534), (11, 0.2621022)]
[(1, 0.11407075), (2, 0.12127404), (5, 0.11018516), (11, 0.11975147)]
[(10, 0.10817475), (11, 0.12044166)]
[(0, 0.2883), (3, 0.11495012)]
[(9, 0.1015324), (10, 0.11476792)]
[(8, 0.10832705), (11, 0.32921195)]
[(11, 0.23449914)]
[(5, 0.11638582), (11, 0.3446074)]
[(0, 0.11017261), (1, 0.10665393), (3, 0.13068387), (12, 0.10136782)]
[(11, 0.13228628)]
[(11, 0.2933318)]
[(1, 0.11979815), (8, 0.10078461), (11, 0.17466694), (13, 0.11137331)]
[(11, 0.5420262)]
[(0, 0.12618493), (3, 0.10868528), (11, 0.199347)]
[(11, 0.49038267)]
[(11, 0.17384341)]
[(7, 0.17327729), (11, 0.3734485)]
[(0, 0.13018656), (12, 0.11238531)]
[(1, 0.185567), (5, 0.16137183)]
[(6, 0.14371233), (7, 0.10385022)]
[(1, 0.14658053)]
[(7, 0.124897234), (9, 0.1350559), (10, 0.10577102)]
[(9, 0.12214184)]
[(4, 0.1334217), (10, 0.15287419), (12, 0.10436161)]
[(5, 0.13984527), (10, 0.11404605)]
[(3, 0.121573366), (11, 0.2766587)]
[(8, 0.13624822), (13, 0.11978113)]
[(10, 0.11476528)]
[(3, 0.10177122), (4, 0.1271791), (5, 0.11008476)]
[(4, 0.12955756), (8, 0.10080795)]
[(8, 0.1090737)]
[(1, 0.16157432), (4, 0.1989315)]
[(0, 0.3308636)]
[(0, 0.10016567), (1, 0.10637602), (6, 0.14095008), (9, 0.13676031)]
[(0, 0.19671474), (2, 0.112740524), (5, 0.11296559), (6, 0.1031185)]
[(1, 0.20879853)]
[(3, 0.11186124), (12, 0.18106517)]
[(0, 0.21439536), (6, 0.104008846)]
[(0, 0.11399279), (6, 0.14447904)]
[(0, 0.21334349)]
[(7, 0.16078731), (11, 0.27845344)]
[(6, 0.10910521), (12, 0.10702628)]
[(0, 0.17310277), (6, 0.10089538), (12, 0.12119842)]
[(0, 0.14056571), (6, 0.1463033)]
[(0, 0.108386315), (1, 0.12702371)]
[(0, 0.11628476), (2, 0.10104629), (5, 0.13170154), (6, 0.1059617)]
[(2, 0.113300905), (11, 0.11386382)]
[(6, 0.19513106), (12, 0.20298831)]
[(0, 0.12542094), (2, 0.11085892)]
[(1, 0.1377439), (6, 0.10915169), (12, 0.14177978)]
[]
[(0, 0.14090557), (12, 0.27036545)]
[(8, 0.119275846)]
[(1, 0.14231743), (4, 0.104953036)]
[(4, 0.10503134), (8, 0.10395612)]
[(6, 0.108768284), (8, 0.123869784)]
[]
[(1, 0.13756646)]
[(0, 0.101002865), (3, 0.13870491), (4, 0.13417026), (9, 0.148402)]
[(0, 0.1033082), (4, 0.10961317)]
[(9, 0.2289991)]
[(9, 0.13861108)]
[(9, 0.1566501)]
[]
[(8, 0.10888509)]
[(2, 0.1318186), (5, 0.1411762), (9, 0.119190924)]
[(5, 0.50519234)]
[(5, 0.16021484)]
[(3, 0.110621564), (5, 0.100261115)]
[(5, 0.11507158)]
[(5, 0.11258158), (8, 0.116310485), (9, 0.106631234)]
[(1, 0.20162676)]
[(4, 0.13792153), (8, 0.109096624), (9, 0.17897), (10, 0.17427468)]
[(9, 0.2576561), (10, 0.20733114)]
[(6, 0.13017848)]
[(0, 0.1027627), (8, 0.10559375)]
[(3, 0.2183103), (8, 0.10260067), (9, 0.116991006)]
[(3, 0.119811565)]
[(9, 0.12476042)]
[(8, 0.11436693), (9, 0.105643615)]
[(6, 0.11910625), (8, 0.11459343), (13, 0.105852045)]
[(8, 0.22077669)]
[(8, 0.31319472)]
[(1, 0.11470163), (4, 0.110821255)]
[(4, 0.15716659), (8, 0.12306635)]
[(0, 0.11337897), (5, 0.16833727), (12, 0.107623495)]
[(5, 0.12748076)]
[(0, 0.14473008), (2, 0.10072894), (6, 0.1066425), (12, 0.12277191)]
[(5, 0.17063756), (12, 0.12954125)]
[(5, 0.15738635)]
[(6, 0.104946844), (8, 0.12255332), (12, 0.104993075)]
[(0, 0.11293508), (5, 0.32400188), (12, 0.11789538)]
[(5, 0.606366)]
[(0, 0.18588582), (5, 0.20143147)]
[]
[(5, 0.2565157)]
[(5, 0.10700436)]
[(5, 0.16084257), (12, 0.13541956)]
[(2, 0.13596088), (5, 0.19560629), (12, 0.1879013)]
[(0, 0.14827603), (12, 0.123373754)]
[(5, 0.18471763), (12, 0.11076457)]
[(0, 0.1240227), (5, 0.27697545), (12, 0.20786954)]
[(0, 0.14201307), (12, 0.20750234)]
[(5, 0.45123768)]
[(4, 0.120728284), (9, 0.15410863)]
[(5, 0.307149), (12, 0.1200942)]
[(5, 0.21999943)]
[(9, 0.15085769), (10, 0.10440811)]
[(5, 0.24140298)]
[(0, 0.21753453), (5, 0.1432985)]
[(5, 0.20390818), (12, 0.5263344)]
[(1, 0.1113839), (5, 0.33536014)]
[(5, 0.17145048), (12, 0.24293351)]
[(0, 0.117331095), (5, 0.5804245)]
[(4, 0.11876519), (7, 0.112515815), (9, 0.10034954)]
[(5, 0.33906227)]
[(1, 0.114037365), (5, 0.20424)]
[(0, 0.12772697), (5, 0.1448941)]
[(0, 0.16041183), (5, 0.12077143), (12, 0.35261214)]
[(5, 0.20600912), (12, 0.30278432)]
[(0, 0.38890636), (5, 0.10745814), (9, 0.10276943)]
[(0, 0.11456864), (5, 0.34374723)]
[(5, 0.17494154)]
[(5, 0.17584395)]
[(5, 0.30275413)]
[(5, 0.32968163)]
[(5, 0.2836637)]
[(1, 0.12592503), (5, 0.4612473)]
[]
[(5, 0.12638953)]
[(5, 0.24412817), (8, 0.10990403), (10, 0.20386797)]
[(0, 0.16869843), (5, 0.39981264)]
[(5, 0.2001424)]
[(4, 0.11444001), (9, 0.15591246)]
[(4, 0.44374347), (9, 0.14411601)]
[(3, 0.112289906), (4, 0.22988869)]
[(4, 0.3236184)]
[(4, 0.31751013)]
[(4, 0.2958997)]
[(4, 0.2258421)]
[(1, 0.1367215), (4, 0.23480073), (7, 0.12899652)]
[(1, 0.10183336), (4, 0.28383294)]
[(4, 0.18524788), (8, 0.10578267), (11, 0.21016245)]
[(4, 0.26447573)]
[(4, 0.21015452), (9, 0.17359182), (11, 0.10169445)]
[(3, 0.11242009), (4, 0.21302007), (13, 0.117152624)]
[(4, 0.2445689)]
[(4, 0.29303864)]
[(4, 0.29710057)]
[(3, 0.12013148), (4, 0.22505869), (9, 0.11543448)]
[(3, 0.17163636), (4, 0.21961883)]
[(3, 0.24667878), (4, 0.15063052)]
[(4, 0.21716475), (9, 0.23313776)]
[(4, 0.24096546)]
[(1, 0.18049091), (4, 0.17702915), (12, 0.11413758)]
[(1, 0.11782458), (4, 0.2133502)]
[(1, 0.13860272), (4, 0.21817045)]
[(1, 0.10135249), (4, 0.25057143)]
[(4, 0.21380469)]
[(4, 0.2625644)]
[(4, 0.23042044)]
[(4, 0.33790138)]
[(4, 0.2145143)]
[(4, 0.19951446)]
[(4, 0.20412803)]
[(4, 0.21992075)]
[(4, 0.2478944)]
[(3, 0.1257636), (4, 0.17417045), (7, 0.16150141)]
[(1, 0.13066098), (4, 0.21761146)]
[(4, 0.2008048)]
[(4, 0.17996709), (12, 0.100509904), (13, 0.10275741)]
[(4, 0.17118329)]
[(4, 0.30706888)]
[(1, 0.12677431), (4, 0.24429756)]
[(3, 0.11079834)]
[(4, 0.28631562)]
[(4, 0.19398783)]
[(1, 0.13555063), (4, 0.14871675)]
[(4, 0.2059212), (9, 0.111305416)]
[(4, 0.2655553)]
[(4, 0.31499937)]
[(4, 0.28873876)]
[(4, 0.29482374)]
[(4, 0.24595205)]
[(4, 0.20992112)]
[(1, 0.10199891), (4, 0.20760234)]
[(4, 0.2590076)]
[(1, 0.10441949), (4, 0.23317488), (10, 0.13446641)]
[(1, 0.10559336), (4, 0.2349467), (10, 0.13540572)]
[(4, 0.20026946)]
[(1, 0.12566653), (4, 0.20621781)]
[(1, 0.10600753), (4, 0.17541)]
[(4, 0.16627799), (8, 0.12962633), (10, 0.25554827)]
[(3, 0.2248776), (4, 0.1820588), (9, 0.12625733)]
[(1, 0.10470377), (3, 0.112028755), (4, 0.19818279), (12, 0.10053812)]
[(4, 0.26390013), (5, 0.10164179)]
[(4, 0.27179977)]
[(1, 0.11428457), (4, 0.21121088)]
[(4, 0.11935619)]
[]
[(4, 0.30626827)]
[]
[(4, 0.25237778)]
[(4, 0.1192462)]
[(4, 0.13000502)]
[(11, 0.14309427), (12, 0.28658208)]
[(4, 0.10834025)]
[(4, 0.12784222)]
[(3, 0.10277458), (11, 0.13955346)]
[(4, 0.13858643)]
[(9, 0.100915425)]
[(9, 0.100915685)]
[(9, 0.10091804)]
[(4, 0.116217166)]
[(4, 0.11670679)]
[(4, 0.10966901), (5, 0.104634985)]
[(4, 0.109670065), (5, 0.10465811)]
[(3, 0.12412265), (4, 0.12854578)]
[(3, 0.12554857), (4, 0.11519901)]
[(9, 0.16354132)]
[(4, 0.10773291)]
[(9, 0.13906577)]
[(9, 0.14265515)]
[(4, 0.12828837), (8, 0.15116774)]
[(4, 0.10276718)]
[(4, 0.22173679)]
[(4, 0.12546209), (12, 0.18001804)]
[(4, 0.122139655)]
[(3, 0.13027059), (4, 0.1196109)]
[(4, 0.1362053), (9, 0.11467403)]
[(4, 0.112956464)]
[]
[(12, 0.10307254)]
[(0, 0.16321586), (4, 0.18737407), (12, 0.11358339)]
[(0, 0.14111568), (4, 0.23479182)]
[(4, 0.100249335)]
[(6, 0.11327675), (13, 0.11880733)]
[(4, 0.1889191), (7, 0.106527045), (8, 0.12010535)]
[(1, 0.12831959), (3, 0.12427853), (4, 0.15705834)]
[(2, 0.18560849), (4, 0.12606941)]
[(1, 0.12020831), (4, 0.10038407), (13, 0.106726654)]
[(1, 0.10871004), (4, 0.12072467)]
[(1, 0.19040008)]
[(2, 0.10102126)]
[(3, 0.11438356), (9, 0.112748526), (11, 0.12618189)]
[(1, 0.13598366), (4, 0.12894998)]
[(4, 0.10471269), (8, 0.11023925), (9, 0.1072671)]
[(5, 0.53018576)]
[(4, 0.12887903), (5, 0.10827565)]
[(5, 0.45804995)]
[(5, 0.20217833), (7, 0.15018815)]
[(1, 0.10941334), (4, 0.13362491)]
[(1, 0.11978222), (4, 0.13843639), (8, 0.10615938)]
[(6, 0.11705138), (7, 0.122915834), (10, 0.111033194)]
[(10, 0.18043359)]
[(3, 0.14584856)]
[(10, 0.115565576), (11, 0.13341215)]
[(1, 0.12450259)]
[(2, 0.22114132)]
[(2, 0.11770829), (10, 0.11232068)]
[(2, 0.13652334), (5, 0.21940908), (12, 0.13333033)]
[(7, 0.103105426), (9, 0.114325404)]
[(12, 0.14851128)]
[(5, 0.14302416), (12, 0.11201021)]
[(0, 0.321257), (12, 0.1403204)]
[(12, 0.12496423)]
[(0, 0.12848113), (4, 0.15458257)]
[]
[(0, 0.19419073)]
[(4, 0.22827493), (8, 0.11735441)]
[(0, 0.21963629), (6, 0.13231094)]
[(0, 0.189111)]
[(1, 0.21913485), (8, 0.13660319)]
[(0, 0.10147516)]
[(8, 0.10104442), (11, 0.16949555), (12, 0.19112837)]
[(2, 0.23573738), (12, 0.109404474)]
[(8, 0.11247934)]
[(11, 0.11452528), (12, 0.1886843)]
[(5, 0.103917435), (11, 0.10067963)]
[(0, 0.11698834), (1, 0.17942163)]
[(1, 0.24529947), (11, 0.11711523)]
[(0, 0.18314195), (12, 0.10059292)]
[(0, 0.10827121), (11, 0.11828568)]
[(1, 0.26101834)]
[(7, 0.122293055), (11, 0.26610455)]
[(5, 0.1106257), (12, 0.11861898), (13, 0.19263962)]
[(0, 0.100145474), (9, 0.104407065)]
[(0, 0.16199315), (1, 0.14197947)]
[(5, 0.10321522), (9, 0.119530946), (12, 0.1719142)]
[(4, 0.15572368)]
[(8, 0.16377749)]
[(0, 0.11032593)]
[(8, 0.15431848)]
[(5, 0.14791639), (7, 0.10798871), (10, 0.10458933)]
[(0, 0.12502068), (5, 0.108165786), (7, 0.111594)]
[(9, 0.11310866)]
[(8, 0.13098301)]
[(2, 0.1359532), (4, 0.15491043), (5, 0.1400477)]
[(10, 0.1093176)]
[(2, 0.2734793), (5, 0.20134862), (9, 0.11208165)]
[(13, 0.10890279)]
[(6, 0.1260545), (9, 0.107292436)]
[(2, 0.108628385)]
[(8, 0.12126888), (13, 0.14245471)]
[(8, 0.11409935), (13, 0.10633829)]
[(1, 0.2216619), (4, 0.13800988)]
[(1, 0.15657616)]
[(0, 0.11607128), (10, 0.10515962)]
[(9, 0.16332746)]
[(1, 0.10339963), (4, 0.14092004)]
[(11, 0.30131397)]
[]
[(0, 0.17707537), (4, 0.13137853), (8, 0.120210566)]
[(1, 0.16780241)]
[(0, 0.41753942)]
[(1, 0.19117637)]
[(0, 0.12850803), (5, 0.10620882), (10, 0.10839981)]
[(0, 0.17538278), (12, 0.14308609)]
[(0, 0.39245355), (5, 0.13738911)]
[(1, 0.14666876), (4, 0.15430157), (7, 0.11234745)]
[(0, 0.38881785)]
[(4, 0.14966), (7, 0.11035227)]
[(4, 0.1624203), (5, 0.12364771), (8, 0.1168646)]
[(4, 0.14413974), (8, 0.17234796)]
[(4, 0.13022085), (6, 0.12541032), (9, 0.10628548)]
[(0, 0.25336292), (4, 0.13555235), (6, 0.104582466)]
[(4, 0.18621309)]
[(0, 0.33130568)]
[(1, 0.152436)]
[(1, 0.15470554)]
[(1, 0.11637548), (4, 0.542458)]
[(4, 0.11255567)]
[(6, 0.10830645), (9, 0.11006415)]
[(1, 0.10766677), (4, 0.11916889)]
[]
[(4, 0.103295274)]
[(0, 0.24482808), (11, 0.12192913)]
[(3, 0.16842607), (8, 0.13745002)]
[(1, 0.16261673), (8, 0.11006776)]
[(1, 0.15079993)]
[(4, 0.25987858)]
[(4, 0.21284863)]
[(0, 0.2735313)]
[(0, 0.14178635), (2, 0.10306442), (6, 0.10349338)]
[(0, 0.42762306)]
[(0, 0.104780324), (2, 0.11126573)]
[(1, 0.2463313)]
[(4, 0.120651744)]
[(9, 0.10546136)]
[(0, 0.12259392), (1, 0.23188679)]
[(11, 0.11386079)]
[(3, 0.12371339)]
[(1, 0.23024477)]
[(0, 0.11374714), (1, 0.21584633)]
[(1, 0.1288844), (6, 0.13129726)]
[(10, 0.10672191)]
[(9, 0.14885056)]
[]
[(0, 0.18464276), (1, 0.19603722), (6, 0.103880115), (11, 0.1080138)]
[(0, 0.12484066), (7, 0.12526204), (8, 0.11327926)]
[(1, 0.16863604), (6, 0.20136519)]
[(1, 0.108530626), (3, 0.119988), (6, 0.19544128)]
[]
[(0, 0.15300667), (1, 0.22843693)]
[(6, 0.12814718), (7, 0.10989646)]
[(4, 0.13665129), (6, 0.13295776)]
[(4, 0.12062151), (6, 0.11259306), (12, 0.12743737)]
[(2, 0.10133436), (13, 0.11388786)]
[(1, 0.1029761)]
[(0, 0.37015182)]
[(9, 0.10620502)]
[(3, 0.15541224), (4, 0.1350727)]
[(0, 0.11428808), (8, 0.10040811)]
[(4, 0.1506264), (9, 0.11453249)]
[(0, 0.36098823), (12, 0.11790848)]
[(1, 0.11170185), (13, 0.11540857)]
[(4, 0.136396)]
[(9, 0.26668715)]
[(9, 0.1054401)]
[(7, 0.11975198), (9, 0.21210435)]
[(9, 0.33542255)]
[(5, 0.1872717), (7, 0.1950213)]
[(5, 0.22841483), (10, 0.113823846)]
[(5, 0.1149491), (7, 0.12053446), (8, 0.18690877), (10, 0.17263828)]
[(5, 0.11475328), (8, 0.19433488)]
[(5, 0.11267947), (8, 0.18598974), (10, 0.14999983)]
[(8, 0.16395687), (10, 0.18592833)]
[(5, 0.15665127), (7, 0.15331408)]
[(5, 0.24091284)]
[(1, 0.11000077), (4, 0.15613219), (8, 0.15972583), (9, 0.10079175)]
[(8, 0.12398325), (9, 0.11480667)]
[(10, 0.102639265), (11, 0.13233608)]
[(1, 0.19478163)]
[(1, 0.16104275), (4, 0.17288497)]
[(1, 0.107372075), (7, 0.10828261), (8, 0.10770398), (9, 0.12947743)]
[(8, 0.112051874)]
[(4, 0.15889856)]
[(4, 0.168282), (6, 0.15069461), (12, 0.17294934)]
[(8, 0.12029704)]
[(11, 0.1177987)]
[]
[(0, 0.101729855), (8, 0.1206666), (12, 0.14818658)]
[]
[(0, 0.11299819), (4, 0.102299385)]
[(1, 0.11144147), (4, 0.22661923), (9, 0.10367869)]
[(0, 0.24710609), (6, 0.17755193), (8, 0.10162857)]
[(5, 0.1332211), (7, 0.3032461)]
[(5, 0.13578506), (7, 0.16573104)]
[(4, 0.2503576), (8, 0.13687405)]
[(0, 0.15343428), (1, 0.10639919)]
[(8, 0.10924103)]
[(0, 0.16812994), (3, 0.1140238), (12, 0.13034935)]
[(2, 0.15465112), (10, 0.11274172)]
[(0, 0.15139222), (7, 0.15740754), (12, 0.10944855)]
[(0, 0.13299283)]
[(3, 0.1042025), (11, 0.22944275)]
[(0, 0.1757279), (1, 0.11098895)]
[(0, 0.16612652), (5, 0.106734544)]
[(0, 0.10555759)]
[(5, 0.120991476), (10, 0.13936797)]
[(0, 0.21827084)]
[(1, 0.20631608), (8, 0.16873485), (11, 0.15036993)]
[(0, 0.14157748), (8, 0.14548664)]
[(0, 0.18434344)]
[(0, 0.23682275)]
[(4, 0.15535066), (6, 0.10039956)]
[(4, 0.14103557), (5, 0.16287272)]
[(0, 0.21524854), (8, 0.110952325)]
[(0, 0.28584024)]
[(0, 0.17669483), (1, 0.109607816)]
[(6, 0.19340199)]
[(7, 0.12569119), (11, 0.26702783), (12, 0.10559114)]
[(1, 0.10577331)]
[(9, 0.112803824)]
[(2, 0.11769427), (3, 0.10194648)]
[(1, 0.122479886), (8, 0.100155264)]
[(7, 0.1371792), (10, 0.12275535)]
[(10, 0.106676206)]
[(7, 0.23739281), (9, 0.10129882)]
[]
[(8, 0.1935178), (10, 0.13474602)]
[(6, 0.108557686), (8, 0.26566947), (12, 0.15321282)]
[(3, 0.10297978), (9, 0.17469974)]
[]
[(1, 0.10524479), (10, 0.368674), (11, 0.13515998)]
[(0, 0.1470131)]
[(9, 0.17696826)]
[(11, 0.3495667), (13, 0.22765511)]
[(1, 0.23459671), (5, 0.11817863), (13, 0.19702312)]
[(0, 0.12305141), (6, 0.105109915), (7, 0.11165987), (13, 0.11309311)]
[(5, 0.11923872), (9, 0.11751324), (12, 0.100834), (13, 0.11322486)]
[(0, 0.15798855), (5, 0.12545799), (7, 0.13603692)]
[(5, 0.11568764), (7, 0.20890234), (13, 0.14862143)]
[(5, 0.100397594), (13, 0.58346653)]
[(5, 0.16511674), (7, 0.110424705), (10, 0.115513474)]
[(0, 0.17426762), (9, 0.27364066)]
[(1, 0.10645227)]
[(9, 0.12073996), (10, 0.12828937), (13, 0.17528681)]
[(9, 0.1046866), (11, 0.15594372)]
[(3, 0.11188399), (9, 0.10178515), (10, 0.1334103), (13, 0.108575344)]
[(7, 0.15940878), (11, 0.10591869), (13, 0.15111713)]
[(5, 0.14360385), (9, 0.1029261), (13, 0.26782012)]
[(3, 0.117258735), (5, 0.12668112)]
[(10, 0.10961839), (13, 0.18658742)]
[(11, 0.10360379)]
[(0, 0.10486655), (5, 0.14727058), (7, 0.17481115), (10, 0.12689357), (13, 0.13488169)]
[(9, 0.102143064), (10, 0.1360362), (13, 0.15471828)]
[(1, 0.12820344), (7, 0.20922418), (9, 0.13411783), (13, 0.114247955)]
[(9, 0.20910284)]
[(11, 0.20813495), (13, 0.1794311)]
[(11, 0.1351195), (13, 0.1617361)]
[(1, 0.13602954), (5, 0.100410275), (7, 0.18232307), (10, 0.13973245)]
[(8, 0.12098869), (9, 0.5680886)]
[(4, 0.14112462), (13, 0.14542252)]
[(12, 0.12552518)]
[(4, 0.123394884), (5, 0.1293663), (12, 0.111047015)]
[(12, 0.19247916)]
[]
[(0, 0.10117258)]
[(4, 0.12498333), (12, 0.12970653)]
[(4, 0.105504975), (12, 0.11700952)]
[(1, 0.10842583)]
[]
[(0, 0.13299292)]
[(0, 0.11740793), (4, 0.1534378), (12, 0.102153756)]
[(0, 0.14658193), (5, 0.13280831), (12, 0.1552453)]
[(4, 0.21704715), (10, 0.17016572)]
[(0, 0.14064924), (5, 0.18091094)]
[(0, 0.13203052)]
[(5, 0.109680474)]
[(0, 0.15766472), (5, 0.111761466)]
[(10, 0.116047576)]
[(2, 0.103518106)]
[(0, 0.21682201)]
[(4, 0.12849995), (11, 0.14715366)]
[(12, 0.12807493)]
[]
[(5, 0.19709533)]
[(0, 0.12889147), (5, 0.10523877)]
[(1, 0.10626047), (4, 0.13025388), (5, 0.111464836)]
[(8, 0.12411386), (11, 0.1011259)]
[(11, 0.1374618)]
[(9, 0.11840116), (12, 0.1234399)]
[(1, 0.117935695), (9, 0.13673368)]
[(2, 0.17313746), (9, 0.14731587)]
[(1, 0.19492981)]
[(7, 0.11057002)]
[(1, 0.105249345), (4, 0.270368)]
[(1, 0.1089345), (4, 0.11944145)]
[(8, 0.22182932)]
[(1, 0.10286302)]
[(0, 0.10432381), (4, 0.15180586)]
[(1, 0.16123226), (4, 0.14422263), (8, 0.14686586), (9, 0.10989279), (13, 0.10660058)]
[(9, 0.10747263)]
[(8, 0.16095112), (11, 0.14700328)]
[(10, 0.23679204), (11, 0.13346536)]
[(1, 0.106954426), (13, 0.11014564)]
[(7, 0.1548573)]
[(11, 0.22898781)]
[(6, 0.3076503), (11, 0.2119593)]
[(11, 0.13120152)]
[(6, 0.1009725), (8, 0.12626353), (11, 0.35294265)]
[]
[(4, 0.13352746), (7, 0.101231), (11, 0.32727665)]
[(11, 0.22424588)]
[(6, 0.16841511), (7, 0.10091638), (11, 0.17605)]
[(2, 0.1590034), (11, 0.37742963)]
[(6, 0.13538569), (11, 0.29706082)]
[(10, 0.10842075), (11, 0.23371355)]
[(11, 0.13412324)]
[(11, 0.19042736)]
[(8, 0.17787324), (11, 0.29287475)]
[(1, 0.20822173), (6, 0.14740415), (7, 0.15092999)]
[(11, 0.17087917)]
[(1, 0.12369881), (2, 0.20648201)]
[(8, 0.23764956), (9, 0.122547776)]
[(8, 0.18036856), (11, 0.17781307)]
[(4, 0.1686259), (10, 0.10068015)]
[(11, 0.20260996)]
[(10, 0.100835726), (12, 0.17850639)]
[(1, 0.2473593), (11, 0.29375297)]
[(5, 0.19715026)]
[(0, 0.12551817), (1, 0.13792473), (13, 0.13716532)]
[(0, 0.12127202), (9, 0.14856802)]
[(7, 0.20322873), (13, 0.1476378)]
[(0, 0.13890433), (5, 0.10592211), (8, 0.13438636), (9, 0.12530333)]
[(9, 0.15009482), (13, 0.13904695)]
[(11, 0.10678043)]
[(8, 0.12322525)]
[(11, 0.1514301)]
[(5, 0.1057681), (9, 0.15407069), (13, 0.17887029)]
[(10, 0.15470591)]
[(7, 0.1620152), (9, 0.19283517), (13, 0.21176764)]
[(5, 0.14137048), (10, 0.12286914)]
[(1, 0.10557074), (4, 0.130249), (8, 0.10454273)]
[(5, 0.124255754), (9, 0.10089524), (11, 0.14213629), (13, 0.16331919)]
[(1, 0.26136646), (5, 0.15211351)]
[(5, 0.12863903), (7, 0.1021757), (9, 0.18623276)]
[(5, 0.11363749)]
[(0, 0.14089113), (9, 0.11592031), (11, 0.14383434)]
[(0, 0.12039925), (1, 0.12744378), (8, 0.13123809)]
[(7, 0.11399733), (11, 0.20212595), (12, 0.15466528)]
[(5, 0.2472473), (10, 0.10838552), (12, 0.10179961)]
[(5, 0.2970399), (10, 0.12182694)]
[(1, 0.15240525), (4, 0.1068322)]
[(9, 0.1065328), (11, 0.13756461)]
[(4, 0.10150556), (11, 0.1245866)]
[(1, 0.1251543), (4, 0.10871682)]
[(1, 0.10658616), (4, 0.12783232)]
[(10, 0.18208748)]
[(4, 0.22741854)]
[(4, 0.1318649), (11, 0.19824056)]
[(1, 0.11586357), (8, 0.10828851), (9, 0.14325587), (10, 0.13947341)]
[(8, 0.1041271), (9, 0.122416794), (10, 0.10276343)]
[(1, 0.12657781), (8, 0.185743), (13, 0.13046052)]
[(4, 0.11408738), (9, 0.12255211)]
[(1, 0.1111399), (4, 0.16341507), (8, 0.114883475)]
[]
[(0, 0.18262903), (11, 0.20085466)]
[(11, 0.5598071)]
[(3, 0.12345391)]
[(10, 0.17179361)]
[(11, 0.13826635)]
[(1, 0.11553074), (9, 0.111014746), (10, 0.109468944)]
[(4, 0.121920206), (9, 0.10732447)]
[(1, 0.16021183), (10, 0.16898414)]
[(6, 0.12676223), (10, 0.16275184)]
[(1, 0.23633271)]
[(0, 0.21028757), (4, 0.15527873), (11, 0.12996788)]
[(1, 0.33366832), (8, 0.117838755)]
[(1, 0.13802549)]
[(8, 0.13108812), (9, 0.34491456)]
[(8, 0.13553448), (9, 0.119530685), (10, 0.16287084)]
[(0, 0.1563269), (8, 0.1260295), (10, 0.24369921)]
[(6, 0.101724856)]
[(8, 0.12889254)]
[(4, 0.10765298), (6, 0.10664845)]
[(5, 0.18606712), (7, 0.13907331), (10, 0.13936844)]
[(1, 0.10153494), (8, 0.17393869), (9, 0.3352679), (10, 0.16321972)]
[(0, 0.10849214), (3, 0.10110669), (5, 0.1286306), (8, 0.110780835)]
[(3, 0.10314798), (4, 0.13566111), (9, 0.139972)]
[(0, 0.1185118), (1, 0.112958625), (2, 0.12011406), (11, 0.114233814)]
[(5, 0.102861)]
[(8, 0.21485585), (10, 0.14987399)]
[(7, 0.111577466), (9, 0.27607742)]
[(11, 0.30818143)]
[(6, 0.10245225), (8, 0.10889899), (9, 0.37839308), (10, 0.10380867)]
[(8, 0.17739728), (10, 0.28879863)]
[(4, 0.10800557)]
[(8, 0.16722097), (10, 0.28634268)]
[(4, 0.14969686), (11, 0.13887317)]
[(1, 0.22359145), (5, 0.104997806)]
[(8, 0.13915955), (9, 0.13707317), (10, 0.23644997)]
[(6, 0.11579348), (8, 0.2607427), (10, 0.23573837)]
[(4, 0.15342174), (12, 0.17209929)]
[(8, 0.23593739)]
[(0, 0.10652982), (1, 0.18411162), (8, 0.18251817)]
[(0, 0.19753371), (8, 0.102557376), (10, 0.12695292)]
[(6, 0.1048048), (10, 0.1912411)]
[(0, 0.29289064)]
[(0, 0.104774654), (2, 0.13670644), (4, 0.118927166)]
[(10, 0.12168768), (11, 0.20809114)]
[(4, 0.11617742), (11, 0.48346007)]
[(5, 0.10345811), (11, 0.16333595), (13, 0.1292063)]
[(8, 0.20043427), (10, 0.1824455)]
[(8, 0.15609735), (10, 0.10467617)]
[(0, 0.17183387), (11, 0.11586463)]
[(4, 0.14330634), (8, 0.18444522), (10, 0.18106484)]
[(3, 0.16459353), (9, 0.18950729)]
[(1, 0.10213926), (9, 0.1379326)]
[(2, 0.20811822), (3, 0.109458685), (12, 0.125954)]
[(0, 0.1137395), (1, 0.12817694), (2, 0.15363629)]
[(12, 0.12665841)]
[(6, 0.103366874)]
[(2, 0.19325772), (3, 0.11263055), (12, 0.118929386)]
[(1, 0.10482366), (2, 0.18562214), (6, 0.110672146), (8, 0.11572271)]
[(2, 0.15082881), (12, 0.14544071)]
[(0, 0.11492726), (3, 0.1697335), (12, 0.15054035)]
[(1, 0.124511085), (3, 0.10607395)]
[(2, 0.23987608), (3, 0.11402257)]
[(1, 0.18874322), (4, 0.10469406)]
[(2, 0.16604552), (12, 0.12639986)]
[(0, 0.10610158), (1, 0.12318538), (2, 0.222453)]
[(2, 0.13579795), (12, 0.10263448)]
[(9, 0.11633421), (11, 0.13699797)]
[(1, 0.15876387), (5, 0.15428294)]
[(1, 0.12914594), (13, 0.10478136)]
[(9, 0.18304926), (10, 0.11984672)]
[(9, 0.12637247)]
[(1, 0.12530686)]
[(11, 0.42046905)]
[(7, 0.2486479)]
[(7, 0.1094816)]
[(2, 0.11803611), (7, 0.123155735)]
[(11, 0.35477117)]
[(5, 0.11589762), (10, 0.10581489)]
[(5, 0.13874312), (10, 0.1079994)]
[]
[(1, 0.10194679)]
[(1, 0.11202715)]
[(1, 0.12617847), (4, 0.10883315), (6, 0.14799014), (12, 0.10342831)]
[(8, 0.2569886)]
[(12, 0.111436695)]
[(6, 0.17519517), (10, 0.15871511)]
[(6, 0.44953632)]
[(1, 0.12658164), (9, 0.10936358)]
[(6, 0.25382215)]
[(6, 0.22633462), (12, 0.23432897)]
[(0, 0.15742774), (5, 0.21786547), (6, 0.11475812)]
[(0, 0.2885071), (6, 0.16040923)]
[(6, 0.42006332)]
[(0, 0.5547323), (6, 0.14348887)]
[(1, 0.3031749)]
[(1, 0.113121375), (6, 0.2743491)]
[(6, 0.22487596), (12, 0.18829158)]
[(2, 0.1339852), (5, 0.2075983), (6, 0.13407712)]
[(1, 0.1232866), (4, 0.11600118)]
[(1, 0.11040496), (4, 0.12297189), (9, 0.10268841)]
[(1, 0.1151577), (6, 0.14660004), (12, 0.20250204)]
[(6, 0.369485), (12, 0.16174036)]
[(0, 0.1657545), (6, 0.33401847), (12, 0.11434269)]
[(6, 0.43403304), (12, 0.18566062)]
[(0, 0.13032569), (1, 0.10731074), (6, 0.17487977), (12, 0.20179604)]
[(12, 0.7849627)]
[(1, 0.18829039), (6, 0.100955956)]
[(6, 0.21360213), (12, 0.1749142)]
[(0, 0.13010271), (6, 0.19498053), (12, 0.13904315)]
[(2, 0.10423579), (6, 0.26036927), (12, 0.19286144)]
[(6, 0.7246174)]
[(1, 0.19525267), (4, 0.12834275)]
[(1, 0.74720687)]
[(1, 0.12834811), (6, 0.15411533), (12, 0.108981274)]
[(1, 0.16510746), (6, 0.15254565), (12, 0.19550587)]
[(7, 0.18179892)]
[(1, 0.17900541), (4, 0.14604886)]
[(6, 0.64784724)]
[(5, 0.118694276), (6, 0.10532554), (8, 0.10499227), (12, 0.1743403)]
[(2, 0.14302601), (6, 0.4913627)]
[(6, 0.4586208)]
[(2, 0.17968836), (6, 0.18441536), (12, 0.10408001)]
[(6, 0.21371134), (12, 0.24052164)]
[(1, 0.12888564), (4, 0.11302505)]
[(1, 0.110547185), (4, 0.12600316)]
[(6, 0.1275537), (9, 0.15974382), (12, 0.134093)]
[(6, 0.4350505)]
[(1, 0.31532457), (8, 0.10324327)]
[(1, 0.39278883), (6, 0.13686013)]
[(1, 0.43839607), (6, 0.11175312)]
[(6, 0.25661272), (11, 0.20105098), (12, 0.11327162)]
[(1, 0.16593286), (6, 0.21634462), (12, 0.14146407)]
[(6, 0.4334873)]
[(5, 0.124064155), (6, 0.12347718)]
[(1, 0.13816306), (6, 0.34113717)]
[(6, 0.35517055)]
[(0, 0.22582136), (6, 0.26332363), (12, 0.12795058)]
[(1, 0.3795612), (6, 0.13044915)]
[(6, 0.7417631)]
[(0, 0.3440781), (6, 0.29350805)]
[(4, 0.1321232), (6, 0.22823177), (10, 0.19716018)]
[(0, 0.27332854), (5, 0.13220845), (6, 0.30092555)]
[(10, 0.4999255)]
[(6, 0.30019557)]
[(6, 0.73635024)]
[(6, 0.12716891), (8, 0.1498571), (13, 0.115974896)]
[(6, 0.16201787), (9, 0.10429652), (12, 0.19315167)]
[(6, 0.46077344)]
[(0, 0.11221686), (2, 0.17646989), (6, 0.36767995)]
[(2, 0.14849849), (6, 0.16860615), (8, 0.12348143), (10, 0.12482995)]
[(0, 0.15293285), (6, 0.27597335)]
[(6, 0.7863511)]
[(0, 0.11693001), (6, 0.28094947)]
[(6, 0.27594426)]
[(6, 0.193524), (8, 0.1659167)]
[(4, 0.17831014)]
[(2, 0.16790247), (6, 0.10080746), (9, 0.18382032)]
[(4, 0.11448099)]
[(3, 0.10189934), (8, 0.101595014), (10, 0.10297659)]
[(6, 0.40483)]
[(3, 0.112586774)]
[(0, 0.13388927), (4, 0.105212756), (5, 0.22843216), (6, 0.105214454)]
[(0, 0.113719046), (1, 0.104399554), (6, 0.31761968)]
[(3, 0.10398043), (6, 0.23658851), (12, 0.1108813)]
[(2, 0.107723854), (6, 0.21917553)]
[(6, 0.31188962)]
[(1, 0.19639817), (12, 0.115775704)]
[(0, 0.116902836), (4, 0.10114147)]
[(6, 0.13493556), (8, 0.11088099)]
[(0, 0.15331474), (6, 0.13910788)]
[(6, 0.3433206), (9, 0.4177035)]
[(1, 0.105972275), (4, 0.11073462), (6, 0.13445513)]
[(6, 0.16878629), (8, 0.1291672)]
[(3, 0.11158028), (6, 0.11349976), (12, 0.116465196)]
[(6, 0.14725487)]
[(8, 0.1018714)]
[(6, 0.1551827), (9, 0.25080797)]
[(1, 0.1052983), (4, 0.12365774)]
[(0, 0.11052177), (10, 0.16156518)]
[(3, 0.10996833), (4, 0.11532741)]
[(3, 0.17635271), (9, 0.13360202)]
[(0, 0.11506723), (7, 0.1814733), (9, 0.16651109)]
[(3, 0.18316609), (9, 0.2729937)]
[(9, 0.35625032)]
[(1, 0.11006186)]
[(3, 0.8280979)]
[(1, 0.10744176), (3, 0.10310232)]
[(3, 0.5132033), (13, 0.20359088)]
[(3, 0.22947596)]
[(7, 0.11134868), (13, 0.11093432)]
[]
[(9, 0.16083655)]
[(3, 0.105277464)]
[(5, 0.10005588), (8, 0.11028094), (13, 0.105426736)]
[(10, 0.1711464)]
[(3, 0.117025055), (5, 0.14130528), (9, 0.11677599)]
[]
[(2, 0.11090274)]
[(3, 0.12886035)]
[(3, 0.16422594), (4, 0.13684846), (9, 0.1462037)]
[(9, 0.20347878), (10, 0.18580236)]
[(0, 0.1317465)]
[]
[(8, 0.13765423)]
[(5, 0.14227632)]
[(1, 0.18840083), (4, 0.12108428)]
[(9, 0.39172155)]
[(11, 0.12562352), (12, 0.14601251)]
[]
[(9, 0.23363765)]
[(1, 0.16062868), (8, 0.14076926)]
[(0, 0.26253524), (5, 0.11825561)]
[(10, 0.15986638)]
[(11, 0.3105153)]
[]
[]
[(9, 0.360204)]
[(5, 0.29652566), (9, 0.36627644), (11, 0.113773175)]
[(7, 0.2592982)]
[(0, 0.10901011)]
[(0, 0.30367827)]
[(0, 0.23561941), (1, 0.10580705)]
[(0, 0.518708), (6, 0.11458971)]
[(0, 0.5245053)]
[(0, 0.2763496)]
[(0, 0.17372002), (9, 0.1581369)]
[(0, 0.5864912)]
[(1, 0.21516399), (5, 0.14039794)]
[(0, 0.65401334)]
[(0, 0.40444908)]
[(4, 0.81649345)]
[(0, 0.313834)]
[(0, 0.5489152)]
[(0, 0.1967919)]
[(0, 0.123462915)]
[(0, 0.19075735), (12, 0.10403788)]
[(0, 0.50320584)]
[(0, 0.21151963), (2, 0.14216004), (12, 0.10663531)]
[(0, 0.19059573), (5, 0.14025356)]
[(0, 0.37723026)]
[(0, 0.34724283)]
[(0, 0.22033931), (5, 0.18747097)]
[(4, 0.1877927)]
[(0, 0.1841688), (5, 0.5232657)]
[(0, 0.1996967), (1, 0.118388735), (12, 0.12785979)]
[(0, 0.28041032), (2, 0.34895262)]
[(4, 0.6461664)]
[(4, 0.61584806)]
[(13, 0.12002006)]
[(5, 0.114701115), (10, 0.18929857)]
[]
[(1, 0.17904119), (2, 0.12774047)]
[(0, 0.13017981), (1, 0.1300702), (12, 0.16290574)]
[(0, 0.12898763), (1, 0.10744689), (2, 0.16981655), (12, 0.16089913)]
[(10, 0.12753852)]
[(9, 0.29011708)]
[(4, 0.33126703)]
[(4, 0.21431994), (8, 0.15018147)]
[]
[(12, 0.11648962)]
[(2, 0.20048033)]
[(11, 0.120332)]
[(11, 0.10937988)]
[(0, 0.13420619), (3, 0.15864275)]
[(3, 0.26806825)]
[(0, 0.11188139), (3, 0.34238416)]
[(3, 0.8992936)]
[(0, 0.13169855), (2, 0.11576199), (3, 0.115082085)]
[(0, 0.18840691), (2, 0.1486793), (13, 0.1066407)]
[(0, 0.3402912), (3, 0.10090279)]
[(0, 0.22859277)]
[(0, 0.1420424), (1, 0.111513406), (3, 0.13009526)]
[(0, 0.1313264), (2, 0.13259146), (5, 0.109479934), (12, 0.1014118)]
[(0, 0.14574248), (3, 0.11760026)]
[(0, 0.17531908)]
[(0, 0.19023694), (12, 0.1309069)]
[(3, 0.20255595)]
[]
[(11, 0.115097664)]
[(9, 0.12015788), (11, 0.15902115)]
[(7, 0.10382898)]
[]
[(0, 0.26118976)]
[(7, 0.15884866), (10, 0.105772674)]
[(7, 0.13975027), (10, 0.20692998)]
[(7, 0.1401904)]
[(7, 0.31804523), (10, 0.33483294)]
[(12, 0.10406935)]
[(10, 0.4938782)]
[(10, 0.37702444)]
[(4, 0.12487707), (8, 0.12346271)]
[(5, 0.13928746), (8, 0.14851373), (10, 0.13801429)]
[(1, 0.12876686), (5, 0.1648175), (8, 0.119347416)]
[(8, 0.92689484)]
[(8, 0.15166885)]
[(8, 0.5266047), (10, 0.11096684)]
[]
[(2, 0.13184705)]
[(1, 0.1261002), (13, 0.11851607)]
[(2, 0.12861094), (4, 0.10155213)]
[(4, 0.21810529)]
[(8, 0.12429374), (11, 0.10040183)]
[(2, 0.18330136)]
[(0, 0.20169488), (12, 0.100296326)]
[(2, 0.15343773), (4, 0.15157957)]
[(5, 0.10361959), (6, 0.1583841), (8, 0.13577539)]
[(2, 0.10226036), (4, 0.12609257), (8, 0.17857148)]
[(1, 0.17124523)]
[(2, 0.13578029), (4, 0.100103214), (5, 0.110588975)]
[(5, 0.118554786), (9, 0.1524358)]
[(2, 0.13425636), (7, 0.113186754)]
[(4, 0.15508312)]
[(4, 0.13328801)]
[(3, 0.12777324), (9, 0.15913312)]
[(0, 0.1422791), (4, 0.11833767), (12, 0.112374514)]
[(2, 0.14367288), (4, 0.11937972), (6, 0.17822093)]
[(1, 0.103662714), (4, 0.15283768), (6, 0.12399379)]
[(6, 0.13347411)]
[(0, 0.19455962), (2, 0.21559832), (6, 0.1325268)]
[(1, 0.17031291), (4, 0.10920999)]
[(4, 0.19253261), (10, 0.14001857)]
[(4, 0.167266)]
[(3, 0.15252708)]
[(0, 0.1040193), (5, 0.11294851), (10, 0.24684978)]
[(5, 0.23097858), (7, 0.10906947), (10, 0.16171739)]
[(0, 0.114493296), (4, 0.10631004), (11, 0.10575491)]
[(5, 0.18994464), (11, 0.16244252), (13, 0.10623812)]
[(5, 0.22322051), (12, 0.11252142)]
[(1, 0.14470795), (5, 0.12510857)]
[(3, 0.11740077), (5, 0.3004527), (8, 0.14472012)]
[(3, 0.15783556), (5, 0.12572171), (9, 0.16976039)]
[(1, 0.15402557), (5, 0.24349014), (8, 0.19611067)]
[(5, 0.3027154), (10, 0.117908865)]
[(4, 0.14278245), (12, 0.14043356)]
[(3, 0.14313398), (5, 0.13615125)]
[(5, 0.1377069), (8, 0.20190232), (10, 0.17111813)]
[(3, 0.1083531)]
[(5, 0.49665776)]
[(3, 0.13047163), (5, 0.12987363)]
[(5, 0.24540573)]
[(5, 0.2272253)]
[(3, 0.105280474), (5, 0.310625)]
[(5, 0.80360717)]
[]
[(5, 0.12463272)]
[(5, 0.4592542)]
[(5, 0.27856523), (7, 0.18094708)]
[(5, 0.32154205), (12, 0.13713758)]
[(5, 0.22730844)]
[(0, 0.14918002), (5, 0.11274179), (10, 0.10806552)]
[(5, 0.10035431)]
[(0, 0.22444797), (1, 0.107852906), (8, 0.12730703)]
[(8, 0.12680916), (12, 0.13679348)]
[]
[(8, 0.28966925), (10, 0.13866474)]
[]
[(4, 0.13567433), (9, 0.1132722), (11, 0.15704982)]
[(4, 0.31898215), (11, 0.105035946)]
[(1, 0.2359447), (11, 0.19723243)]
[(10, 0.117641285)]
[(11, 0.11816201)]
[(9, 0.18647997), (11, 0.12498022), (13, 0.12162099)]
[(1, 0.156808)]
[(9, 0.15169539), (13, 0.25350928)]
[(4, 0.11138122), (11, 0.21789448)]
[(10, 0.15274584)]
[(11, 0.29193246)]
[(11, 0.18168415), (12, 0.10770181)]
[(11, 0.32975182)]
[(11, 0.6755676)]
[(1, 0.24728097), (8, 0.11267198), (11, 0.10657666)]
[(1, 0.20480986)]
[(9, 0.21877266), (11, 0.16164821)]
[(4, 0.1056841), (10, 0.10496504)]
[(4, 0.17924547)]
[(4, 0.12123519)]
[(9, 0.14460768)]
[(5, 0.11859376), (10, 0.115093954)]
[(8, 0.11193942), (9, 0.118171036), (10, 0.14685994)]
[(9, 0.10119044)]
[(0, 0.22569256), (1, 0.13182995)]
[(0, 0.21662672)]
[(12, 0.2556826)]
[(6, 0.13470407)]
[(0, 0.11396949), (2, 0.12764272), (12, 0.12021729)]
[(0, 0.15879662)]
[(0, 0.2188982)]
[(1, 0.110430434), (8, 0.16618101)]
[(3, 0.21412896), (9, 0.13121544), (10, 0.114219755)]
[(1, 0.17391156)]
[(4, 0.16927063), (10, 0.11708908)]
[(10, 0.16314879), (13, 0.10351868)]
[(10, 0.14177212)]
[(9, 0.10204397), (10, 0.18488486)]
[(8, 0.12625322), (10, 0.13893627)]
[(8, 0.12158996), (10, 0.2228123)]
[(10, 0.10614711)]
[(8, 0.1327441), (10, 0.18134472)]
[(8, 0.2125209), (10, 0.25659493)]
[(7, 0.13516152), (8, 0.15201735)]
[(8, 0.2064463), (10, 0.22066227)]
[(1, 0.12074626), (5, 0.17701565), (7, 0.15695989)]
[(3, 0.12486676), (7, 0.13230814), (9, 0.45615748)]
[(5, 0.10289562), (7, 0.13091637)]
[]
[(0, 0.17487876)]
[(0, 0.16053587), (12, 0.12049138)]
[(0, 0.17866504), (2, 0.24175303)]
[(0, 0.16143788), (8, 0.17127681)]
[(0, 0.11502331), (1, 0.13604267)]
[(1, 0.12643468), (4, 0.13232087)]
[(2, 0.33265263)]
[(2, 0.3948164)]
[(1, 0.15156646), (2, 0.14157172)]
[(2, 0.23232964)]
[(2, 0.36819845)]
[(2, 0.6776181)]
[(2, 0.26245594)]
[(2, 0.5917042)]
[(2, 0.4170559)]
[(6, 0.100716054), (9, 0.2344969)]
[(2, 0.83335626)]
[(2, 0.34384933)]
[(2, 0.36226577)]
[(1, 0.63208383)]
[(0, 0.1524828), (2, 0.16203025)]
[(2, 0.33713138)]
[(2, 0.15943626)]
[(2, 0.18569331)]
[(0, 0.10316813), (2, 0.32634762)]
[(2, 0.463288)]
[(2, 0.54220957)]
[(2, 0.14597192), (11, 0.23602735)]
[(2, 0.54566413)]
[(2, 0.42539388)]
[(2, 0.6972663)]
[(2, 0.3925434)]
[(2, 0.3549074)]
[(1, 0.13335), (4, 0.1032192)]
[(10, 0.17831859), (11, 0.2599955)]
[(5, 0.12857424), (10, 0.12386766), (12, 0.21481705)]
[(5, 0.15943769), (10, 0.17004488), (12, 0.1098264)]
[(5, 0.11082777), (8, 0.13871095), (10, 0.12118097)]
[(9, 0.15374877), (10, 0.14115894)]
[(9, 0.11645622), (11, 0.10235113)]
[(12, 0.1022202)]
[(0, 0.16372162), (2, 0.12684937)]
[(4, 0.17105412), (8, 0.12019473)]
[(0, 0.2343156), (1, 0.11183909)]
[(3, 0.12168603)]
[(9, 0.12028709), (10, 0.107189566)]
[(9, 0.27937672)]
[(8, 0.16270226), (10, 0.24840567)]
[(4, 0.36826968), (7, 0.1542745), (8, 0.15047435)]
[(4, 0.3285465)]
[(0, 0.13357879), (10, 0.12736078)]
[(1, 0.13658156)]
[(8, 0.13700256), (11, 0.1156094), (12, 0.17707464)]
[(3, 0.15243039), (8, 0.11845688)]
[(3, 0.18471763), (8, 0.14504215)]
[(4, 0.13188142), (6, 0.14540656)]
[(4, 0.20211495), (6, 0.12481869)]
[(9, 0.57961065)]
[(2, 0.13195379), (6, 0.13519046), (8, 0.15693466), (9, 0.22450429)]
[(9, 0.10231213), (11, 0.28805286)]
[(8, 0.11067117), (9, 0.109058626)]
[(4, 0.10636056), (12, 0.103383206)]
[(1, 0.19851562), (5, 0.18251695), (10, 0.21075936)]
[(1, 0.13533391), (5, 0.19022666)]
[(5, 0.25087354), (10, 0.134913)]
[(10, 0.37522456)]
[(0, 0.14300771), (1, 0.110535815)]
[(1, 0.10779317), (2, 0.10139877), (10, 0.1522756)]
[(10, 0.28136554), (12, 0.28331023)]
[(5, 0.2170345), (10, 0.24606101)]
[(8, 0.13534452), (10, 0.18841912)]
[(1, 0.19510688), (5, 0.10194855), (10, 0.14866933), (11, 0.14872111)]
[(5, 0.46629858)]
[(5, 0.10932328), (10, 0.16692501)]
[(5, 0.13251512), (10, 0.10746882)]
[(1, 0.103549756), (5, 0.33071524)]
[(5, 0.2554147), (10, 0.14986658)]
[(0, 0.12101879), (5, 0.26255396)]
[(0, 0.13529107), (1, 0.11860431)]
[(2, 0.15347093), (5, 0.15676488), (10, 0.13628179)]
[(5, 0.19904217), (12, 0.100253016)]
[(5, 0.10532745), (10, 0.16607949)]
[(5, 0.31699973), (10, 0.102388166)]
[(5, 0.1605561), (10, 0.16319774), (12, 0.13543181)]
[(4, 0.10483913)]
[(9, 0.16467236)]
[(1, 0.15445957), (5, 0.18790878), (10, 0.21650071)]
[(5, 0.118117794), (10, 0.36428034)]
[(5, 0.4445377), (10, 0.13829236)]
[(3, 0.110126264), (5, 0.31534663)]
[(0, 0.12351826), (5, 0.17245819)]
[(8, 0.24369685), (10, 0.21010713)]
[(0, 0.10506594), (5, 0.1112807)]
[(5, 0.12856452), (10, 0.41363195)]
[(5, 0.28964582), (10, 0.23209184)]
[(5, 0.11892619), (10, 0.22074404)]
[(5, 0.26074663), (10, 0.1958015)]
[(5, 0.1241149), (10, 0.37749052)]
[(5, 0.23743103), (10, 0.11924643)]
[(5, 0.15196054), (10, 0.43386453)]
[(11, 0.29625705)]
[(9, 0.12917903)]
[(9, 0.10450225), (10, 0.119943194)]
[(2, 0.11078936), (9, 0.15044133)]
[(0, 0.18892981), (4, 0.1165292), (5, 0.1083568)]
[(1, 0.15514974), (2, 0.1762735), (11, 0.12329769)]
[(1, 0.12144495), (2, 0.2638716)]
[(1, 0.23252097), (2, 0.3368997)]
[(0, 0.3596559)]
[(7, 0.1166008)]
[(0, 0.3201781), (6, 0.13529117)]
[(0, 0.11120084), (2, 0.11061136), (5, 0.10117847)]
[(0, 0.16171911), (5, 0.107781015)]
[(0, 0.5843848)]
[(0, 0.5760713)]
[(0, 0.25365782), (12, 0.32039535)]
[(0, 0.19379942), (1, 0.11674434)]
[(2, 0.10223382), (11, 0.5316842)]
[(0, 0.12560913), (5, 0.10781043)]
[(0, 0.15605818), (2, 0.11403394), (3, 0.12037165)]
[(0, 0.19178161), (11, 0.13948998), (12, 0.15852773)]
[(0, 0.14670111)]
[(2, 0.10086792), (6, 0.15894856), (11, 0.10842496)]
[(4, 0.101571985)]
[(4, 0.2852111)]
[(0, 0.11314525), (4, 0.10719318), (6, 0.10931622)]
[(0, 0.579977)]
[(4, 0.3723876)]
[(0, 0.14216591), (5, 0.18372549)]
[(11, 0.14670356)]
[(0, 0.26749226)]
[(0, 0.11663718), (1, 0.19038068), (9, 0.10247801)]
[(2, 0.18009336), (6, 0.18294403)]
[(4, 0.15488297), (11, 0.15210871)]
[(4, 0.19223972)]
[(0, 0.15192606), (7, 0.14892097), (12, 0.12220732)]
[(5, 0.10667703)]
[(2, 0.12159677), (12, 0.12907714)]
[(13, 0.20196751)]
[(7, 0.14696665), (9, 0.1564208)]
[(2, 0.116119415), (9, 0.14818071)]
[(5, 0.15832695)]
[(0, 0.2633795)]
[(0, 0.13931437), (11, 0.2575186)]
[(1, 0.14184815), (7, 0.12793852)]
[(1, 0.10794294), (2, 0.13078053)]
[(1, 0.13787708), (4, 0.108733326)]
[(0, 0.48200402)]
[(4, 0.17627615), (8, 0.11982112), (12, 0.13194296)]
[(4, 0.30754858), (13, 0.12153053)]
[(0, 0.1367328)]
[(4, 0.16506632), (8, 0.12392465)]
[(8, 0.14943889), (11, 0.36694038)]
[(2, 0.16827425)]
[(2, 0.13193023), (12, 0.1118102)]
[(4, 0.110015415)]
