48730344 0 0.9990525
18754190 0 0.7403981
22765185 0 0.9983439
24311575 0 0.78371096
52791982 0 0.99836785
53718902 2 0.998052
30697500 1 0.9976615
34568121 2 0.640546
23373696 0 0.99774975
55554802 0 0.9801913
39273002 0 0.9988011
18366158 0 0.9991765
52651692 0 0.9994271
38697202 0 0.99812394
54683456 2 0.99897116
53013834 0 0.54174244
31838189 0 0.9971191
48067303 0 0.6744975
49714088 2 0.99797344
34403619 1 0.7174469
39759153 0 0.9961334
37101223 0 0.9977936
8935729 2 0.9976573
48873733 1 0.5664902
57399703 0 0.864747
44614413 0 0.99853724
2377881 0 0.9967911
42237002 2 0.8734471
42707353 1 0.64048713
42059289 0 0.99812293
49964673 0 0.9986587
42801631 2 0.99817055
12422908 1 0.89928186
37329531 0 0.9976549
33026915 1 0.5915834
25028441 2 0.8114745
45776463 1 0.5835954
31970422 2 0.9987792
42063110 0 0.9974454
34209823 2 0.73591447
30577630 0 0.8570247
24234322 0 0.99918866
56166471 0 0.9989657
7478821 2 0.62602437
51791869 0 0.9994152
25462314 0 0.9994651
15760799 1 0.9983123
48597289 2 0.6695015
39259363 0 0.9973242
33850935 0 0.9992216
21658469 0 0.8962625
32686871 0 0.9989263
49965280 0 0.7029845
51386455 2 0.80690837
36486573 0 0.9977506
34552301 0 0.99939656
31647406 2 0.99821365
34108194 0 0.9986745
54055272 0 0.99696124
24601137 2 0.99849904
19791384 2 0.56551254
41377338 2 0.74475867
43415059 0 0.9977943
26194633 2 0.9973706
56203206 0 0.99725926
48552240 2 0.99794555
31999971 0 0.7621222
35125097 0 0.99843544
29158646 0 0.6445101
50002149 0 0.6622724
30942322 1 0.99888253
56883435 0 0.99599624
32981821 0 0.9977946
38393367 1 0.9378746
28094673 0 0.9989563
35584879 0 0.9287461
20897895 0 0.9981544
31977860 0 0.9978771
34192230 1 0.80993104
54100529 0 0.50059193
48829420 1 0.8958314
38701617 1 0.8753522
54476129 0 0.99659854
49981704 0 0.9980922
47890275 1 0.740614
52940838 0 0.9941197
44852289 0 0.9984138
40056106 2 0.9982554
45668137 0 0.9930197
43382539 2 0.99908406
44850023 0 0.9983445
30158027 1 0.65051574
25052286 2 0.5020709
57048911 2 0.58445936
56968274 0 0.6072272
46255506 0 0.9986416
8934546 2 0.9968803
57734907 0 0.99836797
50262104 2 0.5806762
35811119 0 0.9990758
54117802 1 0.507117
54773929 2 0.9995152
49587016 0 0.68406856
27789310 2 0.8396538
35203635 0 0.9987473
13131587 2 0.9986715
33087033 0 0.99770415
12239555 1 0.9992352
55256246 0 0.8099309
23626986 0 0.99568903
47382035 0 0.999105
57200939 2 0.5074502
43330545 0 0.6337301
36054681 0 0.94065666
36909746 0 0.9987616
47734147 1 0.99843967
41248866 1 0.56315476
15879136 0 0.7630667
24469945 2 0.40810028
51687749 0 0.8976091
37316370 0 0.997324
36978296 0 0.7610628
41597321 0 0.99533397
39520642 0 0.99933976
47857573 1 0.76416445
38579982 0 0.99834347
13555085 0 0.99857396
56592529 0 0.9949147
53706669 2 0.99852854
17986762 0 0.9984354
19129985 2 0.9995681
20894291 0 0.7660382
51111605 0 0.9984984
36348761 2 0.9969437
53735769 2 0.997276
39426096 0 0.996599
46829131 0 0.99922746
27439942 1 0.70164704
28425866 0 0.8444964
52435995 0 0.99532795
55968777 0 0.6213243
56629115 0 0.7188346
31374733 2 0.5136448
31304576 2 0.99855655
49475216 0 0.5918098
42084269 2 0.99595726
54181232 1 0.995338
25628920 2 0.6418335
37052943 0 0.9990446
43796080 0 0.99911207
2662591 0 0.9982674
28452222 2 0.9982139
52502511 0 0.99812394
44774514 0 0.9988946
24022946 0 0.9979907
22591778 0 0.9979904
44810708 0 0.9993122
44081175 0 0.9986096
25677288 2 0.99791706
46283760 0 0.9991885
44230634 0 0.9617462
52969757 0 0.68486845
44665958 0 0.86214197
47797100 0 0.99907565
37802869 0 0.9973238
2137357 0 0.99913883
16440131 0 0.9465734
24153773 1 0.7622871
21232665 2 0.9989921
43463221 0 0.9974445
52687618 2 0.99829495
27452835 0 0.68107307
44498745 0 0.9989163
57529040 0 0.9958479
53221108 0 0.95146215
26345318 2 0.73434633
44202894 2 0.9977282
22583166 0 0.9961321
26111729 2 0.9573459
55651460 2 0.99880767
48565232 1 0.82307774
44709489 0 0.9981836
33684259 0 0.72095037
39968084 0 0.99981207
38940462 0 0.9349687
35658196 0 0.99878794
51356504 0 0.99873406
54492518 0 0.8862569
30956244 0 0.9985558
35539083 0 0.9967914
47720876 0 0.9988261
55256365 0 0.99919987
58634268 2 0.99833286
58571246 2 0.9972255
59065803 2 0.992555
59237142 0 0.86816376
58489304 0 0.7551615
58407722 0 0.99779445
58241897 0 0.9992479
58850884 0 0.91845924
58459517 2 0.9951791
58676250 0 0.60517395
59506608 0 0.65222186
58382208 0 0.99919987
59295606 0 0.9959962
58312528 2 0.9988537
58840982 0 0.99860847
59521105 2 0.7368704
59820226 0 0.9983678
59894378 0 0.99873364
59911836 2 0.818884
59996418 2 0.99908406
60128002 0 0.99750215
60416792 2 0.8829788
60828832 0 0.9977499
60827442 0 0.94643474
60847704 0 0.99491477
60858804 0 0.3836065
60931087 0 0.99669755
61054088 1 0.9988565
61289500 0 0.7764976
61316284 0 0.9975002
61475522 0 0.9606042
34807248 0 0.99638057
41077953 2 0.64617306
44509679 2 0.99805206
25979835 1 0.99792767
56074289 0 0.716348
29929750 0 0.99894625
52122831 1 0.99928415
23259586 0 0.8095586
53930168 1 0.74170333
32575775 1 0.99638194
42291833 2 0.9974596
52801304 1 0.99736494
49932512 1 0.99685085
55633686 1 0.9986432
20875626 1 0.9986041
55522777 0 0.99568707
57259755 1 0.80859935
52090569 2 0.99595594
47247118 0 0.99765396
56392182 0 0.997954
44314924 0 0.5259127
42590211 2 0.9981472
48057470 0 0.99755377
47101837 1 0.60260165
49874945 1 0.9915412
25460231 0 0.7153586
54769217 0 0.5269144
39979701 0 0.9976576
57577993 2 0.9985697
23092678 0 0.61561
43339043 1 0.9987795
54306500 0 0.9978732
55121893 2 0.9971186
52797337 0 0.9986587
42090742 2 0.99651754
48825863 0 0.5533537
33339986 2 0.83644545
32486427 0 0.44426736
46495571 2 0.79951334
54795227 1 0.7584899
44401356 1 0.6900036
50565750 2 0.9962579
57032884 0 0.9982408
50411340 0 0.99943304
51196699 2 0.7243922
20536531 0 0.9953325
42664156 1 0.99867994
30904781 2 0.7611831
47733366 0 0.9968772
36336629 0 0.9965994
57453824 2 0.99700433
41152648 2 0.9972255
34814834 1 0.99710274
49058692 0 0.99441165
26456775 1 0.99829245
37155381 2 0.78074616
33337360 2 0.99754304
54269497 0 0.83125293
38829420 0 0.99843496
51913552 1 0.9972128
48147522 0 0.99775
38591130 0 0.5422863
51008351 0 0.7339733
14404757 0 0.998626
33301318 0 0.9990023
23436358 0 0.999132
42057466 0 0.9990526
11488880 2 0.9241999
35512321 2 0.9987489
56760353 1 0.5512951
20655702 0 0.7554474
56909878 1 0.51725256
49509640 2 0.99848396
42319145 2 0.99870574
55193378 1 0.722709
28985665 1 0.99646956
50982957 0 0.9972596
43720183 2 0.9980769
46152088 1 0.9973165
26662738 2 0.99700487
42261147 1 0.99893945
52255715 0 0.99944705
22666163 1 0.99918824
22829022 1 0.9981861
53778253 1 0.99754316
51763970 2 0.86453015
45508442 1 0.5244405
43103343 0 0.9983441
41964431 0 0.5434091
35416762 2 0.9964371
52535743 0 0.99824065
39701198 2 0.5936219
26123231 2 0.75636566
57115037 1 0.997623
27351194 0 0.581618
43945042 2 0.99845266
41809503 0 0.6461367
16176744 2 0.99810106
54946901 1 0.7497337
35073587 1 0.5255405
48409589 1 0.9988099
30952434 0 0.5237913
25807204 1 0.99670947
10489654 2 0.76554304
52094925 0 0.6165255
57223333 0 0.71748364
36974902 2 0.9991417
52673491 1 0.50826365
16047506 2 0.8200428
55799434 0 0.52796286
30327588 2 0.99667305
33006152 1 0.7825926
55247017 1 0.9969188
51114171 0 0.7847876
51834234 0 0.39701095
55951224 0 0.96381843
28832017 1 0.35844538
24181081 1 0.99806577
42559806 0 0.5092269
55542717 1 0.72497797
56140458 0 0.99791497
30326141 0 0.9986741
35464211 1 0.9972659
45558963 1 0.995983
29324251 2 0.9980002
15374625 2 0.5621277
50544091 0 0.9964923
25661736 1 0.666975
36435908 0 0.9523099
46475204 0 0.9975015
48939099 0 0.9978364
45806377 0 0.41997433
47217014 2 0.882143
52121168 0 0.95515335
53743094 1 0.9984395
41250665 1 0.9965535
52570149 1 0.9983688
53842725 0 0.9985737
29422738 0 0.7570258
32633732 0 0.9971904
52177885 0 0.5665314
41963270 1 0.99825203
50576248 2 0.9973243
46092368 2 0.99894977
15145521 0 0.9964929
57588197 2 0.99659777
52599885 0 0.9986426
40243857 0 0.99859196
45107946 2 0.9986717
30495284 0 0.99904454
39916836 0 0.76219803
37870601 0 0.6174673
40746740 1 0.9021842
49793147 2 0.8187122
14109915 0 0.9992721
47464161 1 0.9982928
51803734 1 0.9958677
39751899 0 0.9969647
21494035 0 0.5310753
35503435 0 0.9988731
56089687 1 0.9973644
12867031 0 0.89488775
27625705 0 0.99799055
39378051 0 0.9994871
49064937 1 0.9994139
44471749 0 0.8927458
35252253 2 0.9981012
45334531 1 0.99776876
30138477 0 0.86430734
55463392 0 0.69005364
50264864 0 0.89596945
53772954 1 0.9971013
38214829 0 0.9980594
42222235 2 0.6210528
34905063 1 0.99811596
36102036 2 0.9198491
52000769 1 0.9924258
45267125 2 0.8852971
57267780 0 0.99599624
33031658 0 0.6768593
35390726 1 0.99726593
53527693 0 0.8609326
21498395 2 0.6306829
27107641 0 0.99584895
53066636 0 0.55435586
27431236 2 0.70351744
56002541 1 0.80920076
32420713 2 0.9990727
44274221 0 0.9980592
56723388 0 0.99834365
53744332 1 0.90408474
51314253 1 0.9966333
53469884 0 0.9987341
57396673 2 0.9973706
51848270 0 0.7817294
19065549 0 0.99783653
41029065 2 0.99754333
33282838 0 0.9986744
35556253 0 0.8143467
47937857 2 0.67975986
43864955 1 0.7918146
53276769 1 0.9986681
55339915 1 0.99678177
26927664 2 0.9985429
23897809 0 0.99904436
55850042 2 0.9993439
34693477 0 0.9970437
51123718 0 0.99805963
55565814 1 0.9980911
48958886 1 0.99806535
35296534 2 0.99700415
50301127 1 0.9973165
33741491 1 0.5191996
25179492 0 0.71453357
6212624 2 0.94494116
24105960 1 0.9975429
41295487 2 0.75670695
11065913 0 0.59933734
43942972 0 0.92104906
55714437 2 0.64125854
56197892 0 0.82774097
42105432 0 0.9985181
47362816 1 0.99831283
39347206 0 0.9994774
55023564 1 0.61837786
53752383 1 0.9986042
41521671 0 0.99919987
18998473 0 0.5077132
56632176 1 0.99859047
27671061 2 0.997888
39474284 2 0.9974598
21322182 0 0.99884987
46426718 0 0.9972591
33516053 0 0.99774903
36987942 2 0.84390295
51412918 2 0.99788725
40886911 2 0.9970633
29714397 1 0.76488894
18817336 0 0.9993801
51927278 0 0.6605228
52897064 0 0.7564226
44673695 0 0.99805933
52404171 1 0.99866796
38847489 1 0.533161
57051524 1 0.9966336
26200107 0 0.998592
50649502 2 0.99855673
35493528 1 0.60374135
52282852 2 0.99351734
40032050 1 0.99786747
33623520 2 0.9983866
43603590 0 0.99812365
45377132 0 0.84922373
37210227 0 0.761878
34689277 1 0.9991352
57635910 2 0.9421976
38822764 1 0.9979858
36042528 1 0.62083185
43269872 2 0.9973248
54275704 2 0.99800014
20330210 1 0.68930435
47734440 1 0.9984722
47138572 0 0.8482507
48761010 0 0.99913913
26185201 0 0.62196785
38170775 1 0.9986175
37926878 1 0.9975012
34389421 0 0.8654054
43325678 2 0.9965978
33789680 0 0.7809652
51662368 2 0.9975019
54233076 0 0.99774957
53451378 0 0.99688107
39690846 2 0.5614347
33710672 0 0.9990907
24608210 0 0.944473
36739718 2 0.9963505
39138805 2 0.9972246
45666306 2 0.9988536
16772946 2 0.99905527
56129533 1 0.8552974
37330614 0 0.9985366
34691387 0 0.997837
35590600 0 0.5178661
12642689 1 0.99827254
24922102 0 0.99826723
52021391 0 0.99774945
51259453 0 0.9987047
14400729 0 0.87156594
40412270 1 0.6603005
47981709 0 0.9995557
57100727 0 0.99883825
50527998 0 0.7122369
49288607 2 0.99785763
26434759 0 0.72396326
26237283 1 0.56263494
25655229 0 0.99876124
51077312 0 0.9987337
11613889 1 0.9988474
45655516 0 0.99795365
48208432 0 0.7367573
21562269 1 0.9983125
48352311 0 0.9987194
45233208 1 0.7144421
28004103 0 0.99925303
47735007 2 0.9921711
54791135 1 0.9967815
47380374 0 0.9983915
52353238 0 0.9992863
53271241 2 0.9985141
25451805 2 0.99659765
31492897 0 0.99795413
21151714 0 0.9973862
46804178 0 0.9971185
24437809 0 0.8397932
42963332 1 0.731777
18011708 0 0.9994123
16111754 0 0.997502
42415638 1 0.99786776
24461629 0 0.99877506
57559374 0 0.71698374
52819035 1 0.80370504
50716173 1 0.99586856
47195738 1 0.9958682
39410808 0 0.9045111
35213570 0 0.50849473
37321760 1 0.99892414
57427759 0 0.8478933
21008855 0 0.59638935
55370699 0 0.99845743
40870178 0 0.99881357
41375810 2 0.9977283
54897030 1 0.9978355
41977601 0 0.8594874
31000378 0 0.6508609
44295820 1 0.9983127
45988816 1 0.9972131
51001126 0 0.9983907
52904584 1 0.9985904
41559601 1 0.99795717
52373039 1 0.6674815
40787104 1 0.9978027
49810592 0 0.99893653
44398216 2 0.8298201
42772215 0 0.99901956
52445930 0 0.9989932
57457181 0 0.99688005
49825455 0 0.99915224
54122226 0 0.9981838
48481109 0 0.8435283
25983367 2 0.999504
56692983 1 0.9985478
28559806 1 0.99801326
3107143 0 0.9986261
18974540 0 0.7363916
52007825 2 0.9985284
53476333 1 0.9979855
55615279 0 0.9962603
55789582 1 0.9987373
56926812 0 0.6295234
47340639 1 0.6269261
56714284 0 0.9992168
55658654 0 0.92089677
49663054 0 0.99923277
40262971 0 0.9980922
43949263 1 0.9978674
56870402 1 0.9994714
56611893 0 0.5745418
53825725 1 0.58461535
41038594 1 0.99769884
26159658 2 0.5770616
25260985 0 0.9989464
38565793 0 0.758039
44816003 2 0.5468443
35694470 2 0.9252768
24072026 0 0.9993934
34269540 1 0.9981401
42096526 2 0.99762034
47031558 1 0.99813986
25578615 1 0.9984054
52358381 2 0.82282346
43829022 1 0.99882895
31518501 2 0.921392
50462090 0 0.9955184
8693513 0 0.9980258
49546567 0 0.99968374
37202268 0 0.99860924
36073179 1 0.63160276
25860391 0 0.6369024
39482151 1 0.9948423
54982050 0 0.99257094
54899550 1 0.9989981
38744131 2 0.9989272
54737926 0 0.8161351
44789059 1 0.55100536
23039458 0 0.9988012
49691513 1 0.8754114
49437359 0 0.9979534
57540370 0 0.9986092
51077945 0 0.63955814
36317044 1 0.99879
51681219 2 0.99835104
20411964 0 0.9979536
18545676 0 0.84935164
25053188 2 0.99846864
57677966 2 0.7178823
56701287 2 0.9971734
33040563 1 0.9986802
29142361 1 0.83269554
48392334 0 0.9975015
49876521 0 0.99283475
20851943 0 0.9973864
49325515 0 0.9937971
50068929 0 0.5203332
35639225 2 0.99833304
56594962 0 0.9981838
36959901 2 0.9986833
25344109 2 0.7337515
56038083 1 0.8956283
10701874 0 0.927009
57288177 1 0.9966339
44420891 1 0.99783576
40488583 2 0.9957277
46473100 0 0.9984139
40231805 0 0.9983445
12310828 1 0.6941255
36972078 2 0.99785805
48052483 2 0.99817055
25445704 2 0.9985973
20653756 2 0.9983864
26719970 1 0.99938935
36879151 0 0.99659747
47476852 0 0.6764349
21868286 0 0.9977939
31195469 0 0.4583967
51089911 2 0.99937135
52889452 2 0.99941295
20014908 0 0.9716714
51707795 0 0.99933636
40199015 0 0.99770486
49727761 1 0.6870088
35641888 1 0.9962879
48307863 0 0.84292084
49961487 2 0.5539055
40497498 0 0.8264204
28408164 2 0.9977625
42761866 1 0.99856275
26427175 1 0.99933946
44120681 2 0.5147137
55234675 1 0.6910434
35357841 0 0.9990279
12122159 1 0.99938154
45621733 0 0.51817673
52721545 0 0.6360172
51717409 1 0.5058432
57270775 0 0.99612945
48106852 0 0.99824053
24405510 1 0.5332591
42619977 2 0.9951803
31751764 1 0.9975843
17053699 2 0.9990612
52712907 1 0.99860406
42707668 0 0.9983914
47402775 0 0.5840395
18953186 1 0.9972139
47107203 2 0.99912155
16007695 0 0.9987751
53456211 0 0.97763366
49678052 0 0.9989841
40502926 1 0.99704355
54384128 1 0.6140817
13892667 0 0.9977497
45741707 1 0.99685246
51003636 0 0.99738616
51932108 0 0.61840117
54559833 1 0.99655324
57352676 0 0.9980916
35950072 2 0.710258
35970581 1 0.6499967
38237088 1 0.7436641
19021964 0 0.5924567
40353070 0 0.99880123
48855520 1 0.9962897
45712450 0 0.9986091
17227532 2 0.7984874
27006725 1 0.9989476
53545547 0 0.99613225
48498038 1 0.9986175
48776674 0 0.997657
44467646 1 0.9982514
49085737 0 0.85543495
21936332 2 0.7769157
44785181 0 0.5570096
55308051 0 0.9990362
14760365 0 0.9987188
19369280 1 0.51676005
27368973 2 0.7757083
57533415 2 0.9962574
43822945 1 0.6491751
34995238 1 0.99786764
57085776 0 0.99893653
48822600 1 0.9502752
8340751 2 0.62926406
49865699 0 0.9972592
40856473 1 0.99792767
31226131 1 0.9954836
45970008 1 0.9965531
42643048 1 0.9992842
39616087 0 0.7782471
52291669 0 0.979843
47925940 0 0.9978776
54883895 2 0.99946517
55827757 1 0.9968526
54053890 2 0.99864763
48423188 0 0.8374795
58513733 0 0.9988381
58973187 0 0.99551976
58272260 2 0.9973235
58054667 2 0.93000954
59339941 1 0.9977346
58729774 0 0.9961332
58260989 0 0.9979535
57921650 1 0.8418075
58007421 0 0.91231406
57966371 0 0.45865503
58083147 0 0.7762891
58087294 2 0.8185044
57985903 2 0.9961637
59197770 0 0.9421315
58363906 0 0.99821305
58886691 1 0.9968512
58793367 0 0.72480875
58537035 0 0.9088814
58441421 1 0.9983694
57900273 0 0.8617856
58840574 0 0.9982677
59100599 1 0.9968516
59055673 0 0.58721524
57744933 1 0.69004345
59518205 2 0.9956042
57995716 1 0.9986172
58001289 1 0.9990183
59307116 1 0.9958664
58157371 2 0.99547076
58160666 1 0.8441407
59656554 0 0.99867433
59703739 2 0.99836904
59881443 2 0.99546975
59889745 2 0.9985287
59903742 0 0.9984357
59929965 0 0.99719095
59932883 0 0.5524823
59937186 0 0.99569094
59957579 2 0.5296452
60061769 1 0.505746
60073060 1 0.8208321
60255165 2 0.95731056
60255947 2 0.7058705
60293089 1 0.90342426
60357069 2 0.9991216
60385053 0 0.71830434
60412397 1 0.6806217
60425518 1 0.9978668
60430587 1 0.9990379
60461438 0 0.99855584
60722375 0 0.43319294
60736612 1 0.9467594
60802172 1 0.9954837
60802667 2 0.66388947
60855932 0 0.9160267
60876912 1 0.99533886
60889542 1 0.79957265
60945081 2 0.60305226
60994112 1 0.99888283
61023431 1 0.997543
61028110 0 0.78500867
61069794 1 0.9993709
61138253 1 0.9971023
61158953 0 0.99744534
61194735 1 0.9993995
61202163 0 0.49749914
61254942 1 0.9982086
61293342 0 0.99738556
61308905 1 0.5173788
61361906 0 0.99613374
61464552 2 0.79222614
