[(0, 0.9990525)]
[(0, 0.7403981), (1, 0.25908303)]
[(0, 0.9983439)]
[(0, 0.78371096), (1, 0.2156697)]
[(0, 0.99836785)]
[(2, 0.998052)]
[(1, 0.9976615)]
[(0, 0.3586023), (2, 0.640546)]
[(0, 0.99774975)]
[(0, 0.9801913)]
[(0, 0.9988011)]
[(0, 0.9991765)]
[(0, 0.9994271)]
[(0, 0.99812394)]
[(2, 0.99897116)]
[(0, 0.54174244), (1, 0.35824713), (2, 0.10001041)]
[(0, 0.9971191)]
[(0, 0.6744975), (2, 0.3252081)]
[(2, 0.99797344)]
[(1, 0.7174469), (2, 0.28132042)]
[(0, 0.9961334)]
[(0, 0.9977936)]
[(2, 0.9976573)]
[(0, 0.43291086), (1, 0.5664902)]
[(0, 0.864747), (1, 0.13421741)]
[(0, 0.99853724)]
[(0, 0.9967911)]
[(1, 0.12557118), (2, 0.8734471)]
[(0, 0.35778192), (1, 0.64048713)]
[(0, 0.99812293)]
[(0, 0.9986587)]
[(2, 0.99817055)]
[(0, 0.10022347), (1, 0.89928186)]
[(0, 0.9976549)]
[(0, 0.4066858), (1, 0.5915834)]
[(0, 0.18787219), (2, 0.8114745)]
[(0, 0.4158543), (1, 0.5835954)]
[(2, 0.9987792)]
[(0, 0.9974454)]
[(0, 0.2637244), (2, 0.73591447)]
[(0, 0.8570247), (1, 0.1428015)]
[(0, 0.99918866)]
[(0, 0.9989657)]
[(0, 0.3734044), (2, 0.62602437)]
[(0, 0.9994152)]
[(0, 0.9994651)]
[(1, 0.9983123)]
[(0, 0.3300239), (2, 0.6695015)]
[(0, 0.9973242)]
[(0, 0.9992216)]
[(0, 0.8962625), (2, 0.103362516)]
[(0, 0.9989263)]
[(0, 0.7029845), (1, 0.29591602)]
[(0, 0.19231836), (2, 0.80690837)]
[(0, 0.9977506)]
[(0, 0.99939656)]
[(2, 0.99821365)]
[(0, 0.9986745)]
[(0, 0.99696124)]
[(2, 0.99849904)]
[(0, 0.433855), (2, 0.56551254)]
[(0, 0.25474277), (2, 0.74475867)]
[(0, 0.9977943)]
[(2, 0.9973706)]
[(0, 0.99725926)]
[(2, 0.99794555)]
[(0, 0.7621222), (1, 0.23748964)]
[(0, 0.99843544)]
[(0, 0.6445101), (2, 0.35479)]
[(0, 0.6622724), (1, 0.33711466)]
[(1, 0.99888253)]
[(0, 0.99599624)]
[(0, 0.9977946)]
[(1, 0.9378746)]
[(0, 0.9989563)]
[(0, 0.9287461)]
[(0, 0.9981544)]
[(0, 0.9978771)]
[(0, 0.18938708), (1, 0.80993104)]
[(0, 0.50059193), (2, 0.49813253)]
[(1, 0.8958314), (2, 0.102919)]
[(0, 0.12390984), (1, 0.8753522)]
[(0, 0.99659854)]
[(0, 0.9980922)]
[(0, 0.25866777), (1, 0.740614)]
[(0, 0.9941197)]
[(0, 0.9984138)]
[(2, 0.9982554)]
[(0, 0.9930197)]
[(2, 0.99908406)]
[(0, 0.9983445)]
[(0, 0.34889174), (1, 0.65051574)]
[(1, 0.4959914), (2, 0.5020709)]
[(0, 0.41524473), (2, 0.58445936)]
[(0, 0.6072272), (1, 0.39210743)]
[(0, 0.9986416)]
[(2, 0.9968803)]
[(0, 0.99836797)]
[(1, 0.418074), (2, 0.5806762)]
[(0, 0.9990758)]
[(1, 0.507117), (2, 0.49141204)]
[(2, 0.9995152)]
[(0, 0.68406856), (1, 0.31481037)]
[(2, 0.8396538)]
[(0, 0.9987473)]
[(2, 0.9986715)]
[(0, 0.99770415)]
[(1, 0.9992352)]
[(0, 0.8099309), (2, 0.18804932)]
[(0, 0.99568903)]
[(0, 0.999105)]
[(0, 0.4911193), (2, 0.5074502)]
[(0, 0.6337301), (1, 0.36605743)]
[(0, 0.94065666)]
[(0, 0.9987616)]
[(1, 0.99843967)]
[(0, 0.43652573), (1, 0.56315476)]
[(0, 0.7630667), (1, 0.236314)]
[(0, 0.29762092), (1, 0.29427883), (2, 0.40810028)]
[(0, 0.8976091), (2, 0.10142716)]
[(0, 0.997324)]
[(0, 0.7610628), (2, 0.23833084)]
[(0, 0.99533397)]
[(0, 0.99933976)]
[(0, 0.23499437), (1, 0.76416445)]
[(0, 0.99834347)]
[(0, 0.99857396)]
[(0, 0.9949147)]
[(2, 0.99852854)]
[(0, 0.9984354)]
[(2, 0.9995681)]
[(0, 0.7660382), (1, 0.117341526), (2, 0.11662027)]
[(0, 0.9984984)]
[(2, 0.9969437)]
[(2, 0.997276)]
[(0, 0.996599)]
[(0, 0.99922746)]
[(0, 0.29775405), (1, 0.70164704)]
[(0, 0.8444964), (2, 0.15432954)]
[(0, 0.99532795)]
[(0, 0.6213243), (1, 0.3780338)]
[(0, 0.7188346), (1, 0.28082594)]
[(0, 0.48570162), (2, 0.5136448)]
[(2, 0.99855655)]
[(0, 0.5918098), (1, 0.40743148)]
[(2, 0.99595726)]
[(1, 0.995338)]
[(0, 0.35763642), (2, 0.6418335)]
[(0, 0.9990446)]
[(0, 0.99911207)]
[(0, 0.9982674)]
[(2, 0.9982139)]
[(0, 0.99812394)]
[(0, 0.9988946)]
[(0, 0.9979907)]
[(0, 0.9979904)]
[(0, 0.9993122)]
[(0, 0.9986096)]
[(2, 0.99791706)]
[(0, 0.9991885)]
[(0, 0.9617462)]
[(0, 0.68486845), (2, 0.31458127)]
[(0, 0.86214197), (2, 0.13741545)]
[(0, 0.99907565)]
[(0, 0.9973238)]
[(0, 0.99913883)]
[(0, 0.9465734)]
[(1, 0.7622871), (2, 0.23518632)]
[(2, 0.9989921)]
[(0, 0.9974445)]
[(2, 0.99829495)]
[(0, 0.68107307), (2, 0.31820056)]
[(0, 0.9989163)]
[(0, 0.9958479)]
[(0, 0.95146215)]
[(1, 0.2639337), (2, 0.73434633)]
[(2, 0.9977282)]
[(0, 0.9961321)]
[(2, 0.9573459)]
[(2, 0.99880767)]
[(0, 0.1760398), (1, 0.82307774)]
[(0, 0.9981836)]
[(0, 0.72095037), (2, 0.27803695)]
[(0, 0.99981207)]
[(0, 0.9349687)]
[(0, 0.99878794)]
[(0, 0.99873406)]
[(0, 0.8862569), (2, 0.11289139)]
[(0, 0.9985558)]
[(0, 0.9967914)]
[(0, 0.9988261)]
[(0, 0.99919987)]
[(2, 0.99833286)]
[(2, 0.9972255)]
[(2, 0.992555)]
[(0, 0.86816376), (2, 0.13131054)]
[(0, 0.7551615), (2, 0.24465825)]
[(0, 0.99779445)]
[(0, 0.9992479)]
[(0, 0.91845924)]
[(2, 0.9951791)]
[(0, 0.60517395), (2, 0.39452714)]
[(0, 0.65222186), (1, 0.34728324)]
[(0, 0.99919987)]
[(0, 0.9959962)]
[(2, 0.9988537)]
[(0, 0.99860847)]
[(0, 0.26255852), (2, 0.7368704)]
[(0, 0.9983678)]
[(0, 0.99873364)]
[(0, 0.18032174), (2, 0.818884)]
[(2, 0.99908406)]
[(0, 0.99750215)]
[(0, 0.11562466), (2, 0.8829788)]
[(0, 0.9977499)]
[(0, 0.94643474)]
[(0, 0.99491477)]
[(0, 0.3836065), (1, 0.26616198), (2, 0.35023153)]
[(0, 0.99669755)]
[(1, 0.9988565)]
[(0, 0.7764976), (1, 0.22255808)]
[(0, 0.9975002)]
[(0, 0.9606042)]
[(0, 0.99638057)]
[(0, 0.3527592), (2, 0.64617306)]
[(2, 0.99805206)]
[(1, 0.99792767)]
[(0, 0.716348), (1, 0.28240213)]
[(0, 0.99894625)]
[(1, 0.99928415)]
[(0, 0.8095586), (2, 0.18947867)]
[(0, 0.2575688), (1, 0.74170333)]
[(1, 0.99638194)]
[(2, 0.9974596)]
[(1, 0.99736494)]
[(1, 0.99685085)]
[(1, 0.9986432)]
[(1, 0.9986041)]
[(0, 0.99568707)]
[(0, 0.19051805), (1, 0.80859935)]
[(2, 0.99595594)]
[(0, 0.99765396)]
[(0, 0.997954)]
[(0, 0.5259127), (1, 0.4729892)]
[(2, 0.9981472)]
[(0, 0.99755377)]
[(1, 0.60260165), (2, 0.39663723)]
[(1, 0.9915412)]
[(0, 0.7153586), (1, 0.28414184)]
[(0, 0.5269144), (1, 0.4726125)]
[(0, 0.9976576)]
[(2, 0.9985697)]
[(0, 0.61561), (1, 0.38389516)]
[(1, 0.9987795)]
[(0, 0.9978732)]
[(2, 0.9971186)]
[(0, 0.9986587)]
[(2, 0.99651754)]
[(0, 0.5533537), (1, 0.445631)]
[(0, 0.16298346), (2, 0.83644545)]
[(0, 0.44426736), (1, 0.11147768), (2, 0.44425496)]
[(1, 0.19942564), (2, 0.79951334)]
[(1, 0.7584899), (2, 0.23586619)]
[(1, 0.6900036), (2, 0.3076632)]
[(2, 0.9962579)]
[(0, 0.9982408)]
[(0, 0.99943304)]
[(0, 0.27430418), (2, 0.7243922)]
[(0, 0.9953325)]
[(1, 0.99867994)]
[(0, 0.23704208), (2, 0.7611831)]
[(0, 0.9968772)]
[(0, 0.9965994)]
[(2, 0.99700433)]
[(2, 0.9972255)]
[(1, 0.99710274)]
[(0, 0.99441165)]
[(1, 0.99829245)]
[(0, 0.21851891), (2, 0.78074616)]
[(2, 0.99754304)]
[(0, 0.83125293), (2, 0.16817035)]
[(0, 0.99843496)]
[(1, 0.9972128)]
[(0, 0.99775)]
[(0, 0.5422863), (2, 0.4562472)]
[(0, 0.7339733), (2, 0.26501432)]
[(0, 0.998626)]
[(0, 0.9990023)]
[(0, 0.999132)]
[(0, 0.9990526)]
[(2, 0.9241999)]
[(2, 0.9987489)]
[(1, 0.5512951), (2, 0.4473231)]
[(0, 0.7554474), (1, 0.24317442)]
[(1, 0.51725256), (2, 0.48171008)]
[(2, 0.99848396)]
[(2, 0.99870574)]
[(1, 0.722709), (2, 0.27531138)]
[(1, 0.99646956)]
[(0, 0.9972596)]
[(2, 0.9980769)]
[(1, 0.9973165)]
[(2, 0.99700487)]
[(1, 0.99893945)]
[(0, 0.99944705)]
[(1, 0.99918824)]
[(1, 0.9981861)]
[(1, 0.99754316)]
[(1, 0.1344672), (2, 0.86453015)]
[(0, 0.47505093), (1, 0.5244405)]
[(0, 0.9983441)]
[(0, 0.5434091), (1, 0.45524698)]
[(2, 0.9964371)]
[(0, 0.99824065)]
[(1, 0.40561074), (2, 0.5936219)]
[(0, 0.2433499), (2, 0.75636566)]
[(1, 0.997623)]
[(0, 0.581618), (1, 0.41746882)]
[(2, 0.99845266)]
[(0, 0.6461367), (2, 0.35279533)]
[(2, 0.99810106)]
[(0, 0.24907066), (1, 0.7497337)]
[(1, 0.5255405), (2, 0.47319236)]
[(1, 0.9988099)]
[(0, 0.5237913), (2, 0.47570986)]
[(1, 0.99670947)]
[(1, 0.23389958), (2, 0.76554304)]
[(0, 0.6165255), (2, 0.38305104)]
[(0, 0.71748364), (2, 0.22590147)]
[(2, 0.9991417)]
[(0, 0.17902653), (1, 0.50826365), (2, 0.31270978)]
[(0, 0.178593), (2, 0.8200428)]
[(0, 0.52796286), (2, 0.3777446)]
[(2, 0.99667305)]
[(1, 0.7825926), (2, 0.21591297)]
[(1, 0.9969188)]
[(0, 0.7847876), (1, 0.21482426)]
[(0, 0.39701095), (1, 0.26649448), (2, 0.33649457)]
[(0, 0.96381843)]
[(0, 0.3249392), (1, 0.35844538), (2, 0.31661543)]
[(1, 0.99806577)]
[(0, 0.5092269), (1, 0.49029598)]
[(0, 0.27374256), (1, 0.72497797)]
[(0, 0.99791497)]
[(0, 0.9986741)]
[(1, 0.9972659)]
[(1, 0.995983)]
[(2, 0.9980002)]
[(0, 0.14554413), (1, 0.29232818), (2, 0.5621277)]
[(0, 0.9964923)]
[(1, 0.666975), (2, 0.33009264)]
[(0, 0.9523099)]
[(0, 0.9975015)]
[(0, 0.9978364)]
[(0, 0.41997433), (1, 0.3994599), (2, 0.18056573)]
[(1, 0.116925724), (2, 0.882143)]
[(0, 0.95515335)]
[(1, 0.9984395)]
[(1, 0.9965535)]
[(1, 0.9983688)]
[(0, 0.9985737)]
[(0, 0.7570258), (2, 0.24202625)]
[(0, 0.9971904)]
[(0, 0.5665314), (2, 0.43219295)]
[(1, 0.99825203)]
[(2, 0.9973243)]
[(2, 0.99894977)]
[(0, 0.9964929)]
[(2, 0.99659777)]
[(0, 0.9986426)]
[(0, 0.99859196)]
[(2, 0.9986717)]
[(0, 0.99904454)]
[(0, 0.76219803), (1, 0.23574054)]
[(0, 0.6174673), (1, 0.38104093)]
[(1, 0.9021842)]
[(1, 0.17942815), (2, 0.8187122)]
[(0, 0.9992721)]
[(1, 0.9982928)]
[(1, 0.9958677)]
[(0, 0.9969647)]
[(0, 0.5310753), (1, 0.46834493)]
[(0, 0.9988731)]
[(1, 0.9973644)]
[(0, 0.89488775), (2, 0.10396112)]
[(0, 0.99799055)]
[(0, 0.9994871)]
[(1, 0.9994139)]
[(0, 0.8927458), (2, 0.10660788)]
[(2, 0.9981012)]
[(1, 0.99776876)]
[(0, 0.86430734), (2, 0.13512686)]
[(0, 0.69005364), (2, 0.3091188)]
[(0, 0.89596945), (2, 0.103384234)]
[(1, 0.9971013)]
[(0, 0.9980594)]
[(0, 0.37660968), (2, 0.6210528)]
[(1, 0.99811596)]
[(2, 0.9198491)]
[(1, 0.9924258)]
[(0, 0.11448398), (2, 0.8852971)]
[(0, 0.99599624)]
[(0, 0.6768593), (1, 0.32059288)]
[(1, 0.99726593)]
[(0, 0.8609326), (1, 0.13869025)]
[(0, 0.36781397), (2, 0.6306829)]
[(0, 0.99584895)]
[(0, 0.55435586), (2, 0.44529164)]
[(0, 0.2946522), (2, 0.70351744)]
[(0, 0.19036408), (1, 0.80920076)]
[(2, 0.9990727)]
[(0, 0.9980592)]
[(0, 0.99834365)]
[(1, 0.90408474)]
[(1, 0.9966333)]
[(0, 0.9987341)]
[(2, 0.9973706)]
[(0, 0.7817294), (1, 0.21760516)]
[(0, 0.99783653)]
[(2, 0.99754333)]
[(0, 0.9986744)]
[(0, 0.8143467), (2, 0.18434983)]
[(0, 0.31975383), (2, 0.67975986)]
[(1, 0.7918146), (2, 0.20719345)]
[(1, 0.9986681)]
[(1, 0.99678177)]
[(2, 0.9985429)]
[(0, 0.99904436)]
[(2, 0.9993439)]
[(0, 0.9970437)]
[(0, 0.99805963)]
[(1, 0.9980911)]
[(1, 0.99806535)]
[(2, 0.99700415)]
[(1, 0.9973165)]
[(0, 0.35848457), (1, 0.5191996), (2, 0.12231582)]
[(0, 0.71453357), (2, 0.22761473)]
[(2, 0.94494116)]
[(1, 0.9975429)]
[(0, 0.24226248), (2, 0.75670695)]
[(0, 0.59933734), (1, 0.34449282)]
[(0, 0.92104906)]
[(1, 0.358242), (2, 0.64125854)]
[(0, 0.82774097), (2, 0.1709549)]
[(0, 0.9985181)]
[(1, 0.99831283)]
[(0, 0.9994774)]
[(0, 0.38109875), (1, 0.61837786)]
[(1, 0.9986042)]
[(0, 0.99919987)]
[(0, 0.5077132), (1, 0.4918216)]
[(1, 0.99859047)]
[(2, 0.997888)]
[(2, 0.9974598)]
[(0, 0.99884987)]
[(0, 0.9972591)]
[(0, 0.99774903)]
[(1, 0.15535454), (2, 0.84390295)]
[(2, 0.99788725)]
[(2, 0.9970633)]
[(0, 0.23343281), (1, 0.76488894)]
[(0, 0.9993801)]
[(0, 0.6605228), (2, 0.33896986)]
[(0, 0.7564226), (2, 0.24283314)]
[(0, 0.99805933)]
[(1, 0.99866796)]
[(0, 0.46558896), (1, 0.533161)]
[(1, 0.9966336)]
[(0, 0.998592)]
[(2, 0.99855673)]
[(1, 0.60374135), (2, 0.39515874)]
[(2, 0.99351734)]
[(1, 0.99786747)]
[(2, 0.9983866)]
[(0, 0.99812365)]
[(0, 0.84922373), (2, 0.15011573)]
[(0, 0.761878), (2, 0.23729417)]
[(1, 0.9991352)]
[(2, 0.9421976)]
[(1, 0.9979858)]
[(0, 0.16635652), (1, 0.62083185), (2, 0.21281162)]
[(2, 0.9973248)]
[(2, 0.99800014)]
[(0, 0.3101671), (1, 0.68930435)]
[(1, 0.9984722)]
[(0, 0.8482507), (1, 0.15058029)]
[(0, 0.99913913)]
[(0, 0.62196785), (2, 0.37701946)]
[(1, 0.9986175)]
[(1, 0.9975012)]
[(0, 0.8654054), (2, 0.13205297)]
[(2, 0.9965978)]
[(0, 0.7809652), (1, 0.21863528)]
[(2, 0.9975019)]
[(0, 0.99774957)]
[(0, 0.99688107)]
[(0, 0.43808287), (2, 0.5614347)]
[(0, 0.9990907)]
[(0, 0.944473)]
[(2, 0.9963505)]
[(2, 0.9972246)]
[(2, 0.9988536)]
[(2, 0.99905527)]
[(0, 0.14428468), (1, 0.8552974)]
[(0, 0.9985366)]
[(0, 0.997837)]
[(0, 0.5178661), (1, 0.48182207)]
[(1, 0.99827254)]
[(0, 0.99826723)]
[(0, 0.99774945)]
[(0, 0.9987047)]
[(0, 0.87156594), (1, 0.1281794)]
[(0, 0.33866492), (1, 0.6603005)]
[(0, 0.9995557)]
[(0, 0.99883825)]
[(0, 0.7122369), (1, 0.2870451)]
[(2, 0.99785763)]
[(0, 0.72396326), (1, 0.27528876)]
[(0, 0.21690631), (1, 0.56263494), (2, 0.22045875)]
[(0, 0.99876124)]
[(0, 0.9987337)]
[(1, 0.9988474)]
[(0, 0.99795365)]
[(0, 0.7367573), (2, 0.26289013)]
[(1, 0.9983125)]
[(0, 0.9987194)]
[(1, 0.7144421), (2, 0.28393105)]
[(0, 0.99925303)]
[(2, 0.9921711)]
[(1, 0.9967815)]
[(0, 0.9983915)]
[(0, 0.9992863)]
[(2, 0.9985141)]
[(2, 0.99659765)]
[(0, 0.99795413)]
[(0, 0.9973862)]
[(0, 0.9971185)]
[(0, 0.8397932), (1, 0.15954155)]
[(0, 0.26775414), (1, 0.731777)]
[(0, 0.9994123)]
[(0, 0.997502)]
[(1, 0.99786776)]
[(0, 0.99877506)]
[(0, 0.71698374), (2, 0.28225204)]
[(1, 0.80370504), (2, 0.19555238)]
[(1, 0.99586856)]
[(1, 0.9958682)]
[(0, 0.9045111)]
[(0, 0.50849473), (1, 0.4267364)]
[(1, 0.99892414)]
[(0, 0.8478933), (1, 0.1513483)]
[(0, 0.59638935), (1, 0.12170356), (2, 0.28190708)]
[(0, 0.99845743)]
[(0, 0.99881357)]
[(2, 0.9977283)]
[(1, 0.9978355)]
[(0, 0.8594874), (1, 0.14000392)]
[(0, 0.6508609), (2, 0.34774292)]
[(1, 0.9983127)]
[(1, 0.9972131)]
[(0, 0.9983907)]
[(1, 0.9985904)]
[(1, 0.99795717)]
[(1, 0.6674815), (2, 0.33029866)]
[(1, 0.9978027)]
[(0, 0.99893653)]
[(0, 0.16967213), (2, 0.8298201)]
[(0, 0.99901956)]
[(0, 0.9989932)]
[(0, 0.99688005)]
[(0, 0.99915224)]
[(0, 0.9981838)]
[(0, 0.8435283), (1, 0.15605034)]
[(2, 0.999504)]
[(1, 0.9985478)]
[(1, 0.99801326)]
[(0, 0.9986261)]
[(0, 0.7363916), (1, 0.13500795), (2, 0.12860048)]
[(2, 0.9985284)]
[(1, 0.9979855)]
[(0, 0.9962603)]
[(1, 0.9987373)]
[(0, 0.6295234), (2, 0.37008372)]
[(0, 0.37197593), (1, 0.6269261)]
[(0, 0.9992168)]
[(0, 0.92089677)]
[(0, 0.99923277)]
[(0, 0.9980922)]
[(1, 0.9978674)]
[(1, 0.9994714)]
[(0, 0.5745418), (1, 0.42485264)]
[(0, 0.41436878), (1, 0.58461535)]
[(1, 0.99769884)]
[(0, 0.3250016), (2, 0.5770616)]
[(0, 0.9989464)]
[(0, 0.758039), (2, 0.2415465)]
[(0, 0.4521928), (2, 0.5468443)]
[(2, 0.9252768)]
[(0, 0.9993934)]
[(1, 0.9981401)]
[(2, 0.99762034)]
[(1, 0.99813986)]
[(1, 0.9984054)]
[(1, 0.17645757), (2, 0.82282346)]
[(1, 0.99882895)]
[(2, 0.921392)]
[(0, 0.9955184)]
[(0, 0.9980258)]
[(0, 0.99968374)]
[(0, 0.99860924)]
[(0, 0.3676048), (1, 0.63160276)]
[(0, 0.6369024), (2, 0.3624583)]
[(1, 0.9948423)]
[(0, 0.99257094)]
[(1, 0.9989981)]
[(2, 0.9989272)]
[(0, 0.8161351), (2, 0.18239929)]
[(0, 0.44803366), (1, 0.55100536)]
[(0, 0.9988012)]
[(0, 0.12398302), (1, 0.8754114)]
[(0, 0.9979534)]
[(0, 0.9986092)]
[(0, 0.63955814), (2, 0.35970712)]
[(1, 0.99879)]
[(2, 0.99835104)]
[(0, 0.9979536)]
[(0, 0.84935164), (2, 0.14937279)]
[(2, 0.99846864)]
[(1, 0.28105664), (2, 0.7178823)]
[(2, 0.9971734)]
[(1, 0.9986802)]
[(1, 0.83269554), (2, 0.16528057)]
[(0, 0.9975015)]
[(0, 0.99283475)]
[(0, 0.9973864)]
[(0, 0.9937971)]
[(0, 0.5203332), (2, 0.47878987)]
[(2, 0.99833304)]
[(0, 0.9981838)]
[(2, 0.9986833)]
[(0, 0.26560223), (2, 0.7337515)]
[(0, 0.10331709), (1, 0.8956283)]
[(0, 0.927009)]
[(1, 0.9966339)]
[(1, 0.99783576)]
[(2, 0.9957277)]
[(0, 0.9984139)]
[(0, 0.9983445)]
[(0, 0.23508365), (1, 0.6941255)]
[(2, 0.99785805)]
[(2, 0.99817055)]
[(2, 0.9985973)]
[(2, 0.9983864)]
[(1, 0.99938935)]
[(0, 0.99659747)]
[(0, 0.6764349), (1, 0.32325852)]
[(0, 0.9977939)]
[(0, 0.4583967), (1, 0.22820872), (2, 0.3133946)]
[(2, 0.99937135)]
[(2, 0.99941295)]
[(0, 0.9716714)]
[(0, 0.99933636)]
[(0, 0.99770486)]
[(1, 0.6870088), (2, 0.31204963)]
[(1, 0.9962879)]
[(0, 0.84292084), (1, 0.15628734)]
[(1, 0.44555372), (2, 0.5539055)]
[(0, 0.8264204), (1, 0.172166)]
[(2, 0.9977625)]
[(1, 0.99856275)]
[(1, 0.99933946)]
[(0, 0.2733596), (1, 0.2119267), (2, 0.5147137)]
[(1, 0.6910434), (2, 0.30763462)]
[(0, 0.9990279)]
[(1, 0.99938154)]
[(0, 0.51817673), (1, 0.21667296), (2, 0.26515034)]
[(0, 0.6360172), (2, 0.36258548)]
[(0, 0.49287683), (1, 0.5058432)]
[(0, 0.99612945)]
[(0, 0.99824053)]
[(1, 0.5332591), (2, 0.46527085)]
[(2, 0.9951803)]
[(1, 0.9975843)]
[(2, 0.9990612)]
[(1, 0.99860406)]
[(0, 0.9983914)]
[(0, 0.5840395), (1, 0.17492783), (2, 0.24103267)]
[(1, 0.9972139)]
[(2, 0.99912155)]
[(0, 0.9987751)]
[(0, 0.97763366)]
[(0, 0.9989841)]
[(1, 0.99704355)]
[(0, 0.38482037), (1, 0.6140817)]
[(0, 0.9977497)]
[(1, 0.99685246)]
[(0, 0.99738616)]
[(0, 0.61840117), (2, 0.3808043)]
[(1, 0.99655324)]
[(0, 0.9980916)]
[(0, 0.28861287), (2, 0.710258)]
[(1, 0.6499967), (2, 0.34797925)]
[(1, 0.7436641), (2, 0.25527465)]
[(0, 0.5924567), (1, 0.40682486)]
[(0, 0.99880123)]
[(1, 0.9962897)]
[(0, 0.9986091)]
[(1, 0.20022757), (2, 0.7984874)]
[(1, 0.9989476)]
[(0, 0.99613225)]
[(1, 0.9986175)]
[(0, 0.997657)]
[(1, 0.9982514)]
[(0, 0.85543495), (2, 0.14374858)]
[(0, 0.20665553), (2, 0.7769157)]
[(0, 0.5570096), (2, 0.36909243)]
[(0, 0.9990362)]
[(0, 0.9987188)]
[(1, 0.51676005), (2, 0.48240218)]
[(0, 0.22320442), (2, 0.7757083)]
[(2, 0.9962574)]
[(0, 0.35036793), (1, 0.6491751)]
[(1, 0.99786764)]
[(0, 0.99893653)]
[(1, 0.9502752)]
[(0, 0.36983177), (2, 0.62926406)]
[(0, 0.9972592)]
[(1, 0.99792767)]
[(1, 0.9954836)]
[(1, 0.9965531)]
[(1, 0.9992842)]
[(0, 0.7782471), (1, 0.22055791)]
[(0, 0.979843)]
[(0, 0.9978776)]
[(2, 0.99946517)]
[(1, 0.9968526)]
[(2, 0.99864763)]
[(0, 0.8374795), (2, 0.16193214)]
[(0, 0.9988381)]
[(0, 0.99551976)]
[(2, 0.9973235)]
[(2, 0.93000954)]
[(1, 0.9977346)]
[(0, 0.9961332)]
[(0, 0.9979535)]
[(1, 0.8418075), (2, 0.15637095)]
[(0, 0.91231406)]
[(0, 0.45865503), (1, 0.31990078), (2, 0.22144416)]
[(0, 0.7762891), (2, 0.22340423)]
[(0, 0.18082753), (2, 0.8185044)]
[(2, 0.9961637)]
[(0, 0.9421315)]
[(0, 0.99821305)]
[(1, 0.9968512)]
[(0, 0.72480875), (1, 0.2736996)]
[(0, 0.9088814)]
[(1, 0.9983694)]
[(0, 0.8617856), (2, 0.13756086)]
[(0, 0.9982677)]
[(1, 0.9968516)]
[(0, 0.58721524), (1, 0.16662127), (2, 0.24616349)]
[(0, 0.30925703), (1, 0.69004345)]
[(2, 0.9956042)]
[(1, 0.9986172)]
[(1, 0.9990183)]
[(1, 0.9958664)]
[(2, 0.99547076)]
[(1, 0.8441407), (2, 0.15369193)]
[(0, 0.99867433)]
[(2, 0.99836904)]
[(2, 0.99546975)]
[(2, 0.9985287)]
[(0, 0.9984357)]
[(0, 0.99719095)]
[(0, 0.5524823), (2, 0.44702333)]
[(0, 0.99569094)]
[(0, 0.35715476), (1, 0.11320002), (2, 0.5296452)]
[(1, 0.505746), (2, 0.40479618)]
[(1, 0.8208321), (2, 0.17851555)]
[(2, 0.95731056)]
[(1, 0.22517103), (2, 0.7058705)]
[(1, 0.90342426)]
[(2, 0.9991216)]
[(0, 0.71830434), (2, 0.2812461)]
[(1, 0.6806217), (2, 0.31809407)]
[(1, 0.9978668)]
[(1, 0.9990379)]
[(0, 0.99855584)]
[(0, 0.43319294), (1, 0.35508025), (2, 0.21172681)]
[(1, 0.9467594)]
[(1, 0.9954837)]
[(0, 0.33577976), (2, 0.66388947)]
[(0, 0.9160267)]
[(1, 0.99533886)]
[(0, 0.19988842), (1, 0.79957265)]
[(1, 0.3956261), (2, 0.60305226)]
[(1, 0.99888283)]
[(1, 0.997543)]
[(0, 0.78500867), (1, 0.21397617)]
[(1, 0.9993709)]
[(1, 0.9971023)]
[(0, 0.99744534)]
[(1, 0.9993995)]
[(0, 0.49749914), (1, 0.2369456), (2, 0.26555523)]
[(1, 0.9982086)]
[(0, 0.99738556)]
[(0, 0.48189315), (1, 0.5173788)]
[(0, 0.99613374)]
[(1, 0.20654108), (2, 0.79222614)]
