3897 1 0.95166224
3896 1 0.9728025
3895 1 0.9510314
3787 1 0.8454656
3682 1 0.8719297
3663 1 0.8325283
3618 1 0.8999791
3615 1 0.6598005
3518 1 0.9085972
3501 1 0.5707582
3344 1 0.66835207
3340 1 0.5371774
3323 1 0.7317526
3299 1 0.7229526
3170 1 0.95545036
3143 1 0.8653766
3117 1 0.71727884
3100 1 0.72655
3099 1 0.63691866
3068 1 0.87832844
3038 1 0.9573675
3013 1 0.936202
2996 1 0.96315545
2943 1 0.57128286
2908 1 0.7801483
2868 1 0.9777893
2860 1 0.7673997
2859 1 0.7799823
2852 1 0.8857565
2838 1 0.8156474
2802 1 0.910352
2766 1 0.98221517
2686 1 0.5365376
2583 1 0.8891269
2561 1 0.71328753
2537 1 0.88978136
2530 1 0.72992224
2513 1 0.81824297
2503 1 0.8466648
2437 1 0.73749185
2431 1 0.34629366
2430 1 0.7676862
2417 1 0.6106241
2392 1 0.79331166
2387 1 0.7741091
2375 1 0.95638645
2372 1 0.9583811
2371 1 0.7195551
2366 1 0.88929284
2353 1 0.70231056
2342 1 0.9581133
2335 1 0.724164
2318 1 0.79790944
2277 1 0.6217922
2260 1 0.7467581
2245 1 0.9437152
2230 1 0.81339824
2197 1 0.78386456
2162 1 0.77886677
2104 1 0.59459484
2064 1 0.81350034
2022 1 0.7008305
1969 1 0.6708028
1935 1 0.65537274
1934 1 0.5789643
1732 1 0.9120393
1666 1 0.5995669
1636 1 0.96994215
1593 1 0.55552
1449 1 0.77978635
1433 1 0.7971656
1432 1 0.73753285
1380 1 0.89324164
1317 1 0.37846792
1260 1 0.96014065
1251 0 0.495329
1225 1 0.6975548
1203 1 0.76378137
1184 1 0.95929927
1160 1 0.92861784
1112 1 0.5755272
1074 1 0.5165967
968 1 0.9184891
943 1 0.80618316
933 1 0.65209174
916 1 0.8355492
825 1 0.42014825
748 1 0.76596785
696 2 0.65445167
682 1 0.7479582
666 1 0.6350715
474 1 0.8890392
313 1 0.8183877
212 1 0.9790468
194 1 0.9243053
178 1 0.8363196
114 2 0.55215865
65 1 0.7189957
1278 1 0.6378541
7671 1 0.50115705
7593 0 0.49379852
7585 1 0.37505957
7373 1 0.8002379
7147 0 0.47866255
7143 1 0.4676655
7040 0 0.54181993
6986 1 0.79585284
6980 1 0.79585826
6859 2 0.5685019
6858 2 0.54346377
6837 1 0.7738073
6833 1 0.8066107
6832 1 0.8011684
6815 1 0.8011659
6654 0 0.5865422
6640 1 0.82590127
6606 1 0.86478716
6544 0 0.75741494
6532 1 0.49510372
6402 1 0.93387467
6315 1 0.75229615
6246 2 0.6400681
6240 1 0.6030167
6140 1 0.82400024
6131 1 0.8240109
6065 1 0.8002391
6044 1 0.82400554
6035 1 0.8240028
6003 1 0.7481404
5990 1 0.8002429
5893 1 0.7588887
5841 1 0.5474791
5819 2 0.4489684
5750 2 0.65438384
5741 2 0.79675686
5731 2 0.9310317
5720 2 0.8129257
5643 2 0.7162892
5633 2 0.8614151
5632 2 0.92062247
5610 2 0.93903804
5603 2 0.7253864
5592 2 0.84089494
5589 2 0.9457798
5587 2 0.9395505
5584 2 0.63018024
5583 2 0.6176098
5543 2 0.66134024
5542 2 0.7060562
5528 2 0.82642657
5516 1 0.7180754
5442 1 0.552486
5333 2 0.579669
5230 2 0.49847692
5222 2 0.68333787
5064 1 0.765185
4977 1 0.46579632
4930 1 0.47853255
4913 1 0.57402164
4840 1 0.7138768
4633 2 0.6052021
4475 2 0.93808883
4473 2 0.65438807
4467 2 0.79676425
4445 2 0.7162768
4424 2 0.94182545
4412 2 0.9395579
4408 2 0.8135962
4383 2 0.7196074
4316 2 0.5359817
4183 2 0.55349666
4179 0 0.560031
4169 1 0.6082551
4153 1 0.73188883
3984 2 0.6478943
3800 0 0.51179254
3786 2 0.9790293
3352 1 0.9652173
3323 1 0.45091367
3297 1 0.59925586
3203 2 0.4233699
3126 2 0.5408232
2955 0 0.42651722
2926 2 0.90746456
2808 0 0.3680719
2647 2 0.59291923
2634 1 0.63849187
2578 1 0.54511195
2526 2 0.9737133
2268 0 0.5986306
2259 2 0.5628397
2236 2 0.85613513
2232 2 0.61338156
2206 2 0.44394478
1946 2 0.73701257
1944 2 0.7370086
1942 2 0.55888426
1913 2 0.66026074
1860 1 0.51334757
1548 2 0.37712154
1546 1 0.7593306
1522 2 0.62779135
1403 2 0.4712048
1362 1 0.55804336
1190 1 0.6430077
1126 2 0.69910496
1086 2 0.976222
1068 0 0.40534902
968 1 0.3796457
935 1 0.6507668
903 2 0.59379435
898 2 0.7116299
893 2 0.5799393
884 1 0.6341819
835 1 0.85869545
746 2 0.68848526
702 1 0.7403522
634 1 0.45066875
445 2 0.37572923
380 1 0.46751297
324 2 0.5504565
352 0 0.5389359
334 1 0.6957088
322 1 0.79382443
299 1 0.7694022
298 1 0.44470203
244 1 0.7620345
211 1 0.96295637
80 1 0.8464214
79 1 0.7427011
66 1 0.735182
60 2 0.568906
48 1 0.80742216
1378 1 0.84839845
1366 1 0.95519465
1340 1 0.7594577
1337 1 0.9597876
1322 1 0.7828385
1313 1 0.97181183
1289 1 0.46613777
1253 1 0.9413945
1246 1 0.554117
1236 1 0.7956246
1221 1 0.8721853
1200 1 0.6834962
1169 1 0.84620553
1086 1 0.8522879
1085 1 0.63873947
1041 1 0.6246465
1040 1 0.9479222
996 1 0.83682495
938 1 0.76025033
902 1 0.85474473
846 1 0.64084584
826 1 0.7701704
789 1 0.6244776
783 1 0.63629466
778 1 0.85125256
768 1 0.5167941
740 1 0.7722075
710 1 0.7049409
707 1 0.7547184
675 1 0.85105383
663 1 0.8578972
654 1 0.6074232
626 1 0.46673977
620 1 0.6814189
612 1 0.9060265
578 1 0.6808892
575 1 0.810756
564 1 0.75865614
562 1 0.6609159
552 1 0.71016175
547 1 0.5980053
502 1 0.64388615
497 1 0.5458975
462 1 0.81966585
453 1 0.6303459
450 1 0.5378468
421 1 0.91479266
414 1 0.73551923
397 1 0.74136543
393 1 0.58138615
384 1 0.9596399
369 1 0.7210295
356 1 0.8139277
331 1 0.82922727
330 1 0.8307283
329 1 0.67453593
306 1 0.83347017
292 1 0.6691754
277 1 0.9074682
276 1 0.90771484
271 1 0.7849581
257 1 0.6775402
160 1 0.4898767
159 1 0.48994148
158 1 0.50133157
151 1 0.6596559
129 1 0.86348045
118 1 0.5362856
82 1 0.88506764
68 1 0.9278344
58 1 0.9520127
42 1 0.7574986
32 1 0.49216226
3 1 0.59625345
215 1 0.61033446
173 1 0.50034904
172 1 0.62806755
117 2 0.6002794
110 1 0.66212755
69 1 0.52754766
65 1 0.67724246
36 1 0.66870993
640 1 0.86706686
591 1 0.75625056
586 1 0.85647166
583 1 0.9030576
428 1 0.64723074
295 1 0.86565053
289 1 0.7634898
265 1 0.93526095
243 1 0.91972256
195 1 0.85858744
167 1 0.71389705
134 1 0.93615216
118 1 0.76181537
86 1 0.9309756
338 1 0.47909173
335 0 0.61885315
318 0 0.5856474
305 1 0.6731351
279 1 0.6027505
268 1 0.75332665
230 1 0.58474267
207 1 0.5889248
195 0 0.9694577
174 0 0.40210432
161 1 0.46205777
126 1 0.65712565
74 0 0.54427814
73 1 0.66314626
37 1 0.96871024
225 1 0.7660999
190 1 0.6981588
171 1 0.55076706
69 1 0.79690164
30 1 0.6468641
57535 0 0.7859144
57432 2 0.6701287
57428 0 0.97532517
57380 2 0.6073997
57228 0 0.7325094
57208 2 0.69412524
57194 0 0.9659758
57155 0 0.6323063
57136 0 0.78552
57121 2 0.95945543
57087 0 0.91720146
57038 0 0.9621485
57019 0 0.7646395
57013 0 0.8297841
57011 2 0.76280713
57008 0 0.5610866
56999 2 0.80863816
56979 2 0.62404513
56958 2 0.72656584
56950 2 0.5370059
56943 0 0.95488167
56860 2 0.66647094
56852 0 0.8369389
56801 0 0.8666498
56736 0 0.9178185
56615 0 0.9930745
56592 2 0.83770806
56589 0 0.954856
56549 0 0.5832736
56526 0 0.4617252
56515 0 0.9923058
56490 2 0.85894895
56477 2 0.63543975
56449 0 0.85973704
56431 0 0.93213296
56378 0 0.5807085
56352 0 0.53247184
56325 2 0.87010765
56284 0 0.6103309
56251 0 0.7023127
56183 0 0.7963021
56178 0 0.7651886
56152 0 0.5015882
56138 0 0.8627989
56119 2 0.43829936
56105 0 0.78223366
55916 0 0.9687772
55914 0 0.8093494
55885 0 0.9896934
55861 0 0.9250103
55853 0 0.8307817
55796 2 0.9596285
55762 0 0.8560973
55728 0 0.7104468
55708 2 0.6277906
55654 2 0.48906922
55615 0 0.57597816
55610 0 0.78678787
55604 0 0.88675773
55540 2 0.85396487
55492 0 0.95982516
55441 0 0.9158949
55416 2 0.9700115
55317 2 0.96808386
55277 0 0.64333355
55202 0 0.8578958
55192 0 0.965953
55174 0 0.842706
55167 0 0.7859726
55089 0 0.9586956
55039 0 0.739254
55038 0 0.8402938
55037 0 0.671823
55028 0 0.8579189
55019 0 0.9906637
54992 0 0.61631286
54960 0 0.9889352
54929 0 0.7615765
54882 0 0.6437487
54827 0 0.8976165
54765 0 0.9838896
54757 0 0.8264411
54727 0 0.83334774
54657 0 0.74232244
54490 0 0.9417268
54481 0 0.8223204
54422 0 0.97021395
54409 0 0.9168592
54363 0 0.6159512
54246 0 0.90358526
54166 2 0.7147965
54110 0 0.8466521
54100 0 0.8928121
54035 2 0.96833736
53969 0 0.62464356
53967 0 0.92058665
53941 2 0.7150701
53867 0 0.7888295
53852 2 0.7834027
53776 2 0.8520573
53713 1 0.48479426
53696 0 0.61240876
53695 0 0.9903229
53526 0 0.604356
53521 2 0.88860077
53463 0 0.89747447
53447 0 0.81609917
53415 0 0.98132735
53351 2 0.85473305
53301 0 0.5007714
53297 0 0.53935534
53295 0 0.7163776
53179 0 0.6704482
53163 0 0.7471971
53145 0 0.9885507
53127 0 0.77164286
53112 0 0.4457462
53104 0 0.48384273
53094 2 0.905906
53027 0 0.9414495
53009 0 0.72216636
53001 0 0.936906
52970 0 0.52750564
52942 0 0.80862385
52940 0 0.8821964
52915 0 0.8249031
52845 0 0.91439116
52802 0 0.8143695
52771 0 0.8808808
52708 0 0.65198594
52666 0 0.9919286
52649 0 0.813722
52641 0 0.5178872
52640 0 0.7296008
52597 0 0.7722086
52579 0 0.7754989
52511 0 0.69826245
52491 0 0.5486395
52435 2 0.80839574
52434 2 0.82310295
52416 0 0.7339737
52393 0 0.88713366
52387 2 0.7939019
52363 2 0.58109665
52342 0 0.62983
52331 0 0.7931714
52270 0 0.8383838
52266 2 0.9137876
52207 0 0.9595312
52160 2 0.5269579
52156 0 0.54878336
52148 0 0.97103655
52139 0 0.71686345
52134 2 0.5822854
52087 0 0.82213014
52004 0 0.3647396
51996 0 0.84647024
51948 0 0.5565806
51904 2 0.75027907
51802 0 0.79988784
51770 0 0.4883
51713 0 0.9896765
51655 0 0.75180304
51648 0 0.44751155
51643 0 0.8549957
51612 0 0.6648741
51600 0 0.6081622
51598 2 0.6395867
51594 0 0.9543673
51591 0 0.7638025
51506 2 0.87720186
51494 0 0.99179846
51455 0 0.93390065
51453 0 0.93711925
51418 0 0.9925435
51416 0 0.91862196
51409 2 0.96891904
51348 0 0.59019095
51322 0 0.59735453
51320 0 0.8638291
51307 0 0.8409624
51296 0 0.56186056
51152 0 0.86992306
51145 0 0.55675393
51114 1 0.3623715
51106 0 0.54151917
51032 0 0.86777025
51002 0 0.9619268
50943 0 0.8193658
50937 0 0.93666154
50908 2 0.48450294
50903 0 0.8176843
50865 0 0.6460003
50812 2 0.95552504
50800 0 0.8573115
50781 2 0.57283705
50773 0 0.833291
50765 0 0.9899379
50727 0 0.6399055
50618 0 0.92526746
50601 0 0.6812611
50587 1 0.5253214
50559 2 0.6810248
50554 0 0.76088536
50551 2 0.91143256
50536 0 0.95727473
50521 0 0.7429294
50419 2 0.85815036
50367 0 0.8663483
50352 2 0.45164317
50311 0 0.61694205
50305 2 0.8594945
50281 0 0.98986566
50248 0 0.72707987
50190 0 0.9053167
50176 0 0.9922437
50173 2 0.8445863
50164 0 0.46453795
50144 0 0.9394318
50120 1 0.41917527
50106 0 0.8897097
50103 0 0.82058424
50073 0 0.84407675
50055 0 0.865026
49931 0 0.7994338
49910 0 0.77692485
49900 2 0.70872474
49864 0 0.7665813
49816 0 0.7443785
49773 0 0.5374009
49765 0 0.97135013
49759 0 0.88622534
49678 0 0.86144924
49671 0 0.76299417
49664 0 0.9885706
49656 2 0.50810057
49566 0 0.66987175
49529 2 0.9535066
49500 0 0.761492
49446 2 0.6727687
49411 0 0.78820163
49404 0 0.68609065
49360 0 0.7712827
49323 0 0.7252283
49199 2 0.83728945
49157 2 0.7110148
49079 0 0.83722717
48997 2 0.8524195
48975 2 0.5493485
48970 0 0.82870716
48958 0 0.96404725
48946 0 0.921528
48926 2 0.988378
48915 2 0.9118885
48894 0 0.79803205
48889 0 0.6077768
48856 0 0.98906165
48843 0 0.75928533
48803 0 0.5721729
48765 2 0.79310644
48744 0 0.93980825
48742 0 0.66002023
48736 2 0.7059603
48655 0 0.5300874
48652 0 0.8842516
48636 2 0.7188244
48620 0 0.76537955
48590 2 0.8440935
48586 2 0.81354845
48571 0 0.92799985
48567 0 0.9426417
48565 0 0.4297141
48558 0 0.71475583
48513 0 0.41345483
48506 0 0.78551614
48484 0 0.7738943
48474 0 0.6290483
48467 2 0.58915675
48448 0 0.6900949
48437 0 0.8180592
48405 0 0.89115536
48290 1 0.48899174
48280 0 0.65340817
48217 2 0.842969
48187 0 0.9927969
48179 0 0.85105413
48159 0 0.9754511
48121 0 0.9528699
48055 2 0.89153975
48035 0 0.50220853
48017 0 0.5115575
48002 0 0.99114156
48001 0 0.7196155
47967 2 0.44667685
47822 2 0.8056038
47729 2 0.6111869
47724 0 0.9913979
47626 2 0.43221918
47567 2 0.76276827
47564 0 0.79115087
47515 0 0.7979866
47505 2 0.8009942
47454 2 0.6799158
47433 0 0.86984307
47384 2 0.8278897
47294 0 0.9922545
47286 0 0.96105295
47168 0 0.930144
47110 2 0.58298117
47093 0 0.7825755
47071 0 0.8263754
47048 0 0.85395
47045 0 0.9900751
47038 2 0.7574211
47029 0 0.9082593
47021 0 0.9953051
47018 0 0.5019514
47015 0 0.98779434
47013 2 0.96706516
46993 0 0.8469223
46973 0 0.7460474
46972 0 0.9144346
46945 0 0.847655
46930 0 0.8293873
46845 2 0.78656703
46819 2 0.56927896
46765 2 0.5449552
46642 2 0.9636529
46626 0 0.50663763
46605 0 0.59293944
46569 0 0.9783218
46478 0 0.8159056
46448 0 0.6488031
46359 0 0.6932089
46325 2 0.6684402
46324 2 0.640792
46248 2 0.8805767
46240 0 0.8290306
46236 0 0.87417376
46171 0 0.56801003
46132 0 0.7148454
46115 0 0.58854634
46026 0 0.64315873
45953 2 0.7976147
45952 0 0.5607607
45940 0 0.8625668
45917 2 0.6747901
45900 0 0.9324697
45896 0 0.714526
45834 0 0.8694456
45825 0 0.7413895
45794 2 0.96575123
45761 0 0.60140884
45745 2 0.57324594
45674 2 0.8492539
45653 2 0.5327844
45649 0 0.81662244
45632 2 0.566338
45579 0 0.83972186
45455 0 0.7569658
45378 0 0.95006484
45372 2 0.74700177
45296 0 0.6422681
45295 0 0.5246573
45259 2 0.799647
45163 0 0.5466108
45111 2 0.5162599
45078 0 0.99409646
45043 0 0.6744398
45016 0 0.6257213
44953 0 0.8560355
44944 2 0.8427802
44718 2 0.53209305
44664 0 0.5297448
44614 0 0.993596
44589 0 0.99358565
44549 2 0.6458999
44523 2 0.901844
44521 0 0.8394061
44479 0 0.6933449
44425 2 0.47536677
44368 0 0.93445843
44358 0 0.601033
44348 0 0.8933328
44323 0 0.86861646
44196 0 0.58707446
44187 2 0.46012425
44154 0 0.89386314
44042 0 0.68455625
44016 0 0.8392561
44004 2 0.8433799
43981 0 0.8268377
43980 2 0.6867055
43944 0 0.8655347
43938 0 0.73778826
43935 2 0.795435
43934 0 0.9953838
43925 0 0.6747539
43915 0 0.5812918
43818 2 0.59207046
43785 2 0.73969823
43775 0 0.74239707
43723 0 0.41375953
43722 0 0.676918
43703 2 0.70763147
43615 0 0.8362074
43558 0 0.5082162
43512 0 0.76135045
43499 2 0.95163417
43486 2 0.8134572
43471 0 0.7572114
43447 0 0.9925938
43422 2 0.8039953
43244 0 0.48649654
43086 2 0.7645154
43085 2 0.7771043
43083 2 0.73613757
43035 0 0.6381673
43021 0 0.9926414
43020 0 0.9583451
42982 0 0.6396667
42954 2 0.7133225
42923 2 0.7943896
42911 0 0.8064687
42908 0 0.9375517
42883 0 0.854402
42851 0 0.5324202
42843 0 0.7734813
42823 0 0.8326042
42781 0 0.9262993
42745 2 0.668546
42700 2 0.43766254
42663 0 0.8926304
42546 0 0.867943
42537 0 0.94241333
42535 0 0.5868465
42462 0 0.6392863
42460 0 0.87072635
42278 0 0.98482937
42208 0 0.86576074
42163 2 0.83027244
42134 0 0.75332206
42124 0 0.8027979
42108 0 0.74811643
42104 0 0.6908694
42060 0 0.8447409
42044 0 0.93606573
41985 0 0.7628778
41810 0 0.80921453
41693 0 0.91642267
41664 0 0.57949907
41661 0 0.98387635
41649 0 0.94605756
41639 0 0.82972217
41626 0 0.7329049
41598 0 0.9913892
41536 0 0.5540328
41492 0 0.6149238
41478 0 0.5236668
41454 0 0.76836866
41403 0 0.5672811
41365 0 0.82614976
41355 0 0.761211
41337 2 0.92313445
41294 0 0.6472716
41251 0 0.95730937
41245 0 0.72462857
41233 0 0.765549
41210 0 0.95642275
41173 2 0.66946304
41153 0 0.89519286
41037 2 0.7535457
41026 2 0.5022448
41012 0 0.8649234
40866 2 0.98814815
40840 0 0.62838244
40798 2 0.7256405
40736 0 0.7847576
40673 0 0.4923793
40545 0 0.84627736
40494 0 0.61778396
40475 0 0.5756081
40385 0 0.85864514
40356 0 0.78070015
40326 0 0.67377687
40301 0 0.73694026
40300 0 0.8383908
40292 0 0.50030065
40243 0 0.98823816
40226 0 0.67514443
40055 2 0.50453126
40032 0 0.67276883
40020 2 0.9590354
39993 1 0.63085604
39985 0 0.75956017
39941 2 0.53948915
39926 0 0.47666034
39879 0 0.7863885
39861 0 0.6319157
39803 2 0.9890546
39756 0 0.943092
39753 0 0.91230863
39749 0 0.801635
39694 2 0.98916864
39687 0 0.63360155
39657 0 0.9520925
39649 2 0.97311866
39648 0 0.6509176
39630 2 0.79375553
39584 2 0.4466697
39582 0 0.7231309
39503 0 0.79744077
39486 2 0.72086537
39474 0 0.9620671
39444 2 0.97100586
39357 0 0.72458833
39324 0 0.7890726
39244 2 0.44895446
39220 2 0.71504974
39140 0 0.7845944
39128 0 0.7463404
39126 0 0.6852977
39122 0 0.6094445
39121 0 0.78111875
39053 0 0.9120521
38967 0 0.76785463
38946 0 0.7406143
38915 2 0.63193077
38914 0 0.4679801
38906 0 0.9101641
38896 0 0.9909782
38843 0 0.79790944
38840 0 0.88109773
38839 2 0.6651891
38811 0 0.65001786
38799 0 0.80458635
38775 2 0.7037335
38735 0 0.53683937
38699 0 0.5686678
38672 0 0.82821137
38637 0 0.7747059
38533 0 0.7667788
38523 2 0.8612534
38464 0 0.68136114
38331 0 0.9247776
38317 2 0.8679021
38309 0 0.9930825
38271 0 0.9921684
38193 2 0.76280314
38161 2 0.5474884
38150 0 0.82118064
38142 2 0.9571259
38137 0 0.99212414
38116 2 0.4567802
38046 0 0.8658165
38038 0 0.7364997
37984 0 0.9370119
37974 0 0.6858801
37891 0 0.8824423
37795 2 0.64739585
37787 0 0.55338204
37769 0 0.9214928
37764 2 0.6491578
37728 0 0.77970624
37671 0 0.9916392
37571 0 0.91800386
37557 2 0.9897576
37520 0 0.87709886
37487 0 0.95167214
37418 0 0.6648694
37412 2 0.76303935
37377 0 0.645209
37340 2 0.51092714
37270 0 0.85685575
37256 0 0.8681584
37239 0 0.79243743
37203 2 0.58833885
37197 0 0.63402444
37180 2 0.7297103
37099 2 0.8328676
37064 0 0.9293174
37042 0 0.9631002
36985 2 0.86184156
36977 0 0.6596915
36946 2 0.9891022
36940 2 0.97831255
36917 2 0.70578355
36895 0 0.63923293
36823 0 0.515102
36804 2 0.9635786
36742 2 0.8265078
36693 2 0.84749603
36679 0 0.5996072
36664 0 0.94585884
36647 0 0.9577841
36629 0 0.704692
36578 2 0.64645815
36567 2 0.5473895
36562 2 0.5077001
36545 0 0.7950068
36491 0 0.9913489
36483 2 0.80228287
36420 0 0.86390644
36412 0 0.93159395
36286 0 0.7086169
36199 0 0.72905207
36128 0 0.68641543
36127 0 0.54572266
36018 2 0.62564325
35931 0 0.49523073
35909 0 0.8889964
35900 0 0.8180795
35882 2 0.6371922
35875 0 0.79724854
35847 2 0.68809825
35797 0 0.99286807
35790 2 0.7101998
35764 0 0.54093707
35762 0 0.524533
35705 0 0.519086
35660 0 0.81117785
35614 0 0.9685672
35514 2 0.8071797
35448 0 0.61989737
35438 0 0.7282218
35410 1 0.37770906
35400 0 0.87448287
35384 0 0.7764656
35325 0 0.44835725
35298 0 0.40664545
35268 0 0.784976
35225 2 0.8933644
35223 0 0.80210435
35025 0 0.7490382
35000 2 0.78912926
34897 2 0.7434259
34880 0 0.910976
34877 2 0.8395682
34864 0 0.95410943
34860 0 0.61993927
34859 0 0.64729315
34785 2 0.61088145
34757 0 0.64354026
34709 0 0.99219257
34662 0 0.61811614
34627 2 0.8074335
34591 0 0.8189982
34547 0 0.63856584
34512 0 0.54511523
34507 0 0.7879578
34499 2 0.5269687
34493 0 0.89786536
34445 2 0.8400893
34433 0 0.7172654
34413 0 0.9405265
34400 0 0.96255535
34357 0 0.58943254
34305 2 0.8928534
34272 0 0.6370164
34167 0 0.6493928
34139 0 0.6961031
34067 2 0.55722636
34014 2 0.73556495
33978 2 0.9633046
33908 2 0.9887789
33701 0 0.6545969
33659 0 0.7369083
33658 0 0.7260576
33552 0 0.5205693
33525 0 0.7004283
33461 0 0.7251742
33353 2 0.5753231
33213 0 0.9968662
33208 0 0.83626866
33099 0 0.71124667
33076 0 0.9166292
33035 0 0.744394
32893 0 0.94470745
32859 0 0.894695
32850 0 0.8570574
32822 0 0.9596459
32769 2 0.7937814
32767 0 0.8659806
32741 0 0.8063405
32712 0 0.6849384
32710 0 0.81585866
32672 0 0.89341277
32662 0 0.8526933
32647 2 0.8285771
32632 0 0.6049823
32617 0 0.9248997
32606 0 0.7697902
32596 0 0.72324145
32568 0 0.52178645
32518 0 0.98539317
32517 0 0.89533347
32510 0 0.90615916
32428 0 0.90412235
32315 0 0.95790833
32272 0 0.645496
32117 0 0.72351927
31977 0 0.76476634
31952 2 0.54593056
31935 0 0.7434813
31923 2 0.58793557
31900 0 0.6989242
31897 2 0.96008074
31871 0 0.99351674
31826 0 0.99101114
31804 0 0.62309384
31773 2 0.50724137
31675 2 0.711618
31674 2 0.9792462
31673 2 0.97172254
31668 2 0.90724283
31486 0 0.9289265
31460 0 0.5611212
31420 2 0.9599516
31411 0 0.7213691
31348 0 0.9203067
31333 0 0.8861156
31262 0 0.80989814
31223 2 0.8361479
31181 2 0.5212856
31142 0 0.9677255
31136 0 0.4864649
31132 0 0.6220342
30975 0 0.74563336
30961 2 0.95420134
30847 0 0.731326
30839 2 0.57253003
30802 0 0.70496166
30698 0 0.6423235
30669 0 0.6810853
30647 2 0.7350465
30584 0 0.69286007
30579 2 0.9623305
30538 0 0.78862286
30523 0 0.7792654
30473 0 0.8390055
30463 2 0.97909844
30349 0 0.78621215
30329 0 0.9104427
30326 0 0.976305
30186 0 0.8578074
30107 0 0.86413056
30080 0 0.9149607
30034 0 0.68546313
30023 0 0.8678703
29975 0 0.6460258
29974 0 0.8640257
29911 0 0.8710547
29841 0 0.5399524
29831 2 0.6742968
29824 0 0.62898725
29792 0 0.7303973
29713 2 0.97122806
29683 0 0.9622833
29673 0 0.9891994
29647 2 0.6362733
29643 0 0.9888384
29613 0 0.88443685
29612 0 0.7515352
29608 2 0.6718451
29583 0 0.9442742
29573 0 0.7901888
29552 0 0.5617221
29542 2 0.9296057
29410 2 0.7860718
29273 0 0.5604435
29270 0 0.6650046
29255 0 0.9519715
29250 2 0.80873466
29247 2 0.6647266
29125 0 0.7502817
29040 0 0.59504527
29027 0 0.5794797
29015 2 0.98864895
28967 0 0.84977096
28899 2 0.6693235
28862 2 0.8919578
28844 0 0.5378622
28838 0 0.8316423
28816 2 0.5301492
28815 0 0.95322543
28762 2 0.5619588
28729 0 0.9060666
28698 0 0.9933988
28662 2 0.8150063
28650 2 0.43628755
28597 0 0.82612604
28569 0 0.73852575
28529 2 0.7434348
28517 0 0.526625
28454 2 0.6590744
28447 0 0.73327655
28271 2 0.95917594
28267 2 0.9591743
28247 2 0.97349685
28244 2 0.9752922
28238 2 0.47999534
28227 0 0.705056
28209 2 0.7937873
28137 0 0.82144964
28105 0 0.8434886
28078 0 0.9589177
27972 2 0.9595763
27969 0 0.87026006
27968 0 0.8626506
27949 2 0.6126014
27922 2 0.60985744
27881 0 0.59879744
27870 2 0.78030604
27869 2 0.73574036
27861 2 0.786504
27860 2 0.78659946
27859 2 0.82107085
27833 0 0.93207514
27800 0 0.7471865
27794 2 0.5779633
27785 2 0.61604416
27694 0 0.8916447
27673 0 0.61866474
27648 0 0.7358997
27635 2 0.7110492
27575 0 0.97209513
27496 0 0.5792216
27494 0 0.6798005
27412 0 0.58740926
27203 2 0.7602439
27200 2 0.6029154
27197 0 0.82505953
27154 0 0.8835025
27021 2 0.6862756
26975 0 0.6902598
26816 0 0.5667954
26485 1 0.5488582
26469 2 0.91217667
26465 0 0.9364928
26384 1 0.6819176
26333 0 0.95113754
26316 2 0.5224831
26255 2 0.87914544
26118 0 0.6101672
26113 2 0.9728536
26065 2 0.9889631
26058 2 0.87826484
26043 0 0.7703074
26039 0 0.6713513
26010 2 0.9482566
25971 0 0.9105227
25968 0 0.9584407
25915 0 0.77320653
25908 0 0.54537064
25886 2 0.7937316
25870 2 0.9470259
25791 2 0.96028405
25613 0 0.42422658
25549 0 0.9207569
25533 0 0.86289066
25422 2 0.98251957
25380 0 0.9777414
25361 0 0.5627323
25313 0 0.47156602
25181 0 0.7679825
25170 0 0.8010332
25075 0 0.98741734
25061 0 0.69582117
25057 0 0.7193062
25046 0 0.51782125
25019 0 0.932701
24883 0 0.935376
24849 1 0.418241
24836 0 0.9883035
24834 0 0.8467682
24796 0 0.60793793
24792 0 0.6438154
24757 2 0.9627159
24684 0 0.85543686
24678 2 0.9562689
24646 0 0.79528886
24581 0 0.9279804
24574 0 0.7553834
24477 0 0.9931045
24452 2 0.83981216
24428 2 0.7026627
24358 2 0.61386764
24335 0 0.3839013
24328 2 0.7740555
24326 2 0.9653519
24316 0 0.9915699
24269 0 0.78964424
24117 0 0.70023036
24086 2 0.94302535
24067 2 0.71689904
23987 2 0.8072961
23947 2 0.7378851
23903 0 0.8802423
23897 0 0.8212421
23718 0 0.6732465
23703 2 0.6825355
23702 0 0.99634254
23672 0 0.9569962
23564 2 0.52458143
23558 0 0.41430312
23555 0 0.8518973
23527 0 0.49252978
23520 0 0.6687778
23515 2 0.76864994
23445 2 0.7565127
23439 2 0.96322894
23432 2 0.89176506
23431 2 0.89977354
23430 2 0.9330705
23429 2 0.9426742
23428 2 0.96218574
23427 2 0.9353307
23426 2 0.98191136
23425 2 0.9479189
23424 2 0.9410946
23423 2 0.9263668
23422 2 0.97140604
23363 2 0.68465537
23332 0 0.4726527
23329 2 0.7499185
23305 0 0.5842282
23296 0 0.9418851
23205 0 0.93721026
23120 0 0.53930527
23081 2 0.7791246
23038 0 0.9228541
23009 0 0.87738526
23003 2 0.62459046
22958 0 0.5013114
22829 2 0.87477547
22799 0 0.6409197
22796 0 0.7388527
22784 0 0.8594389
22772 2 0.79521894
22712 0 0.7929055
22705 0 0.7585275
22665 1 0.5542772
22633 0 0.8091545
22504 0 0.89387065
22305 2 0.98787355
22226 0 0.7662681
22169 0 0.501129
22162 0 0.80459684
22134 0 0.97276795
22025 1 0.48773602
22017 0 0.84514934
21965 0 0.9922554
21962 0 0.6857186
21878 2 0.5619859
21865 0 0.7402282
21770 0 0.61894304
21766 0 0.7088172
21685 0 0.972941
21636 2 0.74920547
21613 0 0.9264743
21408 0 0.88122493
21313 2 0.59775114
21309 2 0.72398806
21198 0 0.99327147
21179 0 0.6089485
21134 2 0.49849117
21102 2 0.87848735
21075 0 0.9901052
21064 0 0.7848566
21046 0 0.61213654
21020 0 0.6481367
20964 2 0.748978
20943 2 0.50858206
20863 0 0.6344067
20800 2 0.7759315
20749 0 0.93411976
20748 2 0.66267705
20628 0 0.99241847
20551 2 0.63314986
20550 0 0.9356208
20522 0 0.9536395
20466 0 0.9905406
20461 0 0.75259143
20456 0 0.78209966
20352 2 0.6174185
20336 0 0.9582883
20333 0 0.56762576
20281 0 0.8367927
20222 0 0.54858553
20172 0 0.89361805
20171 0 0.67401975
20167 0 0.78626347
20128 0 0.9542887
20067 2 0.8048998
19960 2 0.9898333
19920 0 0.91944426
19766 2 0.48174512
19717 0 0.77251333
19654 0 0.9914647
19625 0 0.65943444
19514 0 0.9009788
19430 0 0.6895361
19419 0 0.6098806
19410 0 0.9946118
19403 0 0.74854237
19385 0 0.6974772
19339 0 0.68277764
19246 0 0.507014
19093 0 0.7982123
19056 0 0.90195495
19045 2 0.51261586
18919 0 0.7329071
18907 2 0.7303496
18762 0 0.99292475
18752 0 0.9019687
18588 0 0.86855
18581 0 0.97790015
18548 0 0.7458845
18479 0 0.81736267
18475 0 0.45574942
18473 2 0.7568647
18465 2 0.72504056
18400 0 0.9904773
18349 2 0.74711937
18306 2 0.96298164
18262 0 0.5532994
18257 2 0.9257492
18256 2 0.9822091
18164 0 0.70016104
18158 0 0.8286448
18042 0 0.96835744
17954 2 0.8314312
17940 2 0.9656947
17915 0 0.8034536
17912 0 0.7669929
17907 0 0.7957354
17872 0 0.634381
17867 0 0.9160987
17851 0 0.79410285
17771 2 0.74403304
17671 2 0.83910114
17657 2 0.80344564
17641 0 0.60087544
17623 0 0.7299124
17598 0 0.6643276
17519 2 0.66054666
17508 0 0.9924478
17440 1 0.5037115
17339 0 0.76482356
17204 0 0.6722716
17177 2 0.96947885
17036 2 0.86126626
16984 0 0.65349126
16982 0 0.84616596
16940 0 0.796062
16874 2 0.46981263
16793 0 0.7353379
16770 0 0.58958775
16753 0 0.8377008
16658 0 0.8997618
16642 0 0.8980702
16641 2 0.8929368
16636 0 0.92014074
16628 2 0.9740689
16598 2 0.94375163
16577 2 0.51830876
16574 0 0.86321926
16507 0 0.82970685
16455 0 0.7044679
16440 0 0.39609915
16439 0 0.7531186
16429 2 0.62780416
16409 0 0.8272708
16267 0 0.8624425
16255 0 0.8096388
16181 0 0.99409586
16160 2 0.64260197
16139 0 0.7357896
16128 0 0.5145019
16019 0 0.93971986
16013 0 0.70857275
15890 0 0.9169247
15866 0 0.88502187
15848 0 0.6820434
15837 0 0.6278919
15809 0 0.8579168
15797 2 0.81836027
15782 0 0.68379605
15759 0 0.6145917
15737 0 0.7994949
15713 0 0.60650223
15702 2 0.73388517
15680 0 0.8133626
15679 2 0.79879546
15585 0 0.8124066
15584 0 0.8079397
15446 0 0.90957147
15207 0 0.51785636
15140 2 0.88128835
15132 0 0.9166546
15104 0 0.9943457
15091 0 0.834924
14977 0 0.9154635
14832 2 0.71099097
14761 0 0.43366653
14752 0 0.9913642
14741 0 0.6979688
14656 2 0.8648967
14629 0 0.85765773
14591 0 0.68985283
14546 2 0.9553501
14525 2 0.92711556
14498 0 0.85205305
14471 2 0.79062223
14469 2 0.672956
14441 2 0.8467026
14396 2 0.98941404
14364 0 0.5742071
14348 0 0.49528062
14284 2 0.62612987
14250 0 0.60288966
14172 0 0.9928821
14143 0 0.87945837
14124 2 0.46228194
14086 0 0.86447453
14042 0 0.73548007
13950 2 0.82697016
13900 0 0.80255336
13881 0 0.7159897
13823 2 0.47741175
13790 0 0.84141684
13720 0 0.54901004
13688 0 0.77406293
13569 1 0.4824773
13560 1 0.50578135
13307 0 0.99039924
13298 2 0.88946444
13210 2 0.7258131
13190 0 0.758861
13183 0 0.9861919
13161 0 0.87867457
13147 0 0.63970494
13080 2 0.8631745
13072 2 0.8593243
13044 1 0.45272684
12935 0 0.56462526
12843 0 0.60571915
12838 0 0.6609625
12836 0 0.9887749
12809 0 0.7445416
12766 0 0.76298577
12746 0 0.6051421
12649 2 0.9560027
12597 2 0.9744378
12576 0 0.8925646
12539 0 0.63532084
12409 0 0.7381345
12381 0 0.79086
12376 2 0.79894537
12373 0 0.73271585
12310 0 0.65034086
12242 0 0.8850762
12158 2 0.6401333
12152 0 0.6301734
12150 0 0.9498339
12053 0 0.8352459
12051 0 0.77213603
12023 2 0.80113935
11999 1 0.48662385
11952 0 0.82526267
11879 0 0.8345762
11857 0 0.51447415
11816 2 0.93150437
11714 0 0.9226215
11690 0 0.93503046
11624 0 0.74004936
11469 0 0.8489217
11462 0 0.92792124
11445 0 0.70021975
11424 0 0.81006366
11320 0 0.6914484
11308 0 0.70603997
11299 0 0.56352705
11268 0 0.7629995
11168 0 0.86523134
11155 2 0.50734305
11068 0 0.8247794
11056 0 0.9917351
11001 2 0.73693293
10974 0 0.644062
10942 0 0.6689614
10861 0 0.9907699
10847 0 0.8001953
10837 2 0.72135925
10819 2 0.8189157
10815 2 0.63237834
10814 0 0.5254758
10807 2 0.7381014
10745 0 0.79317635
10727 0 0.88740015
10678 0 0.9713086
10655 2 0.8989337
10630 0 0.59619457
10621 2 0.558738
10563 0 0.9111563
10556 0 0.97145987
10544 0 0.7915623
10461 0 0.68637305
10452 2 0.7349972
10446 2 0.62354904
10406 0 0.99327093
10383 2 0.9013393
10351 0 0.95839995
10317 0 0.8174913
10269 2 0.8363508
10254 0 0.8780586
10188 0 0.7240284
10159 0 0.6703598
10122 0 0.8427971
10094 0 0.61688876
10061 0 0.6821902
10007 0 0.8043429
9964 0 0.6750953
9951 2 0.8887695
9925 0 0.8965877
9919 0 0.7047634
9839 2 0.541589
9833 2 0.7449355
9831 0 0.76856273
9749 0 0.9941469
9698 0 0.7186347
9680 2 0.85699934
9677 2 0.8042797
9652 0 0.5611278
9627 0 0.80641246
9591 2 0.7630224
9567 2 0.8055598
9478 0 0.97215056
9414 2 0.707201
9354 2 0.77425486
9349 0 0.6798149
9278 0 0.56549716
9262 0 0.6635934
9238 0 0.865343
9224 2 0.7117004
9199 0 0.79383713
9186 0 0.7622619
9095 2 0.3790918
9057 0 0.6809725
9023 0 0.48850164
9011 2 0.7493853
9000 0 0.8937835
8972 0 0.53976125
8948 2 0.6513855
8881 0 0.8358831
8724 0 0.41784474
8722 2 0.96960604
8684 0 0.47576043
8683 0 0.75451833
8636 2 0.75172585
8634 2 0.60162735
8571 2 0.8183757
8453 0 0.9148299
8451 0 0.76875293
8432 2 0.7948513
8430 2 0.5656925
8428 2 0.68469274
8412 2 0.54090303
8405 2 0.44384426
8403 2 0.6008526
8356 0 0.5673985
8327 0 0.95123154
8313 2 0.52610177
8263 0 0.60496527
8244 0 0.9286982
8228 0 0.8489903
8194 2 0.8372182
8141 2 0.80339694
8116 2 0.83586556
8088 2 0.71180445
8057 0 0.89359456
8056 0 0.7490593
8051 0 0.7885726
8035 0 0.93207484
7977 0 0.6041389
7954 2 0.95506424
7754 0 0.73900735
7741 0 0.54519606
7737 2 0.66610783
7684 0 0.6134389
7671 0 0.9927514
7661 2 0.9083078
7660 0 0.6622437
7659 0 0.73421526
7578 0 0.52403116
7463 0 0.5659685
7424 0 0.8585161
7388 2 0.54306954
7358 2 0.8367885
7357 0 0.7675195
7321 2 0.83188385
7230 2 0.9621451
7178 2 0.90096664
7176 2 0.88641757
7142 2 0.6153082
7086 0 0.85008186
7049 0 0.9330021
7038 0 0.6934699
7036 2 0.910485
7018 0 0.82747877
7015 0 0.92535186
6994 0 0.9918478
6943 0 0.85328937
6852 0 0.60046303
6815 0 0.4713359
6780 0 0.9380276
6722 0 0.715838
6666 0 0.67471826
6659 2 0.80460775
6650 2 0.7301433
6639 0 0.5571045
6602 0 0.763129
6590 1 0.64433634
6536 2 0.9158006
6506 0 0.99358106
6464 0 0.64047277
6397 0 0.77357686
6371 0 0.48093855
6354 2 0.82369846
6340 2 0.83569807
6294 0 0.40733168
6168 0 0.85282534
6146 0 0.89738035
6121 2 0.93423957
6115 2 0.48514766
6075 2 0.7028034
6070 0 0.95646644
5978 2 0.56790507
5928 2 0.82621354
5868 0 0.86567235
5788 0 0.6506277
5779 0 0.8404128
5758 2 0.6757901
5669 2 0.8337935
5655 2 0.73563915
5634 0 0.8514946
5593 0 0.8134146
5558 2 0.41810647
5549 2 0.56002
5451 0 0.55659574
5436 0 0.49685892
5394 0 0.59377974
5357 2 0.52986413
5320 0 0.638413
5306 2 0.96283513
5293 2 0.5503835
5292 2 0.58850336
5186 2 0.9717838
5153 2 0.47450358
5111 0 0.70623195
5101 2 0.62146705
5071 2 0.9757377
5064 2 0.96580315
5057 1 0.38637692
4989 2 0.81960297
4930 2 0.59524244
4892 2 0.95991534
4889 2 0.9665313
4864 2 0.5969656
4863 2 0.52642083
4792 2 0.61182284
4733 0 0.7500223
4727 2 0.63809866
4723 2 0.5277299
4722 2 0.4307125
4638 2 0.65412784
4618 2 0.6788097
4577 2 0.6913059
4542 2 0.8311852
4541 2 0.97918636
4540 2 0.97442794
4530 2 0.9895211
4521 2 0.65404755
4465 2 0.71294755
4404 2 0.6171515
4388 0 0.5201212
4357 2 0.7994111
4311 2 0.81801736
4166 2 0.9756647
4123 2 0.8904287
4067 2 0.91112345
3825 2 0.97372466
3795 2 0.42075133
3761 2 0.89585817
3706 2 0.7014043
3694 2 0.69172555
3692 2 0.778653
3662 2 0.9365373
3624 2 0.56546813
3592 2 0.7077693
3577 2 0.9320276
3573 2 0.9879193
3494 2 0.57017654
3486 2 0.4533589
3465 2 0.98969895
3444 2 0.54462105
3404 2 0.91206396
3396 2 0.96814495
3390 2 0.5081801
3376 2 0.9124743
3341 2 0.77201307
3328 2 0.8629004
3289 2 0.9035279
3264 2 0.64912856
3133 2 0.79721254
3132 2 0.76585037
3078 2 0.6990436
3060 2 0.8429105
3030 2 0.59066033
3010 2 0.6621439
2980 2 0.75029224
2959 2 0.9808298
2948 2 0.58566815
2912 2 0.6997194
2909 2 0.84138924
2907 2 0.8415008
2906 2 0.7860782
2904 2 0.84418607
2902 2 0.85503125
2893 2 0.8921311
2889 2 0.9217754
2855 2 0.98071253
2842 2 0.96834946
2830 2 0.98164403
2809 0 0.5268208
2804 2 0.9262593
2702 2 0.9852349
2690 2 0.6610226
2686 2 0.97052234
2683 2 0.6698455
2682 2 0.63879895
2678 2 0.9882241
2676 2 0.91977966
2611 2 0.93580604
2583 2 0.9091483
2574 2 0.8293261
2564 2 0.90814084
2559 2 0.9834378
2471 2 0.9508234
2454 2 0.94477606
2426 0 0.51753104
2401 2 0.9917575
2387 2 0.79215044
2298 2 0.946215
2202 2 0.6803478
2189 2 0.85129154
2186 2 0.63235754
2109 2 0.72794217
2086 2 0.9055865
2081 2 0.777619
2003 2 0.9802093
1993 2 0.9150544
1990 2 0.9593908
1943 2 0.756305
1935 2 0.7761928
1906 2 0.7241345
1844 2 0.9268073
1838 2 0.73298556
1828 2 0.7098422
1804 2 0.97821236
1787 2 0.956701
1744 2 0.9735177
1726 2 0.61056334
1659 2 0.85373884
1587 2 0.6498728
1560 2 0.8806103
1549 2 0.8928981
1543 2 0.9894545
1464 2 0.9927553
1400 2 0.9866102
1369 2 0.9543333
1216 2 0.755726
1215 2 0.9853191
1125 2 0.8443045
1067 2 0.85099894
1061 2 0.983554
1032 2 0.5318392
986 2 0.86656153
942 2 0.6659459
860 2 0.8371745
825 2 0.8880484
820 2 0.48049477
761 2 0.98471785
737 2 0.81279653
705 2 0.8335564
667 2 0.88625765
657 2 0.5323236
635 2 0.98845893
578 2 0.87374985
535 2 0.9832039
529 2 0.91430944
501 2 0.9550538
499 2 0.9153506
485 2 0.7888213
423 2 0.8445343
403 2 0.71742654
398 2 0.7134873
322 2 0.8143643
146 2 0.9800442
130 2 0.9029968
115 2 0.98867875
99 2 0.9400261
71 2 0.9557013
31 2 0.98411274
277 1 0.53292495
238 1 0.46872628
125 1 0.8506216
64 2 0.5048791
29 1 0.76694256
143 1 0.9764424
98 1 0.99728113
56 1 0.9497646
40 1 0.9278825
10 1 0.685085
1044 1 0.54705894
1019 1 0.4162386
971 1 0.49910104
968 1 0.69397056
859 1 0.8131944
761 1 0.8815962
704 1 0.70427895
566 1 0.6287776
561 1 0.9392304
474 2 0.52075577
448 1 0.57769924
444 1 0.68256634
389 1 0.96609336
377 1 0.91823906
103 2 0.60360503
11 1 0.5182287
128 1 0.6254205
725 1 0.8807329
577 1 0.8426101
353 1 0.6243797
332 1 0.8178394
254 1 0.8895361
252 1 0.8413641
200 1 0.7399094
655 1 0.5009828
140 0 0.69535464
1955 1 0.6244311
1857 1 0.79605764
1845 1 0.80675894
478 1 0.80608183
303 1 0.73807955
18925 0 0.7457254
18772 0 0.72644544
18061 2 0.717189
17867 0 0.67840976
17775 1 0.72270334
17142 0 0.8409438
16684 0 0.56921864
16351 2 0.79029137
16242 0 0.6376722
15650 2 0.76745296
15456 2 0.68515295
14942 1 0.6410781
14881 0 0.39777058
14863 1 0.6211912
14513 1 0.8798165
13787 0 0.44828752
13598 2 0.66834855
13485 0 0.60043216
13227 0 0.98716366
13139 1 0.55362904
12961 0 0.7883272
12853 0 0.684957
12479 2 0.9388316
12361 1 0.5584024
12110 0 0.60716814
12000 0 0.58228976
11586 0 0.43341407
11237 2 0.5119308
10966 2 0.3476238
10592 0 0.79981774
10301 1 0.51097363
10288 2 0.9440567
10287 2 0.67099255
10203 1 0.739765
10196 2 0.5276578
10182 0 0.9860691
10010 2 0.6252435
9774 0 0.63090086
9263 0 0.9570584
8472 0 0.7744937
8301 2 0.4924873
8038 0 0.98376924
7704 0 0.5669125
7684 0 0.62716186
7575 1 0.59280646
7471 0 0.635272
7393 0 0.7948069
7391 2 0.9238746
7380 1 0.44260544
7338 2 0.435643
7236 0 0.82418287
7230 0 0.87785
7144 0 0.72749054
6966 0 0.7968076
6523 0 0.6675486
6475 0 0.7856886
6379 0 0.6160766
6267 0 0.7929847
6112 0 0.95189804
5549 2 0.71478826
5059 2 0.67460704
4912 2 0.37864688
4161 2 0.48935676
4051 0 0.39980865
3893 0 0.6451894
3892 2 0.42811662
3877 0 0.3682492
3582 1 0.5948152
3123 2 0.7430893
1941 0 0.6015813
1886 2 0.45942694
1883 2 0.78743535
1869 0 0.5361461
1505 1 0.47852993
1356 1 0.99119174
1260 1 0.55007875
1147 1 0.7901896
999 1 0.77641094
540 1 0.962896
440 1 0.7986829
297 1 0.6277413
284 1 0.56561565
276 1 0.50652415
236 1 0.6976244
201 1 0.6160009
178 1 0.7728934
177 1 0.62383986
148 1 0.67818075
114 1 0.87902826
102 1 0.95240027
98 1 0.95972013
88 1 0.8181818
82 0 0.68343586
45 1 0.67570233
32 1 0.8909644
8 1 0.6491206
281 1 0.6530464
269 1 0.57555515
232 1 0.615438
230 1 0.6524268
227 1 0.5655505
219 1 0.52498466
127 1 0.71877754
115 1 0.55039185
113 1 0.71298957
112 1 0.68986523
76 1 0.6232217
67 1 0.81735915
51 1 0.58269364
9 1 0.76908714
80 2 0.67214036
68 1 0.72608495
61 1 0.5879206
14 1 0.7921269
288 1 0.9257829
257 1 0.95388335
194 1 0.6961502
138 1 0.64286566
121 1 0.80571705
82 1 0.6092699
72 1 0.8724859
13 1 0.93871385
9 1 0.5681155
168 1 0.9374735
656 1 0.7316214
561 1 0.5911263
174 1 0.6801607
106 1 0.6151882
105 1 0.69250655
70 1 0.6162651
7 1 0.6713475
6577 1 0.5893109
6533 1 0.8194426
6313 1 0.7964458
6261 1 0.7212111
6245 1 0.87683624
6190 1 0.5080525
6111 1 0.42912945
6100 1 0.64487594
6037 1 0.9658552
5953 1 0.8392362
5806 1 0.76487654
5639 1 0.76130265
5580 1 0.5265744
5181 0 0.57811046
5102 1 0.58889776
5100 1 0.5601903
5078 1 0.76440793
5034 1 0.98841393
4929 1 0.6020049
4576 1 0.9526865
4573 1 0.6314804
4307 1 0.6429495
4241 1 0.61644304
4152 1 0.9110435
4019 1 0.7588854
4017 1 0.59992224
3940 1 0.8415576
3864 1 0.57397467
3746 1 0.7891648
3679 1 0.6057149
3535 1 0.671472
3184 1 0.7356032
3004 1 0.7983945
2994 1 0.5552303
2928 1 0.5240169
2724 1 0.9286872
2680 1 0.6672039
2649 1 0.78727275
2560 1 0.800826
2003 1 0.74325836
1733 1 0.86986095
1629 1 0.7379388
1628 1 0.7262804
1548 1 0.7264318
1531 1 0.5494454
1529 1 0.6611841
1401 1 0.86195797
1292 1 0.4522303
1149 1 0.6561071
1032 1 0.5337088
921 1 0.55038214
328 0 0.5224219
230 1 0.8910094
183 0 0.41586462
13 1 0.59758973
1076 2 0.47332582
1058 1 0.5086391
592 1 0.66600156
511 1 0.910123
420 1 0.89645684
346 2 0.70335406
50 1 0.60444266
43 1 0.5854308
21 1 0.88888496
20 1 0.7298658
30 1 0.628599
21 1 0.7978727
17 1 0.46068576
10 2 0.52465117
44 1 0.8078581
20 1 0.8289387
8 1 0.87618405
6 1 0.53749686
3 1 0.90964025
2187 2 0.6282243
1829 0 0.8985314
348 1 0.970875
338 1 0.6917536
318 1 0.7799117
279 1 0.79877853
233 1 0.8087479
143 0 0.44121003
141 1 0.714226
106 1 0.526309
78 1 0.71448004
41 1 0.64581937
5 1 0.8482888
6986 2 0.6599389
6942 0 0.8152682
6919 2 0.7165017
6875 2 0.41316026
6872 0 0.81507367
6854 0 0.48916265
6840 0 0.64242345
6833 1 0.47035995
6771 0 0.7809534
6764 0 0.79378307
6721 1 0.81613684
6695 0 0.9510822
6665 2 0.56659013
6663 0 0.49082074
6650 0 0.4888294
6615 2 0.6531907
6598 0 0.89729106
6596 0 0.89547026
6593 2 0.57380456
6519 0 0.9885861
6429 0 0.718558
6408 0 0.89103353
6385 0 0.8334154
6380 0 0.67493206
6343 0 0.6520926
6307 0 0.6950533
6244 2 0.45233494
6226 2 0.50513005
6206 0 0.8408294
6194 0 0.50121874
6191 0 0.5423811
6172 0 0.5224711
6156 1 0.45263624
6143 0 0.5424787
6135 0 0.5971922
6118 0 0.49680266
6110 0 0.8390532
6071 1 0.7771087
6038 2 0.7656342
6006 2 0.6467883
5969 0 0.47400254
5918 0 0.98854613
5868 0 0.6506653
5854 0 0.76833606
5806 2 0.46413437
5793 0 0.7141188
5755 0 0.6455131
5754 0 0.638785
5725 0 0.83814377
5707 2 0.42689112
5660 0 0.9586135
5657 0 0.76831025
5606 0 0.7980134
5544 2 0.47497007
5542 0 0.5023932
5485 0 0.59827936
5442 0 0.57544404
5366 2 0.72147053
5210 2 0.94153464
5188 0 0.8011734
5069 2 0.47087952
5028 2 0.73937064
4985 0 0.49084502
4950 2 0.5477407
4947 2 0.6175982
4934 1 0.46430123
4916 0 0.6910158
4914 2 0.58889586
4913 2 0.55652386
4908 2 0.5707499
4864 0 0.7512636
4863 0 0.6141252
4852 0 0.76128227
4694 0 0.49613714
4688 0 0.58451235
4686 2 0.603906
4597 2 0.69166774
4518 2 0.48951116
4475 2 0.5241801
4453 0 0.82602173
4450 0 0.8230705
4445 0 0.47766212
4426 0 0.55075
4399 0 0.6102147
4389 2 0.5403088
4388 2 0.53097814
4378 2 0.8459601
4348 2 0.6537927
4335 2 0.8878117
4332 2 0.789358
4312 2 0.5642574
4214 0 0.48748487
4150 0 0.5277864
4092 0 0.54219854
4032 0 0.6246876
4014 2 0.7149836
3975 0 0.8705229
3958 0 0.72693294
3845 2 0.7394
3787 2 0.811862
3770 0 0.6056197
3697 2 0.7586566
3686 0 0.924053
3627 2 0.9340842
3594 0 0.8459954
3572 0 0.62329555
3571 0 0.62329555
3351 0 0.74798536
3336 2 0.96707934
3286 2 0.75607073
3229 0 0.57758003
3225 0 0.6112249
3197 1 0.6417461
3098 0 0.54914635
2957 2 0.68701535
2859 2 0.79948425
2843 0 0.9884812
2821 0 0.56299496
2785 0 0.610796
2746 0 0.70707744
2736 0 0.8385798
2615 0 0.64038086
2471 0 0.5516094
2464 0 0.7542932
2461 0 0.7868615
2450 0 0.80993074
2446 0 0.929053
2411 0 0.6162699
2379 0 0.85212934
2372 0 0.88450634
2340 0 0.68446255
2251 0 0.7995028
2121 0 0.90269905
1964 0 0.55107534
1954 0 0.8258375
1928 2 0.8468268
1895 2 0.5270962
1871 2 0.8094384
1764 2 0.9342753
1721 2 0.70587367
1661 0 0.6778653
1603 0 0.79698044
1504 0 0.6304696
1394 0 0.5656905
1343 2 0.63949466
1334 0 0.8812363
1331 0 0.9308708
1291 0 0.67688227
1240 1 0.563723
1201 0 0.8280949
1195 0 0.82567775
1043 0 0.6046652
1037 0 0.6534998
1017 2 0.5286706
958 0 0.5783089
903 0 0.8408015
800 2 0.75926816
746 1 0.59972256
733 1 0.75150615
657 0 0.7272078
559 0 0.73720413
552 2 0.69598234
492 2 0.69400686
407 2 0.62594336
397 2 0.7394444
379 2 0.619439
359 1 0.4580587
338 2 0.61149085
327 1 0.5231897
319 2 0.7679523
302 2 0.90470135
282 2 0.9711969
278 2 0.6745679
276 2 0.77632886
253 2 0.9437929
251 2 0.97170913
250 2 0.97253233
221 2 0.6440132
190 2 0.9352417
173 2 0.5386812
155 1 0.4273868
143 2 0.68783337
131 1 0.34348452
125 0 0.50467944
64 2 0.6537569
14 2 0.58145565
6 2 0.6438963
3 1 0.65644765
916 1 0.7715052
878 1 0.86630917
815 1 0.676248
773 1 0.79435134
700 1 0.44383293
640 2 0.5302646
621 0 0.6130988
499 2 0.6064548
453 1 0.8520913
1095 0 0.9051511
1000 1 0.78078985
774 2 0.7573857
738 2 0.82267106
601 2 0.6367208
415 1 0.6532357
379 1 0.7650936
361 1 0.8307264
357 2 0.55230796
346 2 0.5763881
228 2 0.6932446
93 1 0.645336
28 1 0.64455503
24 2 0.50524783
5640 2 0.611495
5639 0 0.69172084
5311 0 0.50228137
5276 1 0.5881305
5214 1 0.70484376
5173 1 0.8583618
5017 0 0.6219819
4793 0 0.96647173
4716 0 0.5893099
4699 0 0.49335277
4606 0 0.4766248
4565 1 0.5155396
4476 0 0.48953465
4245 0 0.66277224
4030 1 0.7658339
3925 1 0.5627343
3866 0 0.5411415
3860 0 0.6110783
3625 0 0.764098
3392 0 0.8491531
2061 0 0.5617248
1769 0 0.5931635
1765 1 0.5397535
1433 0 0.7953287
1414 0 0.5885045
1398 0 0.6111317
982 1 0.6490559
961 1 0.44201413
806 0 0.5293126
681 2 0.7587953
292 1 0.5561447
230 2 0.792957
95 0 0.5346101
16 1 0.8098614
7 1 0.5164141
153 1 0.8605185
119 1 0.91835594
42 1 0.8184261
26 1 0.8937596
1029 1 0.497284
772 1 0.7167459
642 1 0.6164904
628 1 0.66411555
577 2 0.6870912
574 1 0.8169251
297 1 0.57354516
194 1 0.9283246
161 1 0.6653435
152 1 0.83305085
13 1 0.52201253
12 2 0.38249832
6089 2 0.4306329
6078 1 0.74789435
6054 0 0.70333517
5997 1 0.6961963
5971 1 0.53815544
5872 2 0.39466894
5839 1 0.7963099
5414 0 0.5311689
5412 0 0.5481233
4843 1 0.59284925
4614 1 0.48723733
3718 0 0.648266
3713 0 0.4894611
3555 0 0.7710915
3522 0 0.85424525
3484 0 0.7585748
3270 1 0.7471509
2155 1 0.5990444
1899 1 0.562239
1798 1 0.6544492
1487 1 0.8098331
1403 1 0.6112645
1221 1 0.6961144
1210 1 0.5586771
733 2 0.8525991
639 1 0.4535971
637 1 0.49615416
635 0 0.44647852
633 1 0.5073255
305 2 0.53622955
302 1 0.76884586
151 2 0.66518915
150 0 0.46947753
123 2 0.5844733
115 1 0.48013997
4294 1 0.5195972
4286 1 0.6215055
4242 1 0.6669705
4220 1 0.7675277
4176 2 0.5519621
4175 2 0.7094871
4151 1 0.74416494
4148 0 0.5425726
4132 1 0.6028891
4111 2 0.73571277
4108 1 0.7518009
4080 1 0.67080176
4076 1 0.94415087
4064 1 0.96610904
4034 1 0.63310343
4024 1 0.6358119
3982 1 0.57494754
3891 1 0.63965183
3885 1 0.83072776
3884 2 0.7098984
3883 1 0.63282
3840 1 0.6124176
3837 1 0.5904838
3836 1 0.5577654
3831 1 0.69927424
3827 1 0.7161364
3817 1 0.46616778
3769 1 0.71564406
3744 1 0.8021352
3743 1 0.61678743
3740 1 0.5991322
3678 1 0.5683523
3676 1 0.6486361
3620 1 0.80226564
3511 1 0.76593107
3496 1 0.73806053
3495 1 0.7448188
3490 1 0.7818551
3407 1 0.74112844
3397 1 0.67980725
3301 1 0.5331039
3280 1 0.71236724
3165 1 0.49291706
3088 1 0.622217
3087 1 0.90197545
3068 1 0.90340817
3067 1 0.8408629
3020 2 0.60829854
3019 2 0.60829276
2945 1 0.9434292
2788 1 0.5597706
2783 1 0.8171531
2720 1 0.5654116
2624 1 0.75042933
2589 1 0.89441377
2588 1 0.9648164
2421 1 0.65765554
2397 1 0.65770346
2353 1 0.3463411
2285 1 0.57026833
2213 1 0.67115957
2172 1 0.8385984
2170 1 0.89831436
2123 1 0.7787535
2109 1 0.61441946
2025 1 0.9554753
2010 1 0.60656667
1959 1 0.92838395
1945 1 0.9508549
1939 1 0.63528824
1917 1 0.8817186
1892 1 0.82194966
1874 1 0.9180241
1868 1 0.68101895
1808 1 0.747196
1807 1 0.6303822
1747 1 0.6186078
1660 1 0.93030137
1618 1 0.9000831
1606 1 0.6505121
1586 1 0.8140693
1576 1 0.9244287
1550 1 0.61551636
1491 1 0.5122851
1489 1 0.91311485
1460 1 0.5343158
1294 1 0.94130945
1192 1 0.9745744
1109 1 0.53759766
1041 1 0.8237547
971 1 0.8733257
962 1 0.70450747
900 1 0.58553594
845 1 0.91828346
829 1 0.91556937
813 1 0.7785489
801 1 0.92698884
740 0 0.33749866
669 1 0.5288564
537 1 0.73644376
492 0 0.53271896
484 1 0.78331125
444 1 0.782426
396 2 0.5033456
278 1 0.71494484
4518 1 0.517587
4418 0 0.70305353
4375 2 0.846906
4365 0 0.4916989
4344 0 0.9795113
4258 0 0.6325472
4244 0 0.5093959
4165 0 0.5739612
4141 0 0.691899
3982 0 0.65894055
3937 0 0.9107782
3929 1 0.51858354
3893 0 0.9406408
3808 0 0.95653534
3773 0 0.786402
3696 0 0.96299636
3670 1 0.70325214
3658 0 0.83970886
3634 1 0.8515164
3605 0 0.7466657
3570 0 0.723029
3513 1 0.47952622
3485 2 0.7710729
3473 0 0.71190083
3347 1 0.61615306
3248 0 0.9798672
3068 1 0.43597767
3028 1 0.6386266
3011 0 0.7266409
2995 0 0.82309335
2985 1 0.4078465
2956 0 0.8033071
2948 1 0.45517528
2938 0 0.90033185
2932 0 0.64053696
2840 0 0.44011128
2791 0 0.6648556
2753 0 0.7895023
2547 1 0.55226696
2533 2 0.6134252
2521 0 0.8078933
2399 0 0.6405342
2386 0 0.45995107
2292 2 0.44467333
2237 0 0.7277866
2200 0 0.7816336
2171 0 0.7546277
2136 0 0.9589162
2097 0 0.7845701
2058 1 0.4968083
2038 0 0.7806235
2025 0 0.90817714
1951 0 0.7231518
1911 1 0.5906441
1868 0 0.65096086
1755 0 0.59445983
1613 2 0.5564975
1607 0 0.84480125
1506 0 0.5875611
1422 0 0.76388323
1392 2 0.6017607
1352 1 0.5338824
1319 0 0.8657488
1215 0 0.75096273
1153 0 0.65419924
784 1 0.51134324
759 0 0.98877907
676 1 0.47746697
658 0 0.8197027
655 0 0.61687946
625 0 0.986953
299 2 0.63409024
269 2 0.63296837
241 2 0.6830793
136 2 0.9693451
128 2 0.8694957
127 2 0.96245366
122 2 0.8064132
121 2 0.87359303
111 2 0.8442236
106 2 0.8942358
91 2 0.84148085
78 2 0.65515727
77 2 0.91523755
76 2 0.91541654
72 2 0.9135496
1812 2 0.91262054
1232 0 0.67527884
986 0 0.47991323
459 0 0.46369582
1124 1 0.715814
829 1 0.91180366
201 1 0.71510285
4 1 0.8562307
3 1 0.9609808
509 1 0.9712621
483 1 0.6741346
482 1 0.5862075
352 0 0.6857615
310 1 0.7012413
245 1 0.7939085
207 1 0.8156603
5 1 0.66026163
4 1 0.86532444
15 1 0.72877616
10 1 0.5875101
30 1 0.8016506
14 1 0.67322475
13 1 0.6956052
5 1 0.6680167
5 1 0.68926007
3 1 0.58424807
655 1 0.9320912
590 1 0.871103
562 1 0.6708232
549 1 0.8000518
502 1 0.6727911
485 1 0.74235857
479 1 0.852901
394 1 0.68007535
378 1 0.6727184
240 1 0.93752563
227 1 0.82868576
8715 0 0.9151523
8471 0 0.93203586
8412 0 0.77649003
7797 0 0.8594495
7651 0 0.9227155
7596 0 0.7874918
7346 0 0.47302225
7345 0 0.59547424
7301 0 0.82302713
7291 0 0.86041594
7290 0 0.9402208
7138 0 0.9527162
7060 0 0.9206159
7007 0 0.78706455
6164 0 0.863155
6143 0 0.9422563
6048 0 0.94316703
5851 0 0.7438165
5401 0 0.93596804
5374 0 0.9139137
5160 0 0.8226937
5159 0 0.6727455
5138 0 0.98887265
5023 0 0.9484439
4585 0 0.6029674
4522 1 0.70562464
4496 0 0.8922558
4303 0 0.7292044
4267 0 0.6421335
4001 0 0.8168548
3579 1 0.44301945
3371 1 0.6360232
3162 0 0.7955958
2993 0 0.8002245
2797 0 0.8201494
2667 2 0.55299634
2657 0 0.73381925
2409 0 0.70390505
2209 2 0.688024
2101 0 0.6323875
2081 0 0.79890233
1462 0 0.38247788
744 0 0.4955258
412 2 0.78246415
98 0 0.81893486
7 1 0.71090454
4982 2 0.91133195
4954 0 0.9626499
4875 2 0.7366796
4868 0 0.9534913
4860 2 0.95419645
4859 2 0.92024034
4836 0 0.8156351
4604 2 0.6418728
4595 0 0.76383793
4584 0 0.72876686
4550 0 0.5220496
4404 2 0.75707704
4402 2 0.9389565
4401 2 0.9291498
4374 1 0.39818275
4370 2 0.64255375
4339 2 0.9126277
4331 2 0.8887524
4319 0 0.69644403
4286 2 0.7238299
4244 0 0.75808096
4195 0 0.77927464
4137 2 0.9008588
4117 2 0.7711911
4087 0 0.47735807
4079 0 0.68756884
4035 2 0.6663166
4004 0 0.48625863
3951 2 0.45785785
3936 0 0.9073912
3924 2 0.41694513
3921 1 0.49855694
3843 0 0.3630797
3775 2 0.96520156
3703 2 0.6350712
3651 0 0.55505115
3625 0 0.8514858
3535 2 0.70209205
3525 2 0.59541863
3470 2 0.9461398
3392 2 0.90531015
3357 2 0.9571991
3331 2 0.68497694
3297 2 0.6952556
3283 2 0.71667093
3276 2 0.71672577
3271 2 0.6628246
3262 2 0.73086447
3260 2 0.64539295
3259 0 0.5940528
3215 2 0.81082964
3184 2 0.9617876
3181 2 0.8108265
3179 2 0.8057272
3142 2 0.7189972
3139 2 0.7269362
3131 2 0.80714434
3115 0 0.6269827
3109 2 0.7658459
3060 0 0.82821685
3048 0 0.9025608
2992 0 0.7459098
2983 0 0.8345853
2876 0 0.7557284
2773 2 0.80824775
2761 2 0.76067513
2750 0 0.8615275
2673 2 0.5727837
2575 2 0.89426816
2572 2 0.85011244
2569 0 0.54774725
2566 2 0.9783387
2525 2 0.9677127
2431 2 0.7479515
2430 1 0.6701218
2395 2 0.81185955
2381 2 0.96462333
2266 1 0.43143108
2013 0 0.56539625
1981 2 0.8258862
1957 0 0.44013247
1940 2 0.7431359
1920 0 0.41444683
1903 2 0.63972455
1872 2 0.7119333
1870 2 0.9888032
1813 2 0.9617643
1775 2 0.8850244
1718 2 0.87461245
1678 0 0.4074291
1674 2 0.7345227
1610 2 0.85069406
1552 2 0.8197019
1545 2 0.82816184
1506 2 0.66093326
1463 0 0.7356144
1386 2 0.8440409
1322 1 0.52313375
1290 2 0.71715516
1277 2 0.9947378
1232 2 0.7597081
1130 2 0.96921146
1128 2 0.9675988
1042 2 0.7338259
1027 2 0.89796233
990 2 0.9561952
989 2 0.7705246
944 2 0.80151075
916 2 0.5843391
900 2 0.93599534
849 2 0.9616591
848 0 0.58458215
836 2 0.88561034
829 2 0.9675981
788 2 0.82729995
742 2 0.8911571
735 2 0.8911567
733 2 0.8911566
730 2 0.9251045
728 2 0.8911536
727 2 0.9284301
726 2 0.8911506
725 2 0.8911576
702 2 0.6634595
675 2 0.95350754
652 2 0.91379017
597 2 0.7586252
596 2 0.90056425
556 2 0.83340794
548 2 0.8355454
535 2 0.98305225
528 2 0.73548067
516 2 0.74218035
495 2 0.6493856
485 2 0.83346623
451 2 0.7547189
404 2 0.7336221
371 2 0.73712844
365 2 0.66016227
362 2 0.97432214
354 1 0.605049
341 2 0.9647691
319 2 0.6812107
310 2 0.8912077
297 2 0.99061084
296 0 0.46259058
294 2 0.95548224
291 2 0.75916225
286 2 0.772043
284 2 0.97694135
283 2 0.9656887
281 2 0.94336605
279 2 0.55944926
278 2 0.9476542
273 2 0.9123987
131 2 0.7806256
116 0 0.70163417
98 2 0.96621007
94 2 0.62956744
66 2 0.5884832
240 1 0.6926163
236 1 0.88007486
19 1 0.80605185
57 1 0.52563995
10 1 0.6089818
1504 2 0.9744795
1489 2 0.9744801
1485 2 0.9744744
1462 2 0.9744802
1404 2 0.6230976
1347 2 0.97447294
1336 2 0.97448
1321 2 0.974474
1296 2 0.9744748
1113 2 0.97448
1106 2 0.9744795
1089 2 0.97448015
1085 2 0.9744716
1070 2 0.97447217
1055 2 0.9744797
1053 2 0.9744797
1046 2 0.97448
1043 2 0.9744801
1042 2 0.9744798
1032 2 0.97447973
1031 2 0.97447985
1029 0 0.47909003
1021 2 0.9744799
1018 2 0.9744725
1013 2 0.97447985
1011 2 0.97448015
1008 2 0.97447973
1005 2 0.9744797
999 2 0.9744797
977 2 0.97447985
973 2 0.97447926
966 2 0.97448015
962 2 0.9744737
958 2 0.9744791
950 2 0.9744733
945 2 0.9744795
939 2 0.8535049
937 2 0.9744801
930 2 0.97448015
915 2 0.97447973
912 2 0.97448003
911 2 0.97448015
908 2 0.97448015
904 2 0.97447914
899 2 0.97447896
885 2 0.9744802
883 2 0.9744799
881 2 0.97447246
877 2 0.97447217
866 2 0.97448
864 2 0.97447985
860 2 0.9744743
857 2 0.97447276
851 2 0.9744799
845 2 0.9744796
844 2 0.9744728
842 2 0.9744717
835 2 0.97448015
830 2 0.9744798
827 2 0.9744789
825 2 0.9744801
822 2 0.9744793
818 2 0.9744802
816 2 0.9744801
812 2 0.97447246
808 2 0.97447985
807 2 0.97447985
803 2 0.9744801
799 2 0.9744802
797 2 0.9744802
796 2 0.9744802
794 2 0.97447926
783 2 0.9744798
781 2 0.97447985
776 2 0.97447973
769 2 0.9744725
768 2 0.97448003
763 2 0.97447187
758 2 0.97448003
756 2 0.9744801
753 2 0.9744796
749 2 0.9744728
745 2 0.97447395
738 2 0.974479
732 2 0.974472
727 2 0.97448015
717 2 0.97447366
712 2 0.9744796
705 2 0.97448015
695 2 0.95371234
682 2 0.9594783
675 2 0.9744797
645 2 0.95611227
642 2 0.9744797
639 2 0.9501863
637 2 0.8099169
446 2 0.8708396
11 1 0.8511069
10 1 0.97371566
1 1 0.61205995
238 1 0.87309086
34 1 0.52147764
33 1 0.8712783
5 2 0.52558506
3 0 0.52773297
2 1 0.5363572
121 0 0.4582844
105 1 0.7914907
97 1 0.5894529
41 1 0.73961025
17 1 0.5590145
15 1 0.6644345
4 1 0.45969406
3 2 0.5758214
17 1 0.8655771
16 1 0.82380664
15 1 0.7755287
5 0 0.86425465
185 0 0.4363311
354 1 0.9318757
340 2 0.50675285
336 1 0.61065793
268 1 0.69737124
209 1 0.8025647
188 2 0.650915
123 1 0.7806435
55 2 0.46134323
69 1 0.4433951
59 1 0.496144
13 2 0.50686944
5 1 0.53780794
4 1 0.525348
105 1 0.8396733
22 1 0.664716
14 1 0.6701456
1159 1 0.95821655
1058 1 0.7076349
1049 1 0.7672837
982 1 0.73727167
975 1 0.5073984
927 1 0.8208133
829 0 0.5457044
819 1 0.7931468
818 1 0.80976784
757 1 0.9474257
755 1 0.91313857
698 2 0.51942164
638 1 0.6171132
636 0 0.6278929
627 1 0.97467035
584 1 0.62235665
581 1 0.76858807
536 1 0.8577911
512 1 0.9002691
493 1 0.5819627
406 1 0.70740944
376 1 0.6338773
267 1 0.76221734
144 1 0.9408457
82 1 0.7167923
45 1 0.6756108
26 1 0.89897203
5 0 0.5932377
5926 1 0.50587344
5888 1 0.4739356
5649 1 0.4429055
5619 0 0.47181204
5558 0 0.4170497
5431 0 0.5486282
5342 0 0.6351349
4994 1 0.5836922
4800 1 0.56825656
4636 1 0.642401
4561 1 0.7843458
4435 0 0.4793956
4325 0 0.69270295
4257 1 0.60287815
4238 1 0.5649764
4219 1 0.6550464
3888 0 0.51955885
3722 1 0.59622717
3604 1 0.84192735
3239 0 0.8450112
2762 1 0.65633106
2489 1 0.6507808
2471 1 0.6085538
2462 1 0.46696866
2208 1 0.7839633
2116 0 0.9691506
1985 2 0.4373797
1972 1 0.51330984
1754 1 0.96284145
931 1 0.7659766
720 1 0.6337562
667 0 0.40046945
544 1 0.5111767
526 1 0.8591769
171 1 0.5941733
138 1 0.7372928
97 1 0.4412571
45 1 0.4615396
17 1 0.8371251
259 0 0.7188769
251 0 0.66198474
240 0 0.50030637
221 2 0.52176595
127 0 0.45390278
98 0 0.6368294
45 0 0.6625559
3 1 0.56084013
155 1 0.73757076
76 1 0.87835455
70 1 0.8310937
20 1 0.90613127
15 1 0.9312884
14 1 0.9097502
192 1 0.37993798
27 2 0.4978086
36 1 0.94474804
11 1 0.97717905
1 1 0.5660052
119 1 0.98119146
5 2 0.5414532
1407 0 0.63212484
1400 0 0.8072755
1267 1 0.69815755
945 1 0.5855909
944 0 0.78609955
318 0 0.98387134
204 0 0.752347
203 0 0.7218172
155 0 0.68697125
21 0 0.66035235
91 1 0.5105199
59 1 0.5480103
43 1 0.48446682
340 0 0.711142
87 0 0.61353135
32 1 0.7589836
115 1 0.75244373
280 1 0.7166706
255 0 0.49781212
104 1 0.67333347
103 1 0.67330265
101 1 0.6733313
100 1 0.72271216
23 1 0.67688775
109 1 0.7564423
1279 0 0.7602513
1172 1 0.619006
1159 0 0.5026507
1157 1 0.5839366
1042 0 0.7796971
1023 1 0.47026813
1002 0 0.56481826
768 0 0.5910385
671 1 0.62158626
546 1 0.55856854
527 1 0.682747
430 0 0.5615174
426 0 0.6942149
407 1 0.7181099
361 0 0.633525
345 1 0.55495274
325 0 0.5660855
176 0 0.743387
173 0 0.84169143
169 0 0.6638716
98 0 0.5512729
78 0 0.6874882
46 1 0.58053
33 0 0.7929596
25 0 0.5899926
24 0 0.8071509
258 1 0.6697581
239 1 0.63190365
233 1 0.81770116
142 1 0.90310013
125 1 0.79301614
104 1 0.4797464
96 1 0.9092153
94 1 0.8547866
93 2 0.50341773
60 1 0.8258098
59 0 0.51868325
14 1 0.38607523
50 1 0.7045941
1 1 0.4904707
434 2 0.6189357
419 1 0.71925557
379 1 0.56447977
364 1 0.4855109
148 1 0.5438022
146 1 0.47878066
117 1 0.8920688
97 1 0.9485304
91 1 0.96619636
38 1 0.7217532
26 1 0.81683075
2289 0 0.6893317
2258 1 0.38811505
2240 2 0.6997275
2180 2 0.46799615
2161 1 0.41941947
2065 1 0.4349528
2007 0 0.6412404
1884 2 0.8220305
1871 0 0.6903892
1870 2 0.648213
1828 0 0.9271747
1561 0 0.55226225
1516 1 0.6567131
1515 1 0.6567063
1514 1 0.65671426
1489 2 0.4672417
1483 0 0.62442565
1402 0 0.46292186
1395 2 0.896191
1384 2 0.5210317
1380 2 0.34532276
1360 0 0.6284116
1354 2 0.79025894
1327 2 0.70764214
1326 2 0.9044032
1324 0 0.66502243
1306 2 0.8225947
1204 0 0.82965666
1162 0 0.94241434
1108 0 0.4672032
792 0 0.5064537
746 2 0.60317504
726 0 0.70565087
654 2 0.51941997
327 2 0.85186565
160 2 0.7913693
155 2 0.7569523
1 1 0.792084
3435 1 0.57043016
3275 1 0.74326336
3159 0 0.9440392
2984 2 0.5335486
2950 0 0.5384632
2723 1 0.6585911
2647 0 0.42713177
2341 1 0.96038175
2279 1 0.6193819
2226 1 0.793757
2217 1 0.5025411
2044 1 0.573011
1919 1 0.6706228
1665 1 0.6746942
1246 1 0.80860656
1173 1 0.74902374
969 1 0.9118045
919 1 0.57764286
821 1 0.63484645
803 2 0.462804
664 2 0.54942775
274 2 0.49633992
250 1 0.5619371
249 0 0.5450132
248 1 0.7453623
238 1 0.6300672
228 1 0.77350056
216 1 0.3632225
211 2 0.52485144
206 1 0.72158206
195 1 0.9031264
190 1 0.45693937
181 1 0.5879907
180 1 0.7606288
178 1 0.8479367
165 1 0.9688411
152 1 0.5647204
150 1 0.69995725
16 1 0.62014747
122 1 0.73743147
95 1 0.5694315
87 1 0.7059061
86 1 0.71896285
56 1 0.809202
49 1 0.66862464
24 1 0.9097108
66 1 0.9405801
18 0 0.52335864
16 1 0.8393932
7 1 0.6758353
633 1 0.6070951
578 2 0.66640615
563 1 0.74405426
482 1 0.6254323
433 1 0.72740954
354 1 0.71254855
336 1 0.4853837
217 1 0.9650445
85 1 0.73676836
26 2 0.55021316
21 1 0.81922686
42 2 0.5540933
156 1 0.6528288
75 0 0.62852824
56 1 0.6619394
38 2 0.4799854
36 2 0.5829078
34 1 0.646937
11 1 0.6274034
48 1 0.7045046
36 1 0.69610524
11 1 0.823983
7 1 0.94008476
5 1 0.96311176
298 1 0.8667395
561 1 0.67204696
527 0 0.71693784
512 0 0.5543338
463 0 0.570591
321 1 0.7056292
312 1 0.5555736
298 1 0.7688304
265 1 0.58719236
193 1 0.6106525
176 0 0.46070942
174 0 0.59588945
119 2 0.44491622
78 1 0.54939556
39 0 0.68269414
677 2 0.82982373
674 0 0.44658065
673 0 0.41377538
604 0 0.5359779
479 1 0.6429778
413 1 0.7887568
292 1 0.88903946
6 1 0.93653655
4 1 0.8879009
276 0 0.6376555
264 1 0.8373501
257 1 0.47363642
228 1 0.7457876
144 1 0.79274946
65 1 0.5157258
1275 1 0.47687623
1260 1 0.5828337
1016 0 0.88535017
1010 1 0.6415086
722 1 0.6138025
709 0 0.74862933
678 0 0.4659832
11 1 0.45091644
2 1 0.46928844
1433 0 0.4224959
1432 2 0.4104725
1328 1 0.7691288
1319 1 0.63808066
1188 1 0.9633604
1148 1 0.632283
1085 1 0.71911186
1017 1 0.78549474
944 1 0.75456494
854 1 0.67762566
797 1 0.743329
788 1 0.9805465
731 1 0.6986622
630 1 0.7407585
588 1 0.74747485
416 1 0.8266963
272 1 0.6086451
18 1 0.5891295
181 1 0.78090185
47 1 0.6801754
1519 0 0.41518453
1437 2 0.67537004
1400 1 0.5709216
1215 1 0.77241844
1132 1 0.65428174
1050 1 0.919492
1049 1 0.6013562
1023 1 0.5954613
915 1 0.70462537
701 1 0.98967314
531 1 0.6274511
529 1 0.80345213
526 1 0.71076953
444 1 0.84311104
378 1 0.5859225
376 1 0.7756527
361 1 0.6446122
360 1 0.7120616
277 1 0.956697
208 1 0.74679214
105 1 0.38840485
23 1 0.4480486
378 1 0.87504727
348 2 0.568849
345 2 0.67812485
305 1 0.6753715
212 1 0.80757505
12 1 0.83723414
49 1 0.90346634
33 1 0.8813546
107 1 0.72780424
560 1 0.6002845
535 1 0.5657909
534 1 0.7543065
520 1 0.545601
516 1 0.97235966
510 1 0.9818885
482 1 0.81013393
480 1 0.7694531
472 0 0.4996181
210 1 0.8395865
165 1 0.7711403
84 1 0.5294144
75 1 0.8843647
7 1 0.79577655
6 1 0.6814968
3 1 0.7209254
411 1 0.7178708
352 1 0.83258575
334 1 0.67603946
305 1 0.9083843
119 1 0.8291537
111 2 0.4036746
104 1 0.9084051
96 1 0.4029288
938 1 0.9582345
904 1 0.61341697
756 1 0.5751456
638 1 0.8410328
607 1 0.6583975
571 1 0.47571886
536 1 0.38882828
532 1 0.9419171
515 1 0.8692997
285 1 0.8442213
209 1 0.8172679
198 1 0.6620224
187 1 0.7332697
170 1 0.39443013
167 1 0.6038707
132 1 0.9437241
130 1 0.62061244
7 2 0.43175957
97 0 0.5528016
63 1 0.5955159
2331 0 0.9879575
2297 1 0.57344556
2135 0 0.6437515
2133 2 0.54583
2070 0 0.6089613
2064 0 0.5350208
2051 2 0.91008985
2049 0 0.5953424
2046 2 0.94232297
2014 2 0.8563188
2011 0 0.6372556
1716 2 0.8673349
1714 0 0.77728415
1687 2 0.6528786
1683 0 0.74081254
1661 0 0.71088344
1627 2 0.9162898
1621 2 0.9056894
1469 0 0.6358491
1354 2 0.5976202
1328 2 0.8063985
1319 0 0.69111234
899 2 0.67475045
884 2 0.6833231
871 0 0.80316156
866 0 0.68246186
780 0 0.65114135
737 2 0.8155408
565 0 0.6736511
561 0 0.45719373
534 2 0.5953947
527 2 0.7364304
447 2 0.7162872
151 2 0.6195766
2092 0 0.74701554
2049 0 0.9597429
1921 0 0.69979316
1669 2 0.6186323
1542 0 0.99157745
1529 0 0.73895305
1456 1 0.47864085
1445 0 0.8475149
1383 0 0.5275568
1382 0 0.6884091
1229 0 0.84086764
1153 0 0.66851217
1152 0 0.71803653
1147 0 0.809856
1125 1 0.45181298
1050 2 0.71537036
1048 2 0.63171494
1046 2 0.66085607
1043 0 0.48757273
1037 2 0.7341294
978 0 0.74443614
540 2 0.60180944
523 2 0.6894728
522 0 0.6731422
463 2 0.8478694
423 0 0.85973835
305 2 0.40431753
267 0 0.7497286
193 0 0.69417095
145 1 0.4933414
100 2 0.749119
92 1 0.4609601
91 1 0.70953584
3 1 0.8272514
113 1 0.5299119
110 0 0.6780098
107 1 0.5390481
88 2 0.57637805
73 1 0.5171334
55 1 0.75827175
38 0 0.35757884
14 1 0.6316274
5 1 0.83584404
2177 0 0.81681275
2154 0 0.8364366
2119 0 0.6015719
2115 0 0.8272987
2095 0 0.7303377
2052 0 0.8528754
1974 0 0.9665997
1905 0 0.8364816
1895 2 0.71159667
1893 0 0.7893971
1850 0 0.9071402
1795 2 0.74738145
1736 0 0.7513309
1680 2 0.6484651
1605 2 0.5443954
1597 0 0.9655323
1572 0 0.87693757
1564 0 0.6358206
1562 0 0.8871473
1478 0 0.7031179
1473 2 0.59542537
1467 2 0.7289881
1365 0 0.8335141
1297 2 0.76583177
1261 0 0.5972699
1255 0 0.74363256
1240 0 0.7016817
1176 2 0.7069721
1175 2 0.68691915
1156 0 0.7740086
1148 2 0.7486855
1147 2 0.5362281
1146 2 0.58334666
1132 0 0.81644243
1120 0 0.5659948
1107 2 0.66296244
1106 0 0.794521
1094 0 0.62452286
1091 0 0.8086834
1065 2 0.6335376
1044 0 0.8380215
1030 0 0.7533004
1004 0 0.5657856
993 0 0.8071231
981 0 0.9877978
968 0 0.8133955
958 0 0.5910671
917 0 0.69212216
901 2 0.8856431
877 2 0.74594194
876 0 0.747634
799 0 0.6417237
798 1 0.8731719
781 2 0.6631345
764 0 0.9916929
743 2 0.55026335
731 2 0.8432049
656 0 0.8199808
635 2 0.56481206
578 0 0.780675
551 2 0.6415376
340 0 0.82496417
335 0 0.99040806
248 2 0.8312555
113 2 0.72426736
447 1 0.7410232
343 1 0.7248599
225 0 0.5941648
192 1 0.6035706
55 2 0.638786
54 1 0.75122994
21 2 0.71208495
18 1 0.55687803
16 1 0.67805326
15 1 0.64914876
14 1 0.641979
13 2 0.7564638
12 1 0.7093978
516 2 0.6753981
511 1 0.70758134
430 1 0.9161279
425 1 0.94643223
424 1 0.9938057
422 1 0.8071898
421 1 0.94162637
147 1 0.704713
61 1 0.68087393
94 1 0.7796549
631 2 0.7794854
600 1 0.7710878
72 1 0.8528061
86 1 0.7119698
5 1 0.7984258
30 1 0.7594434
22 1 0.46901786
21 2 0.6779524
558 1 0.66042453
361 1 0.7450858
193 1 0.88501024
13 2 0.6794017
5 1 0.8575752
2255 2 0.7852506
2165 2 0.7247782
2158 2 0.8206608
2139 2 0.6835487
1955 2 0.94785947
1908 0 0.9327281
1808 2 0.89795256
1785 0 0.95585597
1732 0 0.8065043
1722 0 0.90622026
1675 2 0.75504553
1641 2 0.8207897
1567 2 0.79914933
1553 2 0.6814487
1446 0 0.9511154
1346 2 0.89672947
1249 2 0.7845772
1243 0 0.8691177
1040 0 0.9896324
1029 0 0.95321417
1010 2 0.6209687
945 0 0.92844236
922 0 0.7075345
895 2 0.8147726
843 2 0.8206178
828 0 0.99032116
768 2 0.91933316
747 2 0.9232621
724 2 0.8645817
720 2 0.8207968
709 2 0.9139117
620 0 0.83833766
458 0 0.92807347
275 0 0.98990786
211 0 0.94321597
517 1 0.5444415
131 1 0.8928132
121 1 0.5484571
23 1 0.85865325
13 1 0.8077592
281 0 0.7768944
56 1 0.95316285
333 2 0.5471579
326 2 0.569805
241 2 0.84552133
229 2 0.65280116
188 2 0.7211827
187 2 0.8009277
168 2 0.9637192
150 2 0.9561712
146 2 0.8524421
140 2 0.5195177
134 2 0.737048
128 2 0.71480674
958 1 0.8582185
886 1 0.7494368
845 1 0.5803842
723 1 0.554544
605 1 0.90701646
561 1 0.56131035
521 1 0.72406733
265 1 0.6193608
261 0 0.5385856
211 1 0.5766771
206 1 0.72016907
144 1 0.64723605
105 1 0.8960942
80 1 0.884656
42 1 0.75239664
33 1 0.87732404
11 0 0.51463395
25 1 0.6721916
21 1 0.7159484
18 1 0.767428
10 1 0.96456486
8 1 0.5890692
2005 0 0.54250383
1789 1 0.41937903
1688 1 0.7632104
1559 0 0.72677785
1359 0 0.8685971
1203 2 0.78955114
1173 1 0.5461018
1108 0 0.9230214
1081 2 0.56087184
1012 1 0.4209707
1004 2 0.37567598
937 2 0.5347519
936 2 0.53472394
879 1 0.6891449
840 1 0.82952404
730 0 0.4105605
725 2 0.801966
557 1 0.5616782
447 2 0.47179833
429 0 0.53688693
428 0 0.5986735
414 0 0.74934936
336 2 0.9390421
282 0 0.5871347
239 0 0.61379564
168 0 0.5667088
124 1 0.6338132
87 2 0.5991721
75 2 0.8793949
16 2 0.9626175
3 1 0.86201185
174 1 0.78549194
152 1 0.719987
95 1 0.8096348
86 1 0.45659423
618 1 0.44715595
605 1 0.39884973
590 1 0.4340601
553 1 0.40065035
552 1 0.7148584
547 1 0.8065525
459 1 0.62584674
431 1 0.65187246
408 0 0.62064636
401 2 0.44811663
399 2 0.4915405
398 1 0.4352908
330 1 0.5914985
258 1 0.65329957
184 2 0.5357932
170 2 0.54118055
164 1 0.52188975
160 1 0.53978467
113 2 0.92820895
103 1 0.76718855
40 2 0.84977573
1043 2 0.8070703
1040 2 0.8023362
950 2 0.9026832
949 1 0.7975454
922 2 0.90069246
869 2 0.9257496
760 2 0.9293632
758 2 0.83033365
704 2 0.4296187
690 2 0.8467115
600 2 0.82429993
565 2 0.8775538
497 2 0.8395909
433 2 0.87633944
318 2 0.7867808
219 2 0.70067906
47 2 0.70556706
116 1 0.8333405
115 1 0.8763237
105 1 0.89232963
99 2 0.40537602
85 1 0.7856699
64 1 0.73991203
56 1 0.72603446
40 1 0.6517751
37 1 0.7567038
21 1 0.7464594
18 1 0.7533465
11 1 0.70885456
7 1 0.6063224
1 1 0.7339386
7 1 0.961047
11 1 0.43721247
24 1 0.77441174
171 1 0.5519874
140 1 0.8251751
132 1 0.8896587
128 1 0.81315184
3 1 0.49288425
4 1 0.7996781
87 1 0.7221191
70 1 0.51250726
66 2 0.45550328
53 2 0.55922484
45 1 0.6705958
894 1 0.50244343
853 2 0.6098645
680 2 0.4497902
662 2 0.7394642
650 1 0.73904836
647 2 0.4615786
622 2 0.5875756
603 1 0.7016495
602 1 0.54466736
546 1 0.52856314
535 2 0.5606388
528 1 0.40139315
505 1 0.7396475
487 2 0.45399478
474 2 0.571606
471 1 0.96448433
396 1 0.9702366
242 1 0.7537276
136 1 0.71040756
135 0 0.7261557
101 1 0.4534336
92 2 0.5899527
83 2 0.682518
43 1 0.54922265
29 1 0.69658977
417 1 0.7564748
387 1 0.44633523
289 1 0.57165784
244 1 0.43764424
190 1 0.5749337
126 1 0.77659416
113 1 0.6834398
5 0 0.93560815
37 0 0.46951813
823 1 0.592062
814 1 0.5628675
811 2 0.70487976
791 1 0.6223529
749 1 0.76902
704 1 0.7183665
608 1 0.5029359
596 1 0.7134958
593 0 0.61672074
450 0 0.9630974
406 1 0.7634724
217 1 0.7140525
135 1 0.6136845
92 0 0.55570567
59 1 0.48304817
44 1 0.51476413
180 1 0.6815659
170 1 0.8812155
151 1 0.7683092
143 1 0.7510288
54 1 0.8363896
17 1 0.8365141
14 1 0.9745411
4 1 0.8515051
8 1 0.46717522
34 0 0.6009055
44 0 0.792841
40 0 0.78876865
36 1 0.45913953
34 0 0.6041307
1 0 0.70330757
181 0 0.5488333
162 1 0.74914956
125 0 0.66833293
101 1 0.78853583
63 1 0.5107533
52 1 0.6931474
34 1 0.50086564
36 1 0.46677443
16 0 0.98057836
455 1 0.72461945
433 2 0.45050654
424 1 0.84533495
348 1 0.6316755
310 1 0.5970583
297 0 0.40356705
291 0 0.47343826
260 1 0.49747002
238 1 0.82001007
228 1 0.49715838
217 1 0.48364463
162 1 0.6328629
129 1 0.50560683
114 1 0.7089534
92 1 0.59827375
91 1 0.6740426
76 1 0.4918096
36 1 0.68501264
7 1 0.77220803
5148 0 0.60721385
5127 0 0.6069781
4672 2 0.6928236
4392 2 0.5571401
4287 2 0.60166
3766 0 0.95783854
3723 0 0.8745884
3576 2 0.53382635
3544 0 0.89169604
3540 0 0.6662232
2654 0 0.577951
2622 0 0.6958566
2431 0 0.8244505
2307 2 0.73103124
1955 0 0.9857132
1560 0 0.91319567
1511 0 0.7544713
920 0 0.6009385
823 0 0.56064415
438 0 0.8737009
425 0 0.84992045
359 0 0.9465831
352 0 0.83306223
236 0 0.6118394
132 0 0.7887947
112 0 0.43988606
8 1 0.75748914
4 2 0.5544676
3 2 0.8209515
3576 0 0.9890459
3455 0 0.89221257
3348 2 0.8160979
3338 2 0.78572947
3333 2 0.8911494
3312 0 0.6724728
3256 0 0.8969037
3182 2 0.6928847
3177 2 0.68526244
3149 2 0.8573617
3118 0 0.7509266
3097 0 0.7802592
3057 2 0.84345573
3055 2 0.8533677
3054 2 0.8591561
3028 2 0.84359384
3014 0 0.93356836
3000 0 0.8416437
2977 0 0.71187526
2971 2 0.87722546
2948 0 0.4231283
2926 0 0.51139313
2925 0 0.72853345
2891 2 0.5955304
2885 1 0.55578536
2860 2 0.7812431
2798 2 0.77322173
2698 0 0.8284742
2689 2 0.8507323
2660 0 0.8817574
2639 0 0.72570646
2566 0 0.44248608
2564 0 0.9877149
2549 0 0.86723036
2486 2 0.9082206
2417 2 0.9045497
2416 2 0.87635165
2407 1 0.40044355
2388 0 0.8412246
2368 0 0.63834465
2315 0 0.6697381
2299 2 0.8631334
2209 2 0.87536883
2168 0 0.5623881
2147 2 0.852866
2126 0 0.7783031
2069 2 0.9828371
2044 0 0.7614428
1995 2 0.7399835
1981 2 0.797038
1977 2 0.71370804
1912 0 0.75826615
1880 0 0.727113
1787 0 0.87841845
1786 0 0.8050367
1726 0 0.51673526
1672 0 0.8145167
1663 2 0.7838196
1567 2 0.5420522
1548 2 0.85520506
1539 2 0.5853788
1488 0 0.9863907
1479 2 0.67539334
1477 0 0.514539
1345 0 0.76432604
1292 2 0.5348866
1242 2 0.7019597
1231 2 0.59390044
1196 2 0.7751902
1154 2 0.7051018
1101 0 0.41699025
1100 0 0.36191916
1095 2 0.88034385
1058 2 0.6216536
1057 2 0.664668
1035 0 0.79402393
1034 2 0.66893816
979 2 0.81820244
946 2 0.52042836
939 0 0.52221304
881 2 0.5791384
848 2 0.59100974
558 2 0.7474314
459 2 0.7274502
43 1 0.5605642
40 1 0.93000335
606 1 0.7523801
601 1 0.4669945
594 1 0.59104055
528 1 0.56501484
427 1 0.6813985
419 1 0.8239905
291 1 0.6545337
231 1 0.50046045
194 1 0.8501502
173 2 0.59780324
116 2 0.45507738
975 0 0.9619835
918 0 0.84442645
800 0 0.9716274
691 0 0.5347174
519 0 0.75656855
361 0 0.87345254
524 2 0.49159217
352 1 0.91631734
345 1 0.69555795
333 1 0.52921045
332 1 0.65263414
301 1 0.71348774
280 2 0.80890185
276 1 0.61749196
201 1 0.60749817
121 1 0.74847066
2508 0 0.6164174
2447 0 0.7547958
2169 0 0.7704469
1839 0 0.5798668
1815 0 0.8337576
1731 1 0.5772524
1590 0 0.4842156
1513 0 0.84330904
1426 0 0.8559884
1232 0 0.84341246
967 0 0.9895537
676 2 0.9278507
529 0 0.5228773
408 0 0.7584668
9 1 0.98564154
4 2 0.6549778
4 1 0.93115664
193 1 0.9193297
165 1 0.7798771
160 1 0.56889874
284 1 0.83285546
242 1 0.5932884
219 1 0.8434057
212 1 0.8902453
2215 0 0.9907234
2178 1 0.72857624
844 0 0.91855586
617 0 0.8964848
501 0 0.9403509
200 1 0.7886708
218 2 0.80236906
197 1 0.9847577
99 1 0.8913563
87 1 0.80607575
2866 0 0.957304
2673 0 0.9864111
2564 0 0.956511
2522 0 0.99070424
2506 0 0.9887446
2495 0 0.9782228
2459 0 0.9668395
2389 2 0.76834923
2172 2 0.99070853
1991 1 0.58082664
1762 0 0.98881525
1596 2 0.95016617
1535 0 0.9838076
1507 0 0.83742183
1276 0 0.99030185
26 0 0.39508978
257 2 0.64111936
218 2 0.872705
75 1 0.5590845
2 1 0.94238055
52 2 0.9498187
82 1 0.9409461
13 1 0.93513256
12 1 0.8810589
3 1 0.5398404
76 1 0.95771974
80 1 0.9667539
60 1 0.7682103
20 1 0.7385286
17 1 0.85750824
16 1 0.8946764
12 1 0.8420985
4 1 0.7075061
19 1 0.6229921
6 1 0.79343253
75 2 0.92746323
60 2 0.8386189
73 1 0.9058268
2489 0 0.8070894
2485 2 0.9885621
676 0 0.8919743
271 1 0.68766826
261 1 0.7414729
148 1 0.9155587
131 1 0.88803124
71 1 0.71583194
60 1 0.7203954
1 2 0.70123225
72 1 0.61467916
33 1 0.7450952
25 1 0.5739746
106 1 0.555257
85 1 0.9285188
212 0 0.6097464
175 1 0.9028314
165 1 0.97201663
44 1 0.9821495
14 0 0.5957254
105 1 0.7264075
77 2 0.7294667
92 1 0.92093575
91 1 0.6565921
66 2 0.94062203
285 2 0.5657744
171 2 0.8957426
11 2 0.629996
9 2 0.74491024
45 1 0.77957517
88 1 0.9303749
84 1 0.8646995
20 1 0.947536
19 1 0.92072654
164 1 0.6496875
208 1 0.94744086
204 1 0.9276033
181 1 0.6779755
3 2 0.7741108
255 0 0.7828972
241 0 0.64955515
203 1 0.7157016
186 0 0.48320124
29 1 0.49860427
3 1 0.9597489
198 1 0.9461249
33 1 0.7733768
