51036880 1 0.7267324
38176073 6 0.5920798
21434606 4 0.8443748
35883793 7 0.46611276
53488122 8 0.4058664
13959788 4 0.51606995
36667151 7 0.640942
28816617 3 0.35793534
13548656 5 0.7350365
27290218 3 0.35367554
10814071 4 0.84248424
13058981 3 0.5153805
350299 5 0.75700015
1619117 6 0.33439785
764565 1 0.47733018
39694048 2 0.5502105
3867714 1 0.68935144
53814361 6 0.89640254
2258781 3 0.5526311
19705532 5 0.5805853
22902108 3 0.28544578
13173543 8 0.84224397
6563391 4 0.8566267
42944100 2 0.6279551
18800342 5 0.4891127
6162205 6 0.63539404
1736161 5 0.38428333
14456969 3 0.47633696
15999431 4 0.9865258
28030211 2 0.4794728
36248622 7 0.46160808
2260799 7 0.5705072
13747212 4 0.88879204
15321266 7 0.6662476
20128233 1 0.6343209
19647901 8 0.37175244
33295672 3 0.48749092
25509989 8 0.4808571
22174347 6 0.90878886
2761458 7 0.41122127
50934229 3 0.5323841
11969043 1 0.2577816
11135420 4 0.8981588
9324697 4 0.35806775
44018724 2 0.21234876
56641363 8 0.5807781
9778840 1 0.3412794
26343554 7 0.5219513
56366171 3 0.6250977
4943146 4 0.610373
26722754 1 0.38389146
5411273 8 0.47978964
8482356 0 0.64693964
55860171 8 0.36666957
51922290 4 0.58326495
36851158 8 0.6326711
4404940 7 0.70322
54384552 8 0.38492686
3431842 8 0.58897024
4976159 7 0.38747588
56789525 4 0.91656536
21295829 7 0.83231163
3705492 0 0.6854532
38029778 3 0.54771346
23377648 8 0.3161536
1024730 1 0.57115436
874634 7 0.6452005
8065475 7 0.7592227
46342071 7 0.4150711
38271583 3 0.34990463
54069618 4 0.57042617
55794182 3 0.5051925
20212269 6 0.87905216
7420141 7 0.4397257
9764739 3 0.34742725
40028814 2 0.26108927
45111506 4 0.7304951
56696785 7 0.92241496
20132654 6 0.5406329
14694270 7 0.6699399
38260306 6 0.6655882
4084979 4 0.8130235
57068729 4 0.82769305
24758013 4 0.7173462
45265003 7 0.47995797
26539240 8 0.87704253
953118 7 0.2204936
7103705 3 0.6082429
8818177 3 0.44870347
16898542 6 0.7840196
51903709 7 0.40186083
14689340 8 0.37019756
435408 2 0.7031306
28324563 3 0.37767723
36987938 1 0.4802131
1723721 3 0.5371022
9736685 3 0.657038
9210037 6 0.47941217
3393557 6 0.36015075
24619503 4 0.8309262
52442655 6 0.66990876
2123586 1 0.4090441
34737348 1 0.6052196
28311117 3 0.4534073
1955343 5 0.4282519
28789553 8 0.3873427
54273773 7 0.37496564
5569959 7 0.6452055
36740678 1 0.46586275
615954 4 0.92959386
3201896 7 0.54958296
1584807 7 0.30459252
23246031 7 0.30459028
41757080 0 0.6573913
48199506 6 0.27750567
33548932 0 0.46353075
17902653 2 0.20286807
22983834 1 0.273612
26852216 6 0.4885377
39263396 4 0.479386
49135732 4 0.8081197
34860399 4 0.8317959
5460712 6 0.3515068
52343418 4 0.87744147
5193854 6 0.49364495
31545395 0 0.71692836
7074102 2 0.5529474
7586265 4 0.32540408
36317824 6 0.7426204
28378882 5 0.7015899
17785691 5 0.42374682
3688447 8 0.37365887
24818421 6 0.5286998
526576 3 0.57244885
33504004 4 0.68297714
33804735 2 0.58887476
2575435 2 0.35945365
932423 7 0.6285027
17407984 7 0.36354256
9634868 3 0.65666175
26024155 6 0.47490564
13409801 0 0.5977958
9255173 4 0.63982606
24561978 1 0.5025809
53538621 3 0.4125665
33944102 8 0.44464576
11750964 2 0.81513584
46007067 1 0.3945629
53489097 6 0.37265003
14495058 6 0.79648626
29415388 6 0.88421196
31658542 4 0.7080616
421458 6 0.43900463
20079299 7 0.3742343
4776863 3 0.6591041
31032770 6 0.7333873
28268895 4 0.7358876
20382570 7 0.4283388
3758575 0 0.4316072
29474050 7 0.4941233
4309152 6 0.58630764
46599010 2 0.35461706
40793515 8 0.47967273
36225656 2 0.32390478
8755314 5 0.6280597
40224233 0 0.5349791
12452073 7 0.5032429
26385317 4 0.97833467
11892873 7 0.4656635
6100804 4 0.69932425
7047399 3 0.46526557
6988211 4 0.5012578
9628606 1 0.36850688
50438267 3 0.6417871
47661306 4 0.7269784
18722978 3 0.50895
16610064 6 0.95461816
36446608 4 0.6706874
1641415 4 0.5074206
23922739 4 0.842644
25433282 0 0.71858203
49661142 4 0.5832075
2262672 6 0.41896996
13648199 7 0.35054693
1985812 7 0.4919
19738989 2 0.62404025
17344489 7 0.4252135
22432685 6 0.504615
7157151 2 0.47335875
29988869 4 0.80286646
32439598 3 0.33456013
4650636 2 0.38543501
13360932 0 0.71904874
14271470 2 0.43367243
29482022 0 0.9782024
10054601 6 0.7005209
27588829 6 0.43682367
25050109 0 0.3857529
6117679 2 0.3110579
53071071 5 0.6470032
19782047 4 0.62919164
28894121 7 0.3607284
15926873 5 0.35390386
12363606 8 0.3619871
807943 4 0.6069968
2551368 7 0.687972
2157272 7 0.31833655
6104910 6 0.93941104
36669956 7 0.7234835
14173354 0 0.69669586
6489606 8 0.2353978
14882674 4 0.8153593
14512378 3 0.46443173
39376428 7 0.5003797
39496190 5 0.45379663
52900394 2 0.53443754
3002828 7 0.40438047
41093200 6 0.3312354
7128924 4 0.8954222
35999032 0 0.52057856
21295938 8 0.59115785
28050513 1 0.5180578
9849253 3 0.46199337
3059483 8 0.6686983
31233636 1 0.65077865
24356870 4 0.549287
9469052 8 0.43009618
21380307 3 0.4505097
21199191 2 0.479846
4711787 5 0.33837417
8409648 7 0.5587315
41795453 0 0.42769906
48189288 7 0.57575023
18677114 2 0.3586273
32994391 3 0.37742165
36144564 7 0.5710915
22916103 3 0.58501464
42367246 7 0.48163885
9576665 3 0.57428
25760766 6 0.48256186
37913491 1 0.2956991
16863995 7 0.4935426
37445584 7 0.47512686
6967726 2 0.52788025
234590 0 0.4413429
36604367 6 0.33266103
12334536 7 0.8195172
25794541 8 0.6273906
5137310 4 0.4497633
76408 1 0.30401278
2192948 4 0.39528567
1557487 8 0.2695401
7996726 0 0.3398251
34910715 1 0.7404724
18108012 3 0.50326407
20708387 3 0.46953744
19455137 1 0.61089
32309111 5 0.55622727
1582511 6 0.4490613
52289766 4 0.81546474
13121356 6 0.98986244
39418014 8 0.38153765
5350108 0 0.27655005
14739942 0 0.32137465
25191179 6 0.78094923
7192401 4 0.612444
41854975 7 0.6973367
48231659 7 0.5201397
15265820 2 0.5063475
48819317 2 0.4949927
23748094 3 0.57785624
47245063 4 0.8174918
14606988 5 0.3645778
57302439 2 0.47129264
21529446 2 0.43363568
18288756 6 0.5471913
50192125 6 0.4321283
37296931 5 0.38730922
46890642 2 0.6050068
46840706 2 0.5738073
36819802 4 0.67619294
29148991 7 0.82394606
23673040 5 0.38385916
3817642 4 0.8587437
40342763 3 0.8233405
33377412 4 0.9830693
14348538 1 0.39035285
19936454 6 0.67988336
20164585 7 0.6577856
55523440 4 0.6738108
35248564 4 0.75980777
23348229 6 0.8954229
35978632 8 0.66396374
34934946 4 0.43869737
13369588 3 0.67527056
56600728 7 0.30918944
33324046 6 0.6772974
5370837 6 0.8135126
25517095 8 0.4964177
54185143 4 0.867749
35750919 3 0.4252355
247110 5 0.4487219
15399467 3 0.561038
7483451 1 0.4569645
23736761 3 0.4545893
31680804 0 0.7071998
22229750 8 0.53475565
6419192 3 0.6649308
3873955 2 0.34000838
45974990 3 0.70685357
55962162 8 0.40622467
26117702 6 0.3769956
31468093 6 0.532233
51679827 2 0.5342688
17751233 7 0.3289841
22052473 7 0.4872451
25779449 4 0.35212103
57590229 5 0.59433573
1081025 3 0.40150645
40409876 4 0.8618921
48005046 3 0.6247631
21950763 5 0.46075526
4525558 3 0.52226704
28550999 8 0.4452786
18005099 5 0.46995267
1154281 8 0.5451214
55549846 1 0.5601318
16338726 3 0.5744803
16800647 0 0.40431932
23282069 8 0.8005069
2848481 1 0.3671302
14799576 4 0.412366
31307989 6 0.93489325
13749677 7 0.5049393
6718513 4 0.56099725
33311837 6 0.5885888
13020166 8 0.6259256
2780247 8 0.4557866
6232732 3 0.5715331
6700701 8 0.33925632
253724 1 0.31285286
54374158 2 0.6601728
23323669 8 0.42724606
39956290 6 0.6194908
1680022 2 0.8922309
16293350 2 0.49833617
9526479 1 0.40352544
6091962 7 0.45571885
24369633 5 0.32320777
50826737 8 0.72362715
44488056 7 0.43714482
43057945 4 0.69337046
20860641 4 0.49059016
25477399 7 0.41328233
9759283 4 0.9941665
5255974 2 0.34462586
49370831 2 0.7509531
44221153 6 0.6195815
50049430 3 0.8337999
32333 5 0.3113757
43426943 5 0.55619913
18726322 2 0.64290404
33929712 4 0.8852596
19958796 7 0.7672321
12984148 8 0.46277517
5171487 4 0.36548737
18476406 7 0.405012
8675818 7 0.50243884
34737678 7 0.34961593
5800349 7 0.3905345
11044324 4 0.9099934
29452380 2 0.65601486
12207350 4 0.7849504
54564195 2 0.44954622
17305026 7 0.37688127
45518870 4 0.8680371
34771819 6 0.59016514
21783819 8 0.69619787
49278951 3 0.44032347
22430437 8 0.5326971
7782964 4 0.35051098
35084072 6 0.4271009
27730170 8 0.41628528
42840023 4 0.8683545
40122403 4 0.9453891
1660405 4 0.56379646
22921895 0 0.8868893
22853376 8 0.39260542
43124464 4 0.7099471
23075389 7 0.60361546
41286208 2 0.25064594
26435907 7 0.3547255
5447650 7 0.64283943
53007718 6 0.5588387
51294427 8 0.51084936
43591611 2 0.4348761
45451680 4 0.7695566
28116670 4 0.32266265
2785978 6 0.4529219
7473269 4 0.9898177
14546188 6 0.9817227
3074703 7 0.5166333
12118406 1 0.3216055
33337567 5 0.410877
53787874 8 0.51163167
23708799 6 0.36546254
3282710 6 0.5620104
8600314 3 0.39375293
6144432 6 0.41583383
33971676 6 0.7649087
13563550 6 0.8266766
22945675 2 0.29782277
604924 5 0.24364156
19151223 2 0.2765029
53618774 3 0.3438733
15030548 6 0.7106529
14258719 5 0.56902266
36035804 6 0.71449775
52829221 0 0.7477806
27814716 4 0.60545665
117141 0 0.44067436
27034190 5 0.54455376
12521801 0 0.3510702
6012005 7 0.39179525
2501871 1 0.32471457
3152284 0 0.5481379
55994317 7 0.98915416
44899255 6 0.8543191
8828629 3 0.39882544
7069848 3 0.46815726
7545075 6 0.41818956
35117602 7 0.8523468
6409536 3 0.4331575
11769952 7 0.64904946
40165551 3 0.4462962
26433760 5 0.6169355
1511283 0 0.37560195
10166896 1 0.5428666
17048761 3 0.62220436
11451161 8 0.32753542
47804821 3 0.49004054
28756073 6 0.34720317
57248264 3 0.785738
16883540 2 0.42985678
18624051 3 0.26727194
562250 7 0.386197
22003015 4 0.82946956
17558347 7 0.38720423
26388243 5 0.3027978
36033300 4 0.53100044
11006895 7 0.9832364
53954399 4 0.23001082
8398137 7 0.5563315
30204321 2 0.31814978
933199 7 0.9312409
22591778 4 0.66500854
1901761 8 0.5199647
31650974 0 0.39391464
34945217 6 0.45805022
38130875 3 0.48548973
3417521 3 0.38503063
3690161 2 0.44188836
41088912 6 0.40207514
11275877 3 0.6071368
35673799 7 0.30488992
9146217 5 0.40793782
1640342 2 0.49684614
24269743 4 0.61590487
42928670 4 0.7943361
23613510 7 0.8378775
23881045 8 0.50762105
11337630 3 0.48020768
22304989 4 0.9918246
3111869 6 0.3637374
88311 7 0.68667716
1565052 3 0.57371265
44446313 8 0.34231687
32916348 3 0.61232185
16528350 3 0.42103195
23755764 0 0.23016378
43232834 4 0.6877411
1921043 7 0.33310232
16681753 7 0.7901572
24792868 4 0.7970827
34867253 3 0.40799874
34436231 0 0.72312266
22771761 7 0.66986686
4635837 4 0.99134403
43100485 6 0.6886348
7354632 1 0.5146299
57195596 4 0.4023661
45468848 6 0.42205426
29300599 3 0.4412572
1266605 3 0.56603605
11822557 4 0.7719955
26144068 4 0.7670062
37714099 7 0.6900736
8942790 5 0.7075613
27853371 3 0.5100606
12315610 6 0.47881848
38293211 4 0.49404868
38925961 2 0.27491325
15040964 8 0.47814375
8692313 5 0.32037708
14407156 3 0.32577115
41192874 8 0.46575388
18676678 6 0.59486765
50136239 6 0.621468
39904592 4 0.9371476
26466284 3 0.33128157
41691575 6 0.74323905
14462362 2 0.53438973
9831274 3 0.36441356
4198562 4 0.40778378
33628946 8 0.7358851
14563791 4 0.8118393
7284820 4 0.5291614
42972675 5 0.433744
52374655 1 0.53650576
17311623 4 0.8706526
18055123 4 0.52096915
24735091 6 0.6598508
12753817 0 0.4771606
52298171 6 0.5367681
10892968 2 0.7134669
48373878 3 0.49200767
4564129 6 0.34999618
9203538 8 0.43628404
45401255 2 0.37157497
1628566 4 0.53348
37898034 4 0.5156705
23529183 3 0.35810003
47045450 7 0.4800915
22263459 7 0.37507328
42170239 7 0.48516032
19707812 5 0.76196206
52998678 1 0.42429402
18465564 3 0.4050948
9644434 0 0.5565562
9586845 2 0.8969484
14785257 2 0.3941306
8144186 3 0.41203886
57853968 1 0.33954278
58063580 2 0.3194373
58378447 4 0.83922833
58536441 3 0.4860785
59154781 1 0.37192962
58835733 1 0.5444388
58993742 2 0.6576593
59798637 0 0.87265134
60197579 8 0.39775047
60506612 8 0.3517036
60656319 8 0.5166669
60895344 4 0.9200681
60949908 4 0.884718
60962653 3 0.57767004
61121073 5 0.6513819
61277674 6 0.5483328
45718565 0 0.64735717
41339536 6 0.6300699
49149117 0 0.5967978
2674959 7 0.74530226
22674498 1 0.7291056
32110993 6 0.753626
27232823 4 0.8592819
4695207 4 0.6365891
43655176 1 0.4249442
6347187 0 0.7159075
27393694 5 0.6651407
28294090 0 0.6549185
55725570 5 0.2751084
27949203 5 0.4384458
29926101 0 0.80052775
33467719 0 0.72722167
9245321 7 0.5559164
51058178 2 0.40912315
24604019 0 0.5504287
11041791 6 0.41187447
10181193 4 0.9702396
31625326 3 0.40081826
31010006 2 0.88512784
35332615 6 0.8892401
25333254 0 0.71122277
1265654 8 0.6294329
22280782 2 0.5724014
38934615 4 0.46766147
49922918 7 0.39041865
48797735 4 0.47773743
2153681 6 0.5332126
47764890 7 0.6010912
20060894 0 0.6086632
47660461 6 0.36940545
47676948 3 0.5040671
43061503 2 0.5839759
32596645 7 0.6365065
28029529 6 0.8109744
34898302 6 0.8525191
20550397 2 0.58838576
34125745 5 0.47445425
7087415 0 0.6309922
8317640 6 0.83821255
24553904 7 0.54216
30676604 6 0.5977652
9915820 6 0.79940206
26506654 6 0.44881833
9969661 0 0.42231512
19284392 5 0.43782598
27839078 4 0.6870666
32629811 1 0.73712796
53427665 0 0.53101695
42350492 6 0.44121096
36691938 5 0.5747825
5208740 4 0.69401497
7195866 6 0.6370787
5296532 4 0.93906534
22449934 6 0.6912438
28235569 4 0.90400636
22120749 1 0.40154338
2799814 0 0.5457909
20118378 6 0.50875354
22836644 6 0.5902878
11752186 1 0.6380091
21891614 2 0.53888893
13607317 6 0.81431895
1862710 4 0.9580263
19230521 2 0.97961366
57549697 2 0.58554184
16746592 1 0.6954104
31082478 4 0.5140904
26751077 6 0.7437177
14391312 4 0.6567646
6024078 0 0.5773407
50236606 6 0.6946444
20655244 1 0.5539561
25010718 8 0.53315294
42231431 4 0.912609
44121543 6 0.445984
20895735 2 0.7776057
46366871 2 0.60614955
17269246 8 0.7308903
5811167 4 0.42521143
21509245 6 0.63044083
8841101 6 0.649619
41535899 8 0.47729382
31828423 7 0.5375647
22703252 6 0.5283151
10092318 4 0.8928316
17583980 2 0.31872094
12028910 7 0.7850328
2929993 8 0.51140285
5114250 6 0.42677942
4709109 4 0.5564812
55606510 0 0.67818284
13171420 1 0.40162584
15446341 1 0.8548922
54431795 6 0.85137683
53163836 1 0.27465385
48013546 4 0.5594556
24429910 4 0.908178
49410600 8 0.6394222
14844607 7 0.36951643
16804820 6 0.55950606
14837255 5 0.26401028
16343465 2 0.8076167
13588382 6 0.6675833
16377970 1 0.66482663
31152186 4 0.66501653
27954274 2 0.86594355
20020851 8 0.3155443
2151171 8 0.66732335
6153151 8 0.46627548
5798873 6 0.44653025
13544209 6 0.7420216
9934394 8 0.42586413
38927769 5 0.6716762
34756218 1 0.5423405
29968808 6 0.46925718
33110846 6 0.35847664
8682890 7 0.85266566
25289512 1 0.72389144
25395964 0 0.70852166
1674625 5 0.31823322
44228124 4 0.87318254
2870880 2 0.72845876
10615140 4 0.43755254
38263378 6 0.8607702
57619166 5 0.49545008
18535759 7 0.36920366
8486081 4 0.7094436
30965696 0 0.51950127
35008843 0 0.8134091
32103288 5 0.42313376
49687269 7 0.9852196
38484724 4 0.77627754
40243525 6 0.6821193
57639504 0 0.5285605
34251400 5 0.3388118
5837972 0 0.73268604
30140440 2 0.82512265
2209105 0 0.57455635
39816967 0 0.40542376
51051897 0 0.50141704
25307044 0 0.77350825
36253255 2 0.74026775
43838245 6 0.93140185
15460364 2 0.87444496
12520314 2 0.399988
14819304 4 0.61840016
47061785 0 0.5597397
13684446 7 0.56408733
33507250 6 0.759814
29801789 4 0.31583673
51872257 2 0.5044964
9108680 0 0.34446788
41578279 6 0.817324
19463827 0 0.77028614
753759 0 0.40115067
28706358 6 0.89627635
11131201 6 0.44573894
30331624 6 0.4507378
21588057 0 0.62529075
34736842 6 0.44898543
30183479 4 0.59933573
2589928 0 0.60873127
42499787 1 0.601693
18243055 2 0.8613697
8031113 6 0.8492043
19285267 8 0.4278617
54128677 5 0.5223791
9764235 4 0.59085184
22845606 1 0.4219537
30843068 2 0.5022899
6813261 6 0.57751167
6977910 1 0.42656755
39490399 2 0.5300156
6753043 8 0.43199655
34553147 6 0.86501837
50796105 4 0.86868083
4452161 4 0.5061861
15777341 8 0.46582904
1532137 7 0.61090314
15413114 4 0.66689986
7021410 4 0.8094127
18686851 1 0.46903867
27036907 4 0.5515961
5270386 4 0.7385992
33622369 6 0.36837918
5579665 4 0.72962743
7735742 6 0.59926826
38992646 0 0.90694827
49477017 0 0.33939418
32625570 4 0.631768
9199660 0 0.64178026
26600339 0 0.64269716
15973285 0 0.6413808
25447685 6 0.84429926
42420098 4 0.8644661
33831960 0 0.4703469
2312161 6 0.46461865
33229054 6 0.8848099
44496629 0 0.8067412
21591600 0 0.802951
36498494 6 0.88087416
45193627 8 0.428199
1690138 8 0.5486984
1224694 7 0.62449455
12059075 2 0.6312534
51488543 8 0.44569975
29330445 0 0.7854442
1021798 6 0.6619383
23590752 0 0.39852408
22264625 6 0.6273824
38495656 6 0.5249365
25814210 0 0.5036153
13869585 4 0.6686919
55980288 4 0.49833518
11542884 1 0.52441645
4899617 1 0.34242117
12077788 5 0.9198086
53940108 6 0.63679403
23700507 7 0.39979303
33580788 6 0.7391234
49164214 7 0.9332685
14005167 4 0.964589
10833113 4 0.4240363
11622011 4 0.76577646
16163353 1 0.4565186
41657808 1 0.49328947
48058473 6 0.3482959
12994050 0 0.76756483
12662902 4 0.7580489
9991687 8 0.544238
15363522 6 0.9576669
13260720 0 0.66987365
1083546 4 0.47041693
34045044 2 0.4249637
34121393 0 0.59736663
20906839 4 0.88062406
2889933 5 0.61477953
50491575 6 0.52687395
2330994 7 0.45100778
55869841 6 0.54679775
40405633 6 0.60294366
20480812 4 0.89512223
56741153 4 0.71679354
30515662 4 0.64087796
34266213 0 0.35469526
6241810 8 0.5493713
2123362 0 0.75511545
2301765 7 0.91775316
23684596 4 0.7167515
17216652 6 0.78854644
55303344 6 0.6735828
2858345 4 0.32070225
1475128 6 0.6416609
37904394 2 0.36187932
44892936 1 0.47830895
28808345 6 0.6423682
5548836 7 0.6382234
102496 4 0.58576816
16320852 1 0.8730383
48987947 4 0.74363095
13445625 0 0.52335894
16223160 1 0.79269606
35103270 6 0.71536714
7174495 6 0.43789223
47885739 2 0.9341089
21544683 6 0.4258193
16423222 0 0.3378965
55301705 6 0.7686089
35091739 7 0.39030135
8718949 6 0.5615845
3818165 2 0.46145985
26209977 0 0.7169824
41463685 6 0.40860647
6475469 4 0.992504
31568652 2 0.36658922
16171128 1 0.53667307
34300276 4 0.87958103
12506178 0 0.750715
15311746 5 0.66571677
45703141 6 0.8135013
51938473 4 0.7477504
17998637 6 0.69976276
36530112 6 0.9130772
21257840 7 0.4274365
8080525 4 0.8974386
47915834 6 0.5706091
28290608 6 0.5787298
33044533 4 0.7935486
3466975 8 0.39795652
23190868 0 0.71709895
35972274 1 0.46059987
3593964 1 0.7549639
46731674 5 0.6351267
30158702 4 0.47852376
44150700 1 0.7087125
17196746 7 0.7290681
7207122 8 0.41673303
48356451 1 0.54972774
40986876 4 0.55103064
45013218 1 0.37131208
18616774 6 0.7655916
9246262 6 0.9406048
44619662 1 0.63735944
367079 4 0.7150857
34973188 1 0.61292344
1223586 8 0.3354453
28289781 1 0.5642833
986866 5 0.42779374
16945880 0 0.32393795
57577063 5 0.5979308
10285350 7 0.42182413
21521975 2 0.72727436
34827363 5 0.5883718
1700882 2 0.42354816
27285185 0 0.54933214
10405356 5 0.5002262
19800262 1 0.4220058
24209480 3 0.46104923
55449353 5 0.4695953
23897281 2 0.51737535
53950491 4 0.9916969
22772241 4 0.34857935
30857003 6 0.4660015
11152234 6 0.5430173
24736058 5 0.33254954
24651088 1 0.31302062
13990523 1 0.5143486
33787533 7 0.5126894
5377290 4 0.30375582
23070936 0 0.4883764
44399635 4 0.3753654
42694983 7 0.6453984
29741415 5 0.4547948
56173355 1 0.7024889
53205549 3 0.2502908
9469491 4 0.5678593
6193967 8 0.51345426
29981406 4 0.8342966
20001716 0 0.86823636
31620714 6 0.71789366
22340673 0 0.8134456
12469620 4 0.8016728
6479611 5 0.368974
28057687 2 0.6544378
29909227 8 0.7752379
48061932 0 0.9750314
9401417 4 0.7459975
19849198 5 0.48838228
44624843 8 0.33931237
37667617 2 0.61570436
26723090 8 0.5877431
15147140 0 0.46938562
43598545 4 0.37356305
54034431 6 0.4984109
45013354 8 0.358241
32081132 7 0.484068
38485181 6 0.6565307
24922486 7 0.78474283
24422886 2 0.59927815
7239647 2 0.6601091
57263099 4 0.5981397
36987778 0 0.82236534
34424313 1 0.6255632
9557482 2 0.55969197
51984805 0 0.7472691
21263991 2 0.57477534
9336884 5 0.43046367
2711709 7 0.55343497
13264111 6 0.64749664
44396464 7 0.5438399
22605547 7 0.51815504
27554120 1 0.5008387
22898516 6 0.4582741
44567649 2 0.42683464
21427447 0 0.49182907
38799370 4 0.70401293
3746714 4 0.68903977
3778311 4 0.42681086
30455110 5 0.4880296
26180628 2 0.58252233
34395588 6 0.9881719
8194187 7 0.91781294
18870913 6 0.4677747
19661508 4 0.64685464
50540142 0 0.8846242
31329468 6 0.92326826
31574447 0 0.5682685
22550213 0 0.43745384
30848382 2 0.4924786
41125720 8 0.49962226
6497752 5 0.43679845
53639847 0 0.4804144
51205249 0 0.9075821
24283037 0 0.7940841
28640175 0 0.6437985
50678917 8 0.3911604
24565159 0 0.5947488
7176522 6 0.846351
3362873 5 0.46192273
46570108 4 0.83143413
49250034 7 0.7315928
9524877 1 0.5752982
37520734 6 0.64901835
20150775 1 0.48807508
1180076 6 0.7981003
27764473 6 0.28918415
28719646 8 0.53776973
35383756 7 0.7213057
14015137 2 0.36378914
31216689 6 0.6076375
8073365 4 0.63820904
16848035 4 0.951838
37815109 7 0.47290906
42294617 0 0.61581206
34387798 6 0.8696742
40824841 1 0.2713584
56433859 7 0.62961066
51974291 6 0.47384733
44687220 4 0.9094048
23159866 8 0.5745983
16205605 1 0.37811682
39132403 8 0.4200282
26571101 4 0.57079285
30236789 2 0.7641271
1938430 4 0.8585272
27166128 8 0.3326048
45680462 2 0.48860696
28143765 6 0.83040035
46742588 6 0.9116213
47510915 4 0.7480647
47906465 8 0.5158028
22162350 3 0.7406378
27664479 0 0.75166047
50338003 2 0.78701204
32118447 4 0.28099033
30814230 0 0.41630706
19339354 6 0.73376715
38006679 7 0.4308977
55364683 5 0.5600164
51436351 4 0.46525976
45824426 6 0.53673583
27604347 6 0.32632393
33443740 8 0.5062715
19294448 8 0.4577111
25759279 1 0.3854185
55380556 6 0.81245005
37139590 4 0.74171686
787894 6 0.41556904
40077324 6 0.86028916
13519335 1 0.45693192
36142117 7 0.31025234
8808416 4 0.74584496
25374185 4 0.97367483
17740292 6 0.5226732
38193606 7 0.5221191
49216909 6 0.68888956
22331333 0 0.7120861
13241489 4 0.8061211
2864743 2 0.33127785
6204351 5 0.49923238
15495617 0 0.57655704
37073514 6 0.68011206
53160909 6 0.9207671
28363512 2 0.7300454
42794322 0 0.77870387
4915643 4 0.73931587
4749579 2 0.5436557
36544949 4 0.51805645
52468607 8 0.5367802
21811026 2 0.96869445
2171303 5 0.40278396
11395094 2 0.5371217
9753147 0 0.83465815
22775294 6 0.43902096
22336048 2 0.73165154
2015984 8 0.3310246
29793319 6 0.69463646
40834691 0 0.87572724
39705580 1 0.6492946
21945357 0 0.5047636
25485635 5 0.43660295
10411625 6 0.90985966
36575977 6 0.736292
33970788 8 0.7418016
34309289 0 0.8490841
39078068 4 0.68196815
235759 4 0.7761578
45222683 2 0.5268289
18978179 4 0.42218027
14217916 1 0.6482085
10676459 8 0.4855552
54858207 8 0.31088462
5634232 5 0.2834765
55526927 6 0.69674027
24946802 5 0.40209123
11307852 0 0.45493108
15929401 4 0.46699166
15821200 8 0.57404006
47596111 6 0.62383616
37342663 5 0.44915336
42490449 0 0.593657
6491267 4 0.6985911
20771177 8 0.5630077
26858240 1 0.85936093
29470637 7 0.6876971
33918448 6 0.42467085
37276853 6 0.8095853
45043991 2 0.60082436
21323375 5 0.5149312
20587014 0 0.30921233
54415061 8 0.64799285
37991456 6 0.49655226
14837731 4 0.67185503
40628202 6 0.75444293
22352441 6 0.6022435
28911200 0 0.7228302
49897251 4 0.5766925
21485437 4 0.8167522
13186074 1 0.37257308
2458329 0 0.9781744
30035342 5 0.32853213
6067476 7 0.39888266
36928226 7 0.4572724
41474315 6 0.68221647
29076591 7 0.45911676
53106187 6 0.39722738
3024833 5 0.5316374
32004915 2 0.41900596
14648859 8 0.40610546
30421058 0 0.42208913
4146969 4 0.5849778
36966650 0 0.7670083
39707702 6 0.38545367
32233741 6 0.8326242
23417194 1 0.7786998
10767521 4 0.55314475
54955201 0 0.41875228
21836166 2 0.4317749
49800636 6 0.2781196
35951065 8 0.42862126
44030473 5 0.4250948
53511 7 0.46708477
42652677 5 0.40517274
8162992 7 0.5371641
43272628 0 0.6709235
3190821 6 0.6313681
8479601 7 0.593067
48090064 0 0.60947603
941594 8 0.4815011
26498623 7 0.72487867
3442172 5 0.31633615
19408396 4 0.38312274
28184660 4 0.97450966
18990622 5 0.73974526
17140499 0 0.41332692
386656 8 0.48501903
26988349 4 0.98424727
27644171 6 0.48031062
24652704 0 0.7852649
16370129 6 0.6039442
18759483 0 0.5569718
8806605 0 0.4980389
40139949 4 0.94182384
32609395 5 0.73033035
4208365 7 0.40592128
23554760 5 0.5534827
14389729 6 0.9782562
18373725 5 0.31584668
37556326 3 0.50276786
10734211 8 0.3137723
21054191 6 0.58431166
41725367 2 0.76900244
33921637 2 0.55125535
50610453 2 0.35892904
18221225 1 0.47419629
45435872 6 0.58067894
30691527 6 0.77543503
14748701 0 0.48778737
26983419 1 0.28285488
38703825 4 0.558707
12265421 7 0.3615585
26388823 4 0.78390366
17049064 4 0.7467494
25542193 4 0.6036609
15165336 6 0.5077275
42790598 4 0.5496026
37725439 5 0.5203885
15376291 6 0.5256523
47328713 2 0.6058031
2744420 0 0.851598
6892736 6 0.859089
12372362 6 0.7720514
14770066 7 0.35394153
7042931 6 0.6384804
34818400 2 0.7788772
30783879 4 0.7726014
28647592 7 0.5189948
28772839 4 0.991744
36147331 6 0.94667053
34958389 0 0.52342755
47619162 2 0.47779566
13091484 6 0.8147927
56324918 0 0.5786422
35929300 6 0.8800192
3823969 8 0.6195147
11118353 2 0.7615448
1341622 4 0.79392797
43356105 2 0.41087362
20944330 4 0.26535892
13873447 6 0.61279887
22300692 6 0.8781536
29091873 6 0.58018744
18745080 6 0.8220544
35146913 0 0.48977342
6002519 5 0.4328702
10071701 4 0.4337223
27350588 6 0.6692028
8593720 7 0.56742024
12900816 4 0.6346873
15133239 0 0.32026702
50574673 4 0.88124865
29792690 4 0.8915005
36329579 4 0.51146084
33105995 2 0.82162935
37657360 1 0.3122773
31989648 6 0.693611
22517726 7 0.49625373
22130584 1 0.69402057
57215715 1 0.53226215
16648543 4 0.57353556
20005612 7 0.5249806
4616938 8 0.6480427
2042243 5 0.42029816
29066032 6 0.5947608
22700113 4 0.64617276
50221474 6 0.3827935
22042963 0 0.39453086
42216971 8 0.34250355
20358876 6 0.84198034
11250735 1 0.8322839
48193785 7 0.6528118
2896641 0 0.5237583
28634540 6 0.9224792
41924902 0 0.54315746
18593380 8 0.6917139
36106337 6 0.45808735
8107726 0 0.71884537
47463770 5 0.3296625
24542885 7 0.31631595
45174649 2 0.346398
2730498 6 0.71820104
1359624 4 0.30254015
13131036 8 0.56662077
44070199 2 0.6759111
10262676 0 0.6640026
2834034 4 0.5186133
38045095 4 0.8067651
38983631 7 0.46219862
2926402 1 0.42392832
15688414 7 0.68068403
5632133 8 0.6977621
29737384 6 0.35572082
55109571 2 0.39238828
18451843 4 0.54528594
10032664 4 0.5972893
33191400 0 0.59992814
23676607 2 0.824056
1745452 6 0.6616348
16806610 5 0.43394205
36877353 2 0.6040535
8675206 1 0.5714006
41153588 7 0.6607195
57511710 4 0.4989778
50617136 0 0.56391394
5270726 1 0.85849524
30238304 0 0.8352221
29284173 0 0.34149882
38890196 4 0.81631005
38742591 0 0.49522334
51669252 0 0.903332
46586509 4 0.6991525
50921269 8 0.43546408
5723940 4 0.5870086
7533170 2 0.6718893
22796143 5 0.98023003
23813675 5 0.667314
32998737 4 0.5277673
48176209 7 0.35660064
47813337 2 0.30257842
20044375 0 0.35158822
30151080 0 0.34032866
46777412 4 0.61714756
7072084 6 0.3389192
10092184 4 0.6495707
4864295 7 0.5033236
11893763 7 0.9562972
31983508 6 0.9479942
20724426 5 0.37117875
41853595 6 0.51216424
22180459 0 0.3740107
28401988 2 0.71591204
45301637 1 0.3944284
3039545 8 0.6080033
37771163 5 0.718756
38750126 8 0.6266571
16312024 1 0.3892302
6240501 6 0.798713
34019356 6 0.5387865
675380 4 0.7292563
10249325 7 0.4696085
31595241 4 0.53279996
43088599 4 0.5401057
54716472 5 0.72908217
18848496 1 0.6946176
12994566 1 0.66716796
27536303 0 0.95521086
20549235 4 0.9883299
37825758 4 0.7628313
57682965 0 0.76647896
28247821 7 0.33797148
41516856 1 0.7322648
1381010 4 0.43411168
27370277 2 0.59103453
34620469 1 0.98776823
37411483 2 0.7764564
28208692 7 0.5538502
16020112 4 0.43257722
3131588 6 0.7761806
12633265 8 0.39295763
54529838 5 0.39914832
33296599 1 0.38092598
34081872 0 0.33615044
55352313 4 0.7315813
19559754 0 0.38646787
24627815 6 0.5979594
5212213 4 0.6075553
17936489 0 0.85739297
15169076 0 0.63545936
26512341 2 0.47272784
16516555 4 0.6628635
45362503 6 0.5976865
50856637 8 0.67621106
33925453 6 0.479806
7155100 4 0.8831573
37253021 0 0.7028756
2978441 2 0.53794926
15791400 0 0.88234854
54581205 4 0.8932727
22093042 0 0.4307025
27041885 0 0.67871726
45988723 7 0.5641308
15641930 5 0.5613423
36598554 4 0.42027017
25381731 6 0.9068579
12978516 6 0.8923497
7966406 6 0.7268424
57565683 1 0.6132457
22013412 6 0.6681454
15582097 0 0.6140221
6488934 0 0.45764884
6415137 1 0.37606782
29610513 0 0.8884595
47783612 6 0.42297122
51812147 6 0.6170645
15822593 7 0.6650717
4856382 2 0.45307407
11042657 4 0.65935916
32843533 4 0.5141026
44764407 8 0.32236478
12897713 0 0.47481567
31858105 5 0.5523366
39525723 7 0.762496
24228925 6 0.50304276
27512278 1 0.35793987
14413964 4 0.43566382
26624722 0 0.6448782
30787787 8 0.5035685
32596365 6 0.35705975
18360121 0 0.6164983
7485839 8 0.36428058
18118044 4 0.9582369
50117509 5 0.6279047
28184319 6 0.34246844
23745059 4 0.83687454
23373001 6 0.74527776
10362916 6 0.8882177
19172549 0 0.63036406
9736083 1 0.50426775
27987040 4 0.6728617
50488230 6 0.40579334
16367690 6 0.6712417
5928789 7 0.77142406
732223 7 0.5026598
42398716 0 0.41666237
47863319 0 0.8351512
49952775 8 0.9209384
15830556 8 0.6315864
35618352 6 0.4657042
4210653 8 0.29707724
55585335 6 0.71020555
32001719 7 0.3032815
38475814 5 0.62796074
50284995 4 0.4986483
46019434 5 0.69672346
1898659 4 0.7660415
40891510 5 0.2404647
41562298 6 0.40128958
12380744 8 0.50566494
51580460 0 0.776171
53556091 4 0.52758956
29470212 6 0.6769874
53734440 4 0.6480873
34855049 4 0.58295643
6742357 4 0.54074293
4147733 6 0.43566123
43724090 6 0.69097507
16702267 6 0.63796914
37729806 4 0.33563793
28381790 1 0.52137905
33638307 0 0.6239455
20209008 6 0.67571276
24568421 6 0.565721
29054151 6 0.73071307
33024270 6 0.5358533
14165450 1 0.54500335
47081735 6 0.46812984
3818428 2 0.40930083
11002172 6 0.5926609
41124715 6 0.961976
30368166 6 0.60223615
29038729 2 0.641499
44648371 6 0.4957868
57167274 6 0.82041276
11594174 4 0.6470652
29070987 6 0.83238655
55368018 0 0.8839959
36569864 1 0.3266743
31558837 7 0.6145982
10152602 6 0.5818325
4362453 7 0.46542355
44326757 7 0.4492339
6429246 4 0.89162725
24534682 4 0.50780326
50372482 0 0.5492874
2044517 4 0.85247356
1314611 0 0.5753717
12568581 4 0.8253349
10189520 8 0.54503745
22693830 4 0.39038363
32834579 7 0.8983514
26493253 4 0.8959604
46852199 2 0.34940767
32197988 4 0.7989784
8947047 4 0.39320087
30978968 5 0.61287487
8598273 7 0.4837426
32288671 6 0.29856485
19400903 2 0.6023059
10104964 4 0.86429906
10040833 6 0.6085699
5069311 6 0.8453954
26531928 6 0.9012382
34729134 6 0.8617858
44449924 0 0.35716033
34499146 2 0.6340767
33467664 0 0.66863126
9145785 4 0.58467305
37384701 4 0.4504078
53235939 6 0.44147807
29963569 1 0.64701
20516618 4 0.71943635
1999096 0 0.69773287
35245067 4 0.49814272
4290908 6 0.7253617
42785496 5 0.51075137
54231558 1 0.44988692
36409198 1 0.4287777
36654865 2 0.46071255
30388516 2 0.41454387
37632170 7 0.44542047
7602637 2 0.5788326
15949661 5 0.58407855
29991777 4 0.98089236
54784520 0 0.51845753
20680353 2 0.7701073
11858240 4 0.7515656
36832858 7 0.6819449
54132331 6 0.5067023
18735656 8 0.73274153
5279910 3 0.3625742
47752351 5 0.6089089
1291363 6 0.6559808
18315272 8 0.57451963
15000978 6 0.677735
2963116 2 0.2764109
14250354 0 0.40453783
13251106 4 0.479377
25902492 7 0.8155832
11299659 4 0.9392896
35471239 1 0.558351
9680227 0 0.5783146
27308819 4 0.7319071
19290932 6 0.5268297
48901852 4 0.56895584
8876446 6 0.49508655
11855324 0 0.4669797
3552332 6 0.711291
1386978 7 0.54711694
16499755 6 0.8745555
33663667 3 0.57578045
54520681 0 0.416119
3393790 4 0.87036115
30992321 2 0.6519146
8717568 0 0.75018704
25973839 8 0.7338933
11491674 6 0.3441984
28432921 8 0.4378199
5702300 6 0.79786396
14679922 5 0.40318602
4704528 0 0.8696412
44511668 6 0.4171302
43076206 4 0.35403702
18230317 5 0.7143005
12844119 8 0.43511045
21637147 7 0.7016351
9597290 8 0.6809061
16603559 6 0.32266945
35068856 4 0.6350161
6689190 8 0.24695069
4411867 1 0.56733155
15629396 1 0.83800757
16421488 4 0.582015
39782014 4 0.56253666
55325084 6 0.74645
9810150 8 0.6225012
11389382 5 0.41843536
41831474 6 0.47236595
43374771 1 0.5868719
38307728 4 0.3438589
10442466 6 0.7247386
38550798 2 0.9854149
12610647 4 0.7737881
27240167 0 0.88392645
9891708 4 0.435222
53889365 4 0.8675027
9321075 7 0.54838306
39370556 0 0.6983958
39368051 6 0.43064865
15961454 4 0.70283234
11014756 5 0.44397724
56095044 2 0.5837822
41690510 3 0.4690039
4488620 2 0.6864202
31307114 6 0.60202104
3391345 2 0.4955594
29071725 1 0.3625714
20739906 2 0.49469277
40896586 0 0.6258937
43103338 1 0.91564447
29533807 4 0.4036193
32512577 0 0.47031707
7627419 6 0.32608333
50880189 7 0.57232815
29784535 4 0.5289898
9887566 4 0.4584265
38532839 6 0.34789976
23653671 0 0.5674101
20187435 1 0.5557394
47576708 1 0.5469998
26725659 6 0.5449472
35931862 6 0.4837513
22223863 0 0.82835376
19718060 4 0.59885883
17214760 1 0.52105993
30033801 0 0.6976754
2381394 0 0.42142215
50890540 4 0.61439425
7240124 0 0.4107515
23804318 6 0.6474117
24355986 6 0.6920332
6392849 6 0.80198914
22435717 7 0.5910942
12774498 2 0.647081
26381264 6 0.35187387
55399329 4 0.8315654
11031770 0 0.3442291
28692336 8 0.38275427
15078910 3 0.3667853
11014049 1 0.9893612
47981709 4 0.6864933
51848392 5 0.48993894
18454102 1 0.9242527
32950346 2 0.45461538
8073505 6 0.67699003
51772046 0 0.5849723
15490272 0 0.5329579
11427711 7 0.3098211
8658487 8 0.28385282
20193407 6 0.4614654
17922499 6 0.50496894
9475029 1 0.77547145
30613033 4 0.9046168
5362335 8 0.5854837
17352127 0 0.33117375
27855089 7 0.82542485
21540225 0 0.8078794
1645830 8 0.63091767
36253132 2 0.5660464
31920416 8 0.690014
7455070 7 0.45551917
3916736 0 0.37935787
54383825 7 0.4052231
2952189 3 0.4823594
28752623 6 0.49554
12710287 8 0.39516476
4466662 2 0.47101736
15183441 6 0.74137104
22344382 7 0.5473733
1897777 7 0.53040415
20341061 1 0.417198
4325563 0 0.5906351
11190282 0 0.4361296
55847680 8 0.4673774
22210010 0 0.5720553
33985008 4 0.9859504
46402532 8 0.30577898
50564211 7 0.36306903
19578256 7 0.8253422
8288032 5 0.77909774
16404373 2 0.65365124
18321740 0 0.72279865
20007337 8 0.7227168
46397616 2 0.41558477
38013178 8 0.3791194
26208588 6 0.6184207
46212368 4 0.6067601
20400906 7 0.4471422
43380659 1 0.830697
40598302 4 0.80159354
9982763 6 0.6543474
30979711 6 0.44615087
30143794 6 0.3719516
984680 1 0.6525022
57486869 2 0.72133577
5174176 1 0.43550804
14493074 7 0.3228455
57662903 6 0.8852271
17890967 6 0.55474496
10694174 1 0.5456524
12354479 4 0.7337431
3640995 8 0.42342868
19975198 7 0.3460067
36798135 0 0.6285196
41170383 6 0.48697948
12893882 4 0.9448917
15978253 2 0.4428301
10685970 6 0.6214258
37826048 8 0.42717654
2860354 6 0.85330147
29472701 7 0.5457814
47758240 6 0.53225404
53916294 4 0.61060053
33286649 6 0.5513699
54179588 5 0.47785106
12171230 8 0.4110923
10513067 7 0.53575397
13254 6 0.39551955
55873087 4 0.8144691
27921139 4 0.5655144
4527790 4 0.7571556
8536944 4 0.727989
27311946 0 0.32463405
54000942 6 0.63492453
29759801 0 0.4552084
16677708 6 0.51773506
34072672 8 0.43487543
28617524 2 0.524358
45183568 1 0.5370961
35185677 8 0.62822115
49062857 6 0.5763693
15094354 0 0.44056642
11882776 2 0.7571685
40939610 8 0.5275743
26133159 2 0.531741
24324270 6 0.5204225
23884285 6 0.4687431
24129611 5 0.30262738
23721248 2 0.42462096
56015242 5 0.8141807
44647916 2 0.80150557
19454941 8 0.33337617
2397902 0 0.42673418
13563859 4 0.8233037
12508502 4 0.5152259
1941499 4 0.47856697
9640516 1 0.28241584
19969938 6 0.8642225
48001180 6 0.64654005
37382953 7 0.50807965
3640993 8 0.361764
34244434 8 0.7757424
21595468 6 0.6968809
13342366 0 0.70926946
18611105 6 0.7637185
4935501 4 0.44928586
5069043 8 0.33737957
31355047 0 0.5564904
7062466 4 0.61524713
12228313 5 0.4208551
2464505 6 0.87923235
9237847 6 0.4487225
36600672 4 0.42507157
18424168 6 0.9373603
11705574 7 0.5762627
43203055 6 0.45853522
26837521 6 0.4741353
34601260 0 0.85087436
35618496 8 0.60205406
23209347 4 0.91688144
54321208 5 0.6835696
6726750 6 0.86333066
18158104 0 0.5917739
2381199 2 0.82135665
27756065 7 0.4575157
637311 2 0.5133179
22235341 4 0.4820539
34490 1 0.50366646
20056297 1 0.82441807
51280721 1 0.42690226
32346466 4 0.46579218
20356319 5 0.310917
3269578 2 0.8864425
19420860 7 0.4333786
14602069 4 0.7480392
25215572 2 0.45136362
5414596 5 0.6698855
16027778 4 0.46728718
23354311 0 0.57627755
2281728 6 0.6332191
10690665 4 0.9884451
21267231 6 0.60381895
29862762 6 0.72042185
39116451 2 0.732165
19200757 6 0.9471904
55257515 2 0.46789402
20477702 6 0.78047276
28368937 2 0.42291686
55654880 8 0.28197262
16203712 6 0.59738046
24708113 6 0.42496482
25129336 6 0.57355803
2043557 4 0.63978446
26774264 2 0.4742218
35773383 6 0.60840136
31463848 4 0.98051673
17785491 0 0.437747
10986321 6 0.60139006
28313203 4 0.28286818
11210792 7 0.38546294
16555950 6 0.8309043
41087682 6 0.9060894
55656784 8 0.69363564
812483 4 0.6039489
25199637 0 0.6828711
11357681 4 0.3274706
655174 8 0.45052892
7982421 0 0.6113719
28331999 2 0.477594
38385502 6 0.92875725
55512676 0 0.76128554
19736095 1 0.7800165
8417570 2 0.59966886
2775242 6 0.4642164
28520884 6 0.2987682
13958580 0 0.74370456
29887606 4 0.582291
334519 8 0.24304108
32497903 6 0.6046698
2568835 4 0.8560318
25517079 5 0.4287574
26027717 2 0.50619763
5000333 8 0.41687462
36458430 6 0.56542295
5615751 5 0.5673407
19644672 8 0.74872065
23776840 4 0.5865057
23303935 8 0.67351896
26243875 2 0.50859946
9175151 0 0.9716932
9894316 0 0.5576885
28189826 0 0.748105
24338633 6 0.73437685
55767545 2 0.513869
31711166 1 0.7191188
32144332 8 0.52632445
13727501 2 0.4409485
37068620 4 0.44833198
29597629 1 0.62463945
17935909 7 0.66229934
32720046 8 0.4590051
24703806 0 0.48253518
5589825 2 0.8162677
41951497 6 0.58284336
15920088 6 0.73203003
31030495 6 0.41100225
43457443 4 0.8678373
8556940 4 0.49808004
22890861 5 0.36851543
26442090 0 0.77896214
11393988 4 0.5845037
50277404 6 0.53719413
9811269 6 0.4556144
26812037 7 0.8734665
38461390 1 0.43239233
5497835 0 0.45808387
40579227 6 0.5891637
25355311 5 0.44501013
46371602 1 0.6130017
36470481 0 0.5093386
25627800 6 0.511846
9634206 6 0.9725852
24357274 6 0.77638555
7492413 8 0.7059655
27040167 6 0.5415904
45250618 5 0.44231582
8352806 5 0.57589394
35678356 2 0.5124286
25023964 2 0.26693004
438 6 0.45536187
40792876 4 0.5318001
20293474 6 0.6708264
13654583 2 0.63378716
9433638 2 0.6769492
7180459 1 0.6028197
9534597 8 0.50104046
18462243 4 0.9899707
72242 1 0.6409487
1868320 7 0.7297049
22299019 4 0.7064911
41696201 7 0.37267783
41886533 0 0.42727694
1997786 4 0.5829504
24927386 0 0.6438361
13966115 6 0.42111436
9388514 6 0.34151354
53999654 0 0.774038
49069539 6 0.41725975
37293190 5 0.6136203
27262348 4 0.3885468
10560143 0 0.30715406
45055287 8 0.4905675
12162975 0 0.6886188
45299208 8 0.5592301
24263835 0 0.48821968
37067480 2 0.79519117
18374550 4 0.97693545
22592389 4 0.7839687
55817362 0 0.70535314
36993208 0 0.5111962
18364750 6 0.40367624
22644347 0 0.5589719
39623672 5 0.31767172
50533005 4 0.51929104
35941664 4 0.94277847
7191040 6 0.54554355
33320585 2 0.4552465
25632898 4 0.9659483
16602399 0 0.38879228
41091237 4 0.5993878
10646832 0 0.5603245
5854208 7 0.76097894
27127526 4 0.8525189
36059940 6 0.64024097
5356641 4 0.8228992
4260108 4 0.89381975
17309463 0 0.3734773
54919128 0 0.5593981
17076988 0 0.45819888
2862690 8 0.602494
28176735 6 0.85493684
43878011 4 0.69879884
16714297 2 0.6647744
6906892 7 0.7294425
32333000 6 0.5190238
56742924 4 0.8079356
39982694 0 0.5613323
26939650 6 0.79214346
23506704 4 0.34409067
36230888 4 0.6091097
38683435 0 0.7125501
1349397 1 0.37774166
17681667 6 0.9343182
57475901 0 0.5049783
12498441 2 0.8234879
57477276 7 0.41635838
8787368 2 0.39239675
2564085 6 0.6624444
27115688 8 0.3019788
19079799 7 0.69330347
9435502 5 0.37234503
33409677 0 0.98952514
6879778 2 0.5825058
55126655 8 0.35657096
36758510 0 0.5093373
9097398 1 0.29428694
21945437 4 0.6881315
36435966 1 0.4122443
41476843 6 0.8219384
36164875 7 0.47952774
7893064 0 0.73853064
3100128 4 0.95249546
43794427 6 0.8244054
53064806 4 0.756372
27510816 6 0.86055326
31478283 6 0.704771
27607996 8 0.8163477
22520004 4 0.42477673
5332736 6 0.45122808
41795843 1 0.58797574
22108263 4 0.47702515
2018241 4 0.57426745
4608597 6 0.4216507
11097586 2 0.7708039
32334111 4 0.4618812
5732212 8 0.46112344
17158425 6 0.5826958
48548092 6 0.71075183
30592898 2 0.61632013
49295892 4 0.7998862
17598346 0 0.76905674
2902406 6 0.52276486
14615054 7 0.49203295
10991138 6 0.7792378
33641303 8 0.39413068
44778304 7 0.93636703
10490986 2 0.49794158
5463153 7 0.5362779
1716735 6 0.899642
12182756 7 0.31938514
36633905 7 0.42711392
32045428 6 0.517327
3614080 6 0.8751181
3515694 1 0.5175988
36020823 6 0.6022368
13590942 4 0.7345334
38037727 2 0.7954204
51081835 7 0.49686116
6220754 8 0.64418894
7034534 0 0.40701845
10479527 6 0.8649307
3463614 5 0.42732057
31493493 5 0.4495855
48374561 7 0.5485468
9040576 2 0.50075907
16715479 0 0.80217654
31250209 2 0.42449862
19707896 4 0.48715582
24608608 7 0.89161634
1693861 7 0.5728171
18844435 1 0.6770085
6134667 7 0.66300577
20980859 7 0.32412305
2349325 0 0.42437798
17813903 6 0.38053033
53958153 1 0.7689629
43231308 6 0.6387113
11657413 0 0.41219702
36794668 6 0.6459771
23245672 4 0.74097556
8108790 8 0.6018651
10261875 0 0.46745235
18875135 3 0.5838516
1753822 6 0.7059848
38774753 2 0.964755
43898452 6 0.6499743
44554118 7 0.57200223
50286582 6 0.74034643
11576257 6 0.72807944
29848096 7 0.73667526
21938224 6 0.6898861
12566110 0 0.7034837
40915896 6 0.7835122
26661989 7 0.44355106
38066663 2 0.6953406
41866679 0 0.68064743
12559969 2 0.4858019
6905949 8 0.5099842
45761296 6 0.48112378
4524911 4 0.4402226
56121913 4 0.7668031
41115639 6 0.35471022
27586940 2 0.77433366
26332971 4 0.97241414
31709305 6 0.4693362
17773350 7 0.56681633
48305598 5 0.42477956
19519579 4 0.8434424
46385191 6 0.40403122
15160004 8 0.62920326
55489438 4 0.5750264
49389761 4 0.33958155
5642765 6 0.67620707
25222199 2 0.30282187
33572956 0 0.57119304
27762260 6 0.31347772
15232890 1 0.5764985
38091973 2 0.6998181
11805678 7 0.7571152
39005848 8 0.4550621
12774066 6 0.5413696
2568954 7 0.442269
3755305 5 0.5800946
21156000 6 0.4476604
30507461 5 0.69239366
54350739 0 0.82215655
6630427 1 0.5901611
48499505 6 0.3813944
11091894 8 0.43671906
11129676 5 0.6785749
24802908 4 0.38690174
46229894 4 0.8816727
48063797 4 0.4166262
55721846 7 0.50914836
23183281 7 0.5252654
33359960 0 0.6616942
48907634 6 0.40640083
24119055 4 0.91319203
22132277 6 0.8474272
8084015 4 0.69133776
554546 7 0.84168434
53026709 4 0.63789135
5622054 6 0.80880845
55686978 2 0.7153438
40690778 8 0.5931331
6461812 1 0.42753136
48533884 6 0.55579895
19849658 1 0.83652467
30479950 5 0.5382704
28230587 2 0.51240134
12514124 2 0.57897395
16913828 0 0.8103368
39765080 0 0.9529622
13662354 5 0.3043684
27281508 0 0.6799725
21814702 1 0.8075241
1864700 4 0.97675174
31046876 1 0.4882175
41316609 6 0.8054881
19767300 6 0.9575728
17026133 0 0.8159151
17369962 0 0.7739279
24273735 8 0.5300437
25540919 6 0.45063818
16116883 2 0.85031575
24773976 4 0.97041184
3748682 8 0.91982955
57409509 6 0.8587943
9325176 6 0.93798447
10454147 5 0.7360063
9674680 3 0.4053625
13564290 8 0.44350275
3272940 6 0.77088594
6821051 0 0.6171273
17741622 8 0.46046615
16599436 4 0.47759074
7735422 0 0.7978518
38789964 0 0.4789107
14337407 4 0.8857841
22841386 4 0.7226754
2678426 1 0.71795565
18604518 6 0.36867592
23345212 2 0.5268514
29808241 6 0.90891176
21782527 5 0.70865476
20699625 8 0.8418453
6070881 0 0.9661724
8111825 6 0.5793604
32140077 5 0.58211565
33687843 0 0.961966
34572516 5 0.4142784
54373424 6 0.67838746
20256495 8 0.39899397
47096688 6 0.5314448
9049857 0 0.6731327
37629194 4 0.6945244
19277377 6 0.9706859
30716138 0 0.7924096
42423588 2 0.93085074
5271544 0 0.5026072
18804971 6 0.91744184
50289216 2 0.76697767
21961570 2 0.5476978
10642283 0 0.9604315
6528163 4 0.92222697
17131540 8 0.57950234
9043017 4 0.9314055
39316499 6 0.4745153
8032766 5 0.41065264
4124184 5 0.517703
13122791 7 0.5274389
15514847 1 0.44363022
54009531 0 0.6815707
45776685 5 0.49314013
19165999 6 0.7867271
1999234 2 0.8498328
19252963 0 0.84321386
39947025 0 0.6010948
15863354 6 0.9667996
40068872 4 0.98237777
30484162 4 0.6812219
23691975 6 0.40344942
4019128 2 0.43892372
5449852 8 0.48224732
19911517 6 0.5461563
5659850 1 0.7670306
36290640 4 0.84704596
38813020 5 0.68709844
55242790 0 0.92883706
2593016 8 0.47291696
32753734 2 0.37641174
21392272 4 0.5498068
27292549 6 0.8243615
17668525 6 0.7295455
6657636 4 0.33851632
16011367 8 0.52143544
30360977 0 0.8111106
46532553 4 0.96163964
8780200 0 0.37746558
23034647 2 0.4137219
1936633 3 0.4221728
38291795 6 0.468546
26424862 0 0.9209732
36446019 6 0.74921066
26505243 6 0.73933625
24928104 1 0.26601452
19251749 7 0.461796
38847246 6 0.8126291
4317257 0 0.7911093
23711394 7 0.96866536
29347847 6 0.7627108
37990501 6 0.5832669
12905305 3 0.5736778
48177521 4 0.7570738
20647925 0 0.67240715
42678136 8 0.42144924
29620039 6 0.96544063
32005123 8 0.6399336
41420422 7 0.95137393
32349652 6 0.5527632
38955542 1 0.42417556
33195755 4 0.9423381
29155591 2 0.93943703
13620752 6 0.9222598
32320888 8 0.59162897
5504200 1 0.43150014
9229348 6 0.88485175
4646395 2 0.868983
27576454 6 0.500846
55222639 3 0.52268094
30632639 6 0.98934597
19420796 2 0.7603395
48671149 0 0.7253984
42679705 6 0.8777399
457239 6 0.47211525
40760184 4 0.9173959
29152403 1 0.311344
23812132 0 0.5502451
46208904 6 0.86913276
25718248 0 0.9429131
44181234 7 0.37102908
53048262 2 0.82336026
33536350 6 0.48222977
21065905 6 0.68787295
39973748 4 0.5810505
52053349 0 0.28045368
32726492 0 0.8421992
32994627 1 0.67623526
14606554 8 0.5871519
33418840 6 0.600285
46380360 5 0.8700934
17352136 8 0.6730372
33366176 6 0.8974661
32308082 8 0.5988936
16193166 6 0.5773294
50510074 0 0.83207923
10222592 6 0.55368537
21923573 2 0.9742685
37931983 0 0.41948602
36567446 6 0.9177635
196776 4 0.8629745
40310353 0 0.55110866
29235252 7 0.82560027
13778653 4 0.94091773
53696992 4 0.46742642
41397123 2 0.4867861
29964301 6 0.6464906
47637340 4 0.79752916
47380727 8 0.6857823
3586839 4 0.98306066
7189406 4 0.96847165
40023354 4 0.8947831
32033983 2 0.95609957
7101562 6 0.6983876
10381261 8 0.5913834
20817235 4 0.4872293
26855982 7 0.65277237
11607202 6 0.80947846
27320915 2 0.88012874
33693256 4 0.95291126
38640074 1 0.62971956
37506339 4 0.9177125
33429093 0 0.6922376
7639483 0 0.51767844
48666838 1 0.32480985
11748870 6 0.41777125
22153129 0 0.6854838
2304699 4 0.6503231
27593591 7 0.52886325
40822706 0 0.93418866
15699259 4 0.7919658
37307412 5 0.7403497
24395993 6 0.41536382
47923477 0 0.41880664
51660300 3 0.7941722
46010754 6 0.5295357
28469160 7 0.46004137
3371660 7 0.70571625
10909871 4 0.9721304
44680990 5 0.46862674
22240953 1 0.9817277
35210138 3 0.7782845
13060120 1 0.7194063
39546192 6 0.90678537
20451545 6 0.53913546
43185199 6 0.79234165
17257728 6 0.37480143
2250752 4 0.80212253
48236358 6 0.5075539
26902105 2 0.41659185
22084085 0 0.88889235
20460189 6 0.6044619
28056529 2 0.5910922
14927382 6 0.8434933
33797256 0 0.60660344
45364738 6 0.8951549
1104565 4 0.48562855
55981592 5 0.39547253
49016713 6 0.81443053
55818108 0 0.91771686
49937299 6 0.50939935
11260446 8 0.50411737
47129515 6 0.55873287
6215689 6 0.9886007
24127978 4 0.7020509
54175562 3 0.8232665
47282311 6 0.8080968
52399784 6 0.86414623
8613976 1 0.9084697
2846745 6 0.36719888
17670875 8 0.5085976
530426 7 0.5491587
16043343 4 0.57990974
7761540 1 0.45326278
15379031 2 0.725441
6194697 0 0.5069945
15453597 2 0.7722341
963403 6 0.5780398
45592436 2 0.54507804
35801615 5 0.6585059
9367981 2 0.47840863
7557996 6 0.32674003
19937909 1 0.41098428
37803961 8 0.384022
21665474 1 0.98473835
35240233 7 0.77957726
14369022 8 0.46751842
30623612 8 0.79071665
24443181 2 0.75517464
56290814 4 0.9847402
34720135 0 0.9491847
15008863 1 0.8069669
30217688 5 0.43758678
49735565 4 0.7878144
43041342 8 0.60475504
8718765 6 0.5555901
24242110 1 0.74743134
48994876 4 0.7263764
8081898 8 0.4464423
701084 0 0.9674687
31389714 6 0.93062234
12040902 4 0.7949587
52020263 5 0.44607365
17357887 8 0.8814507
26094430 3 0.79609793
24809080 0 0.9545396
26581749 4 0.7185323
10905870 6 0.73916245
2767811 7 0.6333239
11059059 0 0.53251845
1733957 4 0.8992274
8886317 6 0.9598258
5684062 6 0.9891679
38310997 0 0.8054824
4753184 4 0.58240855
34155803 6 0.6541943
351627 7 0.32224593
2466443 7 0.40710774
5171554 0 0.8125165
46796707 7 0.7073908
1382788 6 0.3149352
34284926 8 0.68167436
29006555 7 0.5681037
41113804 4 0.8553773
13822555 2 0.33126757
4232244 5 0.8667898
12165664 5 0.52554303
5062979 8 0.35880286
56554285 0 0.9902187
43548637 5 0.532104
4406710 4 0.5680261
40160301 5 0.82233226
22451633 6 0.79430395
4446247 0 0.8467823
36175041 0 0.9531564
20710170 0 0.5984345
14972346 3 0.5339997
20255730 0 0.42893934
22201634 6 0.70667064
7300080 7 0.49449918
17356363 6 0.6917451
39681946 6 0.37041813
4443331 8 0.6178649
24091139 8 0.5652033
23400944 7 0.80177015
8720981 0 0.8519033
52985197 1 0.58678865
6329457 2 0.7538118
14958103 4 0.84332407
39925844 0 0.8380999
15792830 6 0.8130952
25238766 5 0.8744031
16890871 8 0.6660948
34197460 1 0.45407793
8671099 2 0.4196435
18206403 7 0.50360847
40530592 6 0.5302078
33888146 4 0.96368235
9990483 8 0.7226491
39207784 4 0.8741462
21062229 6 0.92433363
22108612 6 0.5283327
22699056 7 0.6073084
25159660 2 0.60430163
43854257 6 0.7995189
41603884 5 0.4591774
11874537 2 0.81316125
56451878 8 0.33830938
7895448 8 0.6522947
7332871 0 0.46026927
832958 8 0.6736862
762520 8 0.48576993
47028888 5 0.4578126
5285930 0 0.8378476
12384974 0 0.8870796
53236372 8 0.4758935
20548227 8 0.79990304
46494429 0 0.44801173
16686572 8 0.56237733
16102768 4 0.80839485
36147861 6 0.8285667
42488112 0 0.98433024
11731383 6 0.45767477
44542215 6 0.38137528
16206558 4 0.4537261
394673 8 0.4990324
23425533 0 0.87496156
21444910 4 0.80208606
24420942 6 0.7360703
21533053 4 0.9765041
38043863 6 0.80557495
13719109 4 0.3894876
10671609 6 0.60905373
17882919 4 0.8035849
18489219 6 0.6401856
35656579 0 0.66454285
55473744 5 0.80361617
36994605 6 0.46136844
2725597 6 0.7418571
15828045 6 0.581008
20617533 6 0.4889985
23379614 5 0.6436644
41337775 1 0.9515182
7175067 4 0.8093139
5872843 0 0.9656418
34232251 0 0.6518692
53594725 8 0.61495864
25255025 3 0.8871247
17454912 0 0.9691709
50798640 4 0.5363228
15407922 5 0.41338816
4997966 6 0.5632855
5578672 8 0.6228562
34054338 6 0.40948567
49320987 5 0.3493164
52342085 2 0.8371319
53623129 1 0.75601363
57060846 4 0.77360374
56835048 0 0.49491942
15946225 0 0.88570845
47263615 0 0.8244706
42813799 0 0.635683
56298647 6 0.38946605
16604470 5 0.56625015
3315660 4 0.48979446
47024488 7 0.9195222
25606864 5 0.38864952
15920166 1 0.9352757
52419857 7 0.98229724
22246959 0 0.8735625
24725753 8 0.62894726
30987213 7 0.74457246
48211374 6 0.89970124
35297924 0 0.79076445
5688080 8 0.51111454
52173372 6 0.983648
38255071 0 0.9503159
8991447 7 0.5307183
25717529 6 0.9534637
57096018 0 0.9441536
4337259 5 0.73271435
11755237 2 0.39380866
40107700 8 0.5486943
43330733 2 0.48657888
16584872 6 0.8206949
12078006 0 0.790784
14719788 1 0.9816337
24820901 4 0.85723376
27861765 5 0.6487524
23840811 0 0.51593864
18926185 1 0.34137633
26116906 1 0.90483636
36946160 6 0.9268269
1292841 8 0.849648
38838525 0 0.6902166
29257994 1 0.8082409
38593282 4 0.9211473
35949628 0 0.7734864
38077987 5 0.4459636
18439293 8 0.6228044
15567768 2 0.7255662
30905617 8 0.6392763
29830543 1 0.46429077
21369244 6 0.35642207
7548507 6 0.9817438
17690853 1 0.68128604
35724929 8 0.42856035
27467020 6 0.8501325
56141031 5 0.57997286
51896326 5 0.62422425
37717210 7 0.82449734
4445144 2 0.3808337
55168878 4 0.6691827
41791859 0 0.9490904
42893950 8 0.5818459
17607511 4 0.7085976
46970263 1 0.71952444
33802314 4 0.9723913
47337697 4 0.3790965
7247145 6 0.65155745
40249856 1 0.7916214
31445083 2 0.36684912
52024842 8 0.45060873
19407137 6 0.8679968
50460891 7 0.6432492
54408303 8 0.780962
8578614 0 0.408914
4151234 5 0.37357834
2608419 8 0.73494554
36939277 4 0.9678454
6699908 4 0.85541666
18930607 5 0.5669662
47168986 4 0.9030715
59179950 4 0.66431653
59253668 6 0.62970644
58269483 4 0.52947617
58294972 6 0.8600755
57974048 6 0.8122696
58259249 4 0.4062836
57929746 0 0.648745
58428380 6 0.9782523
57879631 6 0.89104044
58082844 4 0.96487206
59151611 5 0.45827803
58573703 4 0.89721656
58579107 5 0.47869086
59193936 3 0.51180744
59199153 7 0.48256263
58143141 2 0.5803774
58138220 4 0.6621342
58769162 0 0.7535731
58080168 6 0.9733355
58434772 5 0.75585777
58227123 8 0.54278886
58232077 0 0.9301459
58916914 1 0.6076367
58918454 6 0.73853475
58643873 5 0.69537723
59155310 0 0.60330224
59157366 2 0.46394876
57909850 0 0.8047913
57828780 2 0.37312385
59556891 2 0.96849334
59414841 2 0.5651825
57993969 1 0.5618879
57995768 6 0.89963377
59556891 2 0.96702164
59634628 6 0.5895249
59766427 6 0.98269624
59800610 7 0.50872844
59814989 7 0.72892994
59819050 6 0.97263235
59826297 6 0.99405223
59843778 8 0.31594977
59902964 6 0.72869956
59904706 4 0.811352
59923977 6 0.6632465
60004614 0 0.5166855
60160082 4 0.8866361
60187485 6 0.5116601
60214469 4 0.7876441
60272719 8 0.6718843
60397637 8 0.7604513
60527455 4 0.47943896
60532978 4 0.5248012
60535331 7 0.5750398
60570507 1 0.84635776
60657429 7 0.58908576
60659356 7 0.84804714
60745240 7 0.47475272
60843223 4 0.98181057
60847831 4 0.7271231
60928158 0 0.48768318
60940695 2 0.48290518
61011919 0 0.8199414
61231087 7 0.4203475
61257181 6 0.75429016
61259467 8 0.42266944
61283444 2 0.34375718
61314013 4 0.7453456
61361906 4 0.6653455
61388446 6 0.7180409
61526501 6 0.57726157
