32307948 1 0.98059636
6443796 0 0.4910551
13023594 0 0.5862349
33921961 0 0.9311489
20355879 5 0.8868156
34935513 0 0.50442356
11515904 4 0.39980885
1078397 1 0.72053206
43782746 7 0.5911599
22156796 1 0.9897625
14901080 1 0.9777756
54461793 0 0.9908857
2743973 4 0.7879675
24354483 4 0.7595915
15082249 2 0.89042467
16683222 0 0.8526085
11287838 1 0.9863978
21594383 1 0.9903664
13108894 0 0.71320015
701078 5 0.55487704
24311005 0 0.37233078
28933461 5 0.8318114
6416282 1 0.78890604
16833463 4 0.99023736
49932576 8 0.9974889
28344562 1 0.7363975
1149447 0 0.65758383
11187768 6 0.97533935
28894589 5 0.86251765
8240936 2 0.9964444
22078859 5 0.47877032
29659057 1 0.98717505
3589709 1 0.55035174
14425515 1 0.6323937
11322318 0 0.8143057
2388256 1 0.7773503
15319768 0 0.9882528
6434135 3 0.58828264
27309831 4 0.98128146
3384814 7 0.88767666
3139212 5 0.50955737
5278036 4 0.96554416
51590854 1 0.9023353
35310059 6 0.6710923
3535348 0 0.9878975
2159355 6 0.8480622
910241 0 0.9827366
20056814 5 0.39451143
19456109 1 0.52283895
945584 2 0.5008329
830472 1 0.9971616
2221787 1 0.99792933
12569376 4 0.59138685
801347 0 0.6714458
7393699 1 0.9965452
45072417 0 0.55200696
5711441 0 0.710081
5161669 4 0.50910515
32175526 4 0.7093822
8102291 8 0.53337103
49543320 6 0.97072387
1383845 8 0.91713744
30053061 5 0.97265744
35637618 4 0.66798997
17098095 1 0.9932478
16714318 7 0.5082555
12142381 4 0.5250581
3223215 5 0.93318003
5135966 1 0.96842325
8911574 0 0.9797315
76408 3 0.95850277
45950799 0 0.8028202
568924 5 0.99169475
33118752 4 0.7782291
13061216 1 0.63897085
49233122 0 0.9150653
2368009 1 0.9927273
5471216 1 0.42098427
39267531 5 0.5052471
19019014 2 0.65516925
2716394 5 0.4460407
11185521 0 0.70099056
13043648 8 0.7928648
335677 2 0.8125907
17153809 1 0.82213455
4690084 1 0.59765923
6429618 4 0.7142877
29302764 0 0.8262929
21534359 1 0.516806
22816091 0 0.98439986
27198594 0 0.90752816
51505789 4 0.7692296
6791666 2 0.9276801
44894603 1 0.7481552
2931157 1 0.6055194
2859718 4 0.76477665
39717409 0 0.5096444
459614 5 0.505436
32069438 6 0.7947115
27286126 0 0.38107702
25202766 4 0.99091274
604634 1 0.4258719
9591658 1 0.7621699
24578988 0 0.91766787
6567158 4 0.8959566
13843529 1 0.89126647
29737082 0 0.57251006
3337597 1 0.38610032
38704757 5 0.5262961
7339799 6 0.50996655
26614348 1 0.8202568
4445586 5 0.3849626
44915330 8 0.7114612
33710997 4 0.75609785
47509531 1 0.5806407
16007921 1 0.895653
32206255 1 0.99404615
17244219 0 0.4576975
3911120 1 0.99220014
29353300 0 0.75911033
3040655 6 0.95428777
24984594 1 0.51645756
1001073 1 0.6893104
2019279 4 0.7509249
19569350 1 0.99124
29440640 7 0.69484013
15638883 1 0.59758586
841957 7 0.5124323
33280498 0 0.79064316
14777304 5 0.6575343
3824878 0 0.63932955
11017330 4 0.9931805
54688670 1 0.5062301
466748 5 0.99471676
5813635 1 0.71807283
36984228 6 0.6248146
3536906 1 0.39223114
55051704 1 0.9919102
23386262 1 0.7618222
5277765 0 0.6459946
12497045 6 0.9969096
21787420 0 0.46801746
49566999 1 0.89947414
1734145 1 0.5153788
35937049 1 0.8587669
3244640 0 0.71555775
44346821 1 0.9955499
35820707 0 0.9090078
43739061 4 0.8284839
2212060 0 0.59377176
28504645 1 0.7520855
920751 1 0.4601001
50823241 5 0.4432796
29004532 1 0.85237837
15672399 7 0.9870853
6206462 0 0.98918885
242118 0 0.332415
14272368 0 0.74675375
6377948 1 0.90059274
49655025 5 0.9629136
4325995 1 0.9975161
21561545 5 0.9889453
4477993 4 0.62988937
39801195 5 0.6155885
11504325 7 0.51906234
24780642 0 0.93222535
49001550 0 0.9937156
17732916 5 0.6359589
11793819 8 0.32338306
1628566 4 0.38500533
828400 3 0.9882495
27080956 7 0.39001948
59147112 1 0.7562544
59569127 1 0.59605396
60384409 4 0.4481579
33562344 4 0.3467877
29057331 7 0.49563214
49166769 5 0.756375
6701934 7 0.74047786
12755323 1 0.56325257
6550793 1 0.9168993
51203873 1 0.53232956
979237 2 0.93277174
2285793 6 0.52784014
19671954 0 0.93320775
11573216 0 0.69812304
25243807 0 0.85981005
15057856 0 0.92539465
46455225 6 0.9848811
21487685 6 0.52818817
14991927 1 0.8999166
34414640 2 0.8208517
4336033 4 0.7017032
18175492 5 0.51635337
19571636 0 0.6262731
44886314 0 0.47811696
3264490 0 0.99345994
13505531 0 0.9852574
19106446 7 0.98708665
2900819 4 0.805345
10825558 1 0.98380005
20216838 7 0.5268127
19461580 2 0.6152432
5008774 2 0.81510276
48156581 0 0.6731364
51211839 8 0.6205552
985551 0 0.91532516
55189991 8 0.4256649
31516238 5 0.40415552
21208263 7 0.87915254
12965607 6 0.62827486
16408312 8 0.43669948
16087925 1 0.6200364
30171661 0 0.51372135
33346679 1 0.5857822
30799105 0 0.9080213
31887854 0 0.8720463
994487 0 0.992129
38570085 1 0.8284226
30179078 1 0.6943779
22773681 1 0.9918187
9390884 4 0.46184528
34099844 6 0.5259841
9983816 3 0.5711073
1565370 1 0.9934967
9870955 0 0.98155874
46539791 0 0.98602235
39826100 1 0.47035363
20051412 4 0.9885367
10082542 0 0.6870411
5202700 7 0.58851606
5039002 4 0.7393395
41457035 2 0.98413646
2957475 1 0.5088508
50128251 4 0.8564467
52607809 1 0.90974796
4401821 0 0.9891831
7942085 4 0.99100864
10874995 1 0.7633231
36417224 8 0.5491379
42816113 0 0.710287
655691 4 0.97183263
19397346 1 0.56981164
29630886 1 0.7590232
2354792 2 0.778159
13018741 0 0.82287866
55791233 5 0.9921982
19790351 0 0.88128084
21572602 5 0.76320636
18481366 0 0.72175586
28751892 0 0.5992282
9780780 4 0.6959113
38477797 0 0.5500784
11082973 0 0.5613113
47091466 7 0.7138456
13153976 1 0.7810425
9254304 0 0.71476287
18871267 1 0.6762908
41964908 0 0.6249691
4543231 0 0.9964426
34039583 5 0.38471052
40687858 0 0.81575125
39746541 5 0.5756708
54110234 2 0.72055525
16519682 0 0.9761288
33196891 8 0.63461185
1128950 4 0.52804524
26941311 8 0.57196844
38529918 8 0.42055106
11419096 1 0.3379736
14679563 0 0.49686554
35914065 0 0.37979457
27374928 6 0.6410877
15534849 5 0.51342106
50211211 7 0.98568404
30305759 4 0.6369662
9457714 5 0.7066551
10190503 8 0.8634912
4952341 1 0.5428972
15586036 4 0.9879248
24630715 1 0.5194335
13234525 1 0.8271071
24445520 0 0.988073
48355991 1 0.7427864
21232576 0 0.8931389
49036631 2 0.7653507
37912868 6 0.6977924
27465476 4 0.6040939
2335155 5 0.6177639
19806506 1 0.5326781
7464904 1 0.98466694
24303918 4 0.7673696
1954695 5 0.574139
21054777 2 0.49746758
18586975 5 0.7674688
6183981 1 0.5900935
42298218 5 0.50473803
45552150 5 0.56939054
9756657 1 0.8124618
12274043 8 0.9972734
2608234 4 0.61758304
30938601 2 0.99610627
3603518 0 0.86962396
8167279 7 0.9834525
51713597 4 0.99100924
12780518 1 0.80667174
19411307 0 0.58313
24718239 0 0.65111756
18884449 6 0.99279994
9868001 0 0.51282305
37920143 4 0.97522956
27972125 0 0.7286725
18983434 6 0.5138151
14700349 0 0.5347893
13593171 4 0.6038777
2514753 4 0.9841735
18703177 6 0.7936303
20889675 4 0.98301286
23481876 4 0.36713
17700963 0 0.98873675
11881258 1 0.56982785
21617867 0 0.7676316
10333824 0 0.9840991
37503342 8 0.546178
9232773 1 0.55559343
53351265 4 0.989875
27448183 10 0.47282413
12553020 4 0.8254314
6598531 1 0.98213124
52829981 1 0.9461456
42128905 1 0.7710428
12993133 1 0.66945386
47837582 0 0.9936644
37148248 4 0.6206508
49889341 0 0.9959658
11941016 1 0.40190133
34626114 4 0.85730815
18373947 1 0.3997142
35972479 1 0.6562669
27669656 7 0.6489469
22006231 0 0.93529266
8073365 4 0.83037287
29115579 1 0.5316438
40773468 5 0.75672966
28473459 4 0.9892106
10546107 8 0.6030379
47519665 5 0.7699949
564632 4 0.9841816
7362932 1 0.67907435
45711685 4 0.87157583
32098655 2 0.87590957
15331071 0 0.67352
31566897 1 0.7680478
9512804 0 0.99463123
21579136 5 0.642098
18892776 1 0.98658645
25543180 0 0.99288857
27984862 0 0.9857719
7604061 1 0.8359289
26484651 6 0.63277817
2523543 1 0.7046383
54649390 8 0.4980849
1799147 0 0.51818275
45139374 7 0.55131537
19794331 1 0.542044
50827328 4 0.6994491
11135588 0 0.9855076
53729347 4 0.982644
18244415 4 0.60909235
53993706 4 0.9337174
33079656 4 0.9781409
5016669 0 0.71158564
5815322 1 0.50121593
8224241 0 0.7960937
23536648 7 0.58781374
1356888 0 0.9953925
32324116 0 0.7710382
4515017 4 0.55477345
5873332 4 0.9786966
12253108 1 0.99106425
3119567 5 0.4527638
8792444 8 0.98361284
28614841 6 0.7064388
52567810 1 0.80013
40388487 0 0.98344076
26983419 4 0.60056233
5939696 0 0.73718953
9988849 0 0.9927607
5029987 0 0.9913713
9267281 1 0.81926453
52335122 1 0.5879903
27953651 0 0.7411059
3517639 0 0.69840646
15234049 3 0.50229603
1789555 7 0.8503037
55785130 0 0.81319857
26392123 5 0.5013029
12930672 5 0.99107444
10414171 0 0.93258476
976754 0 0.8312255
1946216 4 0.60792285
44417915 4 0.54635125
33426033 5 0.7397225
24942050 1 0.6767758
8990771 0 0.8962763
36147089 0 0.9857729
9651349 7 0.5450158
6576634 4 0.5875275
798413 3 0.71711737
12900816 4 0.53012955
12957662 1 0.42137417
25396539 1 0.73178786
40474771 1 0.520094
8387452 7 0.45505583
17629988 7 0.68488216
3107540 0 0.5391767
26564028 6 0.4772493
46815320 2 0.7665472
12908825 4 0.8790921
50444903 1 0.9218699
46086838 1 0.9828598
30411707 0 0.5342337
15198552 1 0.98543686
5781753 5 0.5894569
8830398 4 0.7334449
37555459 1 0.9877417
15100910 0 0.35056776
37409455 0 0.77634364
56232491 1 0.47183847
28048105 10 0.5263786
49460188 3 0.54973215
10538253 4 0.6437138
45280204 4 0.5125079
48130596 8 0.9960664
8681194 0 0.9846979
14488527 4 0.6240321
4434745 1 0.7276165
33620584 4 0.6370654
18084595 4 0.58154655
21386760 0 0.5153237
31876174 0 0.7349004
12279498 1 0.84165347
4601279 1 0.47468904
10925064 5 0.99667
32010593 4 0.49539965
3124823 7 0.680861
31472689 2 0.5589835
13566913 0 0.99626374
30728622 7 0.97755283
80612 1 0.99883157
19919039 7 0.37605357
39721066 4 0.33809122
18955443 1 0.99158037
3141074 1 0.989902
31142422 1 0.99583334
15108330 4 0.98416215
16302624 4 0.75477326
6331948 5 0.9779132
26250249 8 0.41914493
33957483 1 0.59958285
21900805 1 0.9805095
24173318 8 0.85422385
226155 5 0.8327109
3591473 1 0.56185764
17756776 1 0.5503125
12695542 1 0.46200424
26362510 4 0.39767236
37270733 1 0.9851983
41433287 4 0.7748476
29419790 0 0.91369647
51085582 0 0.7804289
26187733 4 0.5302344
14974262 0 0.98889005
20867211 7 0.98372126
33626926 8 0.7074697
6398484 6 0.98699117
7662213 1 0.54307914
5523838 1 0.695606
46502831 0 0.8616826
13385846 1 0.5476307
32710086 5 0.9748737
37310094 1 0.55164737
17053645 2 0.5347337
27342257 0 0.5184823
54065703 8 0.4521499
37925246 1 0.5342001
15030807 1 0.76240927
15917666 0 0.9896066
24593358 1 0.7106593
11571967 7 0.9878883
42410607 0 0.70384634
15543994 1 0.4245484
20037496 2 0.9928112
21436585 0 0.9954189
5031334 0 0.93534756
31553170 0 0.75117743
7584297 0 0.99057186
55827306 6 0.60050297
43026571 7 0.55904394
55989117 0 0.9896045
47662461 8 0.9935975
4552566 7 0.50903094
6128359 0 0.6802324
9766780 0 0.99088466
12887070 1 0.5573712
21193149 8 0.56330806
17127374 7 0.52157354
56754676 7 0.9979205
16092584 4 0.5493479
3695249 1 0.9875655
19223022 0 0.5309885
4060669 7 0.58792716
18327746 4 0.9712633
33639613 0 0.38753015
19354525 0 0.9827442
14773904 5 0.45356137
37277583 5 0.9931713
21901520 6 0.5426789
36339530 7 0.8070969
9818988 10 0.6354268
44076540 8 0.3953667
25709925 5 0.5343386
35077584 8 0.84021384
24258901 1 0.6542057
8463919 2 0.387137
21227236 7 0.58253735
20302348 2 0.99463844
29240299 1 0.40259433
20152564 4 0.5891289
54411491 4 0.5397713
34274526 5 0.7702385
2227097 7 0.44424683
14954215 4 0.56839687
9612771 4 0.61039525
38056996 0 0.76506764
39411840 0 0.8280232
19842400 7 0.6299132
31370173 7 0.5005612
14832191 2 0.9969201
8120798 4 0.8814015
14098221 0 0.9869153
12936213 0 0.649839
21087991 0 0.6485598
24535395 0 0.56167406
25934489 5 0.9867289
6018741 7 0.55507576
28841034 5 0.8514542
1943589 4 0.81313574
1315677 3 0.8860262
27117726 1 0.5108761
20703091 0 0.43431413
32116842 1 0.5807371
9720535 4 0.9950593
25046506 4 0.9938017
32581367 5 0.6335396
4948736 1 0.9938754
43521208 1 0.598182
1667532 0 0.6492602
5810409 0 0.9938572
5762679 0 0.99022955
6056875 1 0.92529374
40346826 5 0.5269675
14185710 4 0.5155274
16898211 5 0.67762315
21043629 7 0.8213159
16339688 0 0.9855196
38225585 0 0.7241517
42658894 1 0.99335486
10085621 0 0.46875575
38100472 4 0.80289406
28484851 1 0.40464494
37162887 1 0.5519992
35632515 6 0.7766361
12868883 6 0.68896425
53400241 8 0.69461447
10991156 7 0.9909261
42544117 1 0.76691014
8906384 1 0.5191743
46467712 0 0.862912
12046739 5 0.98919827
26555186 6 0.5185267
9924784 0 0.98670775
12070933 0 0.35788268
2819591 5 0.98942876
25000331 8 0.9609728
32569195 0 0.98986506
51110181 5 0.99532795
17189475 0 0.37998384
42494021 4 0.6502912
50626512 0 0.9885789
48042877 8 0.99313533
13122275 1 0.57768065
22056397 3 0.5181587
40283488 1 0.9904577
18790570 5 0.355224
4304207 4 0.73129386
29575714 1 0.6363268
3216399 5 0.3679379
9312081 2 0.9910655
41982363 2 0.5089726
7029736 6 0.6287148
53272899 0 0.8963557
3176316 4 0.39256138
1970660 10 0.53184587
23597777 0 0.9899892
36000364 5 0.79919136
46233482 0 0.85435325
57064484 1 0.69809353
38935724 7 0.47165442
27248545 0 0.72875816
19729459 5 0.6890692
11207776 4 0.81519985
17375217 4 0.6186507
11236238 0 0.6402818
15286329 5 0.48888052
3140396 2 0.60300505
18225114 1 0.9957654
8080250 1 0.84032553
5245823 6 0.3992507
7761610 1 0.6198374
52362274 1 0.5442022
11977731 0 0.50928676
46593592 0 0.8206841
44259186 7 0.5058197
8993448 7 0.5033781
18745468 0 0.6694641
25634856 1 0.9754717
24032052 0 0.33695996
10307406 1 0.7892081
4531291 5 0.5531758
14576387 1 0.64672655
29505361 4 0.97300917
25533285 8 0.47829053
6669989 0 0.98973495
38440718 1 0.80706036
5211655 3 0.98852223
46784225 0 0.9920475
13437317 7 0.5533138
2039163 1 0.36387813
23397932 2 0.9966001
16701948 1 0.75725204
25960991 4 0.7950576
38245351 0 0.67484087
12628331 6 0.64402324
6121727 4 0.9877639
24757760 7 0.53591
2346650 2 0.5387627
23980963 0 0.6022043
38991171 4 0.82322407
7312161 5 0.5790582
15725897 0 0.6551347
33975284 2 0.50841826
38694035 0 0.5736943
43128018 5 0.8780902
30025378 3 0.422988
37268785 0 0.58792365
50692603 0 0.98069215
35197010 8 0.9935032
10195367 4 0.45052326
52455992 3 0.50606024
24782702 4 0.6451207
30554222 5 0.61030394
17391069 0 0.98310626
6139213 7 0.5893097
14572834 4 0.9303602
28592359 2 0.77661985
17079250 1 0.47554073
569871 6 0.42647168
6589643 1 0.989539
12697450 8 0.5718997
30021664 10 0.76398534
22214651 0 0.6814119
17714312 1 0.9582113
9563139 0 0.6197663
19957412 1 0.8572147
4394114 4 0.6572895
15968988 0 0.95866746
28863500 1 0.39249855
22875358 4 0.8501009
24156376 7 0.9794711
8879493 0 0.9837812
6929286 0 0.8850134
12987693 1 0.9456485
21130256 4 0.67838055
5639803 1 0.575223
28655553 4 0.78126323
36215018 0 0.9746707
975785 1 0.5722891
8388472 1 0.98928624
336575 1 0.5203094
35935911 7 0.59385
28614635 7 0.98687303
30602004 2 0.43806288
27437451 0 0.8684171
28000255 4 0.673168
2539567 1 0.4776956
2061969 0 0.5548874
38483909 4 0.9385973
11553739 1 0.9893861
55758301 4 0.5919647
27700871 4 0.4959919
27261650 4 0.55240035
1790965 1 0.6196862
16274019 3 0.6626441
39022174 1 0.9148527
9118566 1 0.8134772
22444592 4 0.70684546
48290582 1 0.84135664
33001088 0 0.576067
20855508 4 0.5030725
10269396 6 0.3369715
16603438 4 0.92612517
12809359 1 0.6287383
7967224 5 0.7504956
50980115 0 0.6568696
2364099 5 0.31322098
24358732 0 0.7040896
2362594 8 0.5825158
24690516 0 0.9877172
44510941 5 0.56772476
6123394 4 0.77234405
56269460 4 0.4480711
28182089 2 0.7344922
11032847 1 0.48790726
17798650 0 0.9802201
49221685 0 0.7039724
15498877 1 0.9895342
35010385 0 0.9880719
52895033 1 0.69538504
19583073 0 0.9909931
423369 5 0.55893046
5082105 8 0.5502944
53115993 5 0.84349585
17754421 2 0.9957623
31678983 4 0.7985003
218531 4 0.8649418
31137079 1 0.513511
11062827 4 0.89630216
4441339 4 0.3846455
20088345 8 0.47493255
37692278 4 0.9422507
39756418 1 0.8107315
11322605 5 0.8853486
4752353 4 0.62603843
19437414 0 0.48088744
18899327 8 0.9712984
3934403 8 0.9174467
50125508 1 0.77620304
2030044 0 0.98552793
9565432 0 0.9911821
23827319 7 0.47417316
47183328 8 0.544405
28718897 4 0.41563773
38344513 5 0.98854387
23430966 0 0.7254154
13457178 0 0.8193654
25856318 1 0.50797206
20004137 3 0.54102665
35601912 7 0.9918581
4378448 1 0.5691711
8884821 4 0.58675843
34455133 8 0.44234216
31283839 7 0.59837955
57499079 4 0.97648424
6978580 1 0.70359784
11113889 0 0.9878991
20652173 7 0.61671394
32017258 5 0.9929186
52525327 1 0.4948623
53863853 4 0.9875983
15128941 0 0.80888635
4408728 6 0.8101095
21298380 4 0.5069048
1062784 4 0.5927658
14389570 0 0.545237
1196997 0 0.9888932
7152203 0 0.7343945
26255616 5 0.4550828
19285820 4 0.5230287
7421062 6 0.68618375
19976445 0 0.529284
17530992 1 0.46808693
52256281 0 0.9445353
17369342 1 0.85247016
25521689 0 0.7100972
3872676 7 0.517076
8231129 7 0.65832394
36806520 0 0.9934602
7393155 0 0.9930686
35151141 7 0.68475187
24445573 0 0.39316672
29142534 0 0.91695666
18891634 1 0.5356159
15683461 0 0.9811458
29226096 1 0.6885247
30785571 1 0.8634229
20960476 1 0.9929691
50967501 0 0.9929502
11314940 4 0.6574255
7932354 7 0.5545103
45568986 4 0.60762715
32600662 0 0.98113775
51793436 7 0.5440974
18444933 7 0.9850318
15364116 0 0.6871278
5607607 8 0.7775599
1804654 0 0.42884657
14402495 5 0.5117454
26629638 8 0.5028997
25944480 0 0.98196894
28761173 4 0.46794608
7639483 3 0.8574547
1068332 4 0.6369453
17711487 4 0.43850124
11518562 0 0.5833379
24660306 1 0.6150099
29167528 4 0.54611117
10519080 0 0.5684524
25525695 0 0.5571096
3113602 4 0.4207704
11744771 7 0.46390924
53996574 4 0.5194984
18586595 0 0.99172616
46948934 5 0.6252095
14479378 0 0.8593272
8859059 0 0.5534101
49094348 4 0.9914937
12149299 0 0.99172467
27974447 1 0.45853642
57039795 7 0.5506639
13819153 0 0.9937609
11969775 4 0.98991525
51159098 1 0.8077954
54143910 0 0.5872272
16530311 0 0.6100866
40043625 7 0.5027439
24073661 0 0.98274887
33127314 7 0.34564054
23090717 0 0.7571246
11101947 0 0.43880743
36216757 0 0.66756546
4206832 0 0.98824894
49242807 4 0.54322785
10418361 1 0.55219805
11607676 0 0.7544967
35458251 0 0.67786664
20455999 4 0.32941148
54421962 1 0.54221815
11192557 0 0.6777172
24525114 0 0.51356167
10802887 4 0.8947546
5467111 8 0.52968174
5755647 0 0.9855102
13129350 1 0.85462964
37299898 0 0.5340676
8926269 4 0.58807135
4899932 2 0.4891756
19654332 0 0.8713314
45928713 6 0.8211024
362461 4 0.6402274
15112417 4 0.7049889
40804028 1 0.755922
21981139 0 0.98732907
26144361 2 0.55051553
3898867 2 0.9793797
20838158 0 0.99255896
4378979 0 0.47511676
10603543 8 0.4782425
8208206 0 0.65923065
3368137 4 0.98880225
8695903 1 0.9929688
8249863 2 0.98770106
3578192 0 0.9688317
38761553 8 0.9912287
36835328 0 0.8605021
27725446 2 0.85931146
49530214 6 0.9893334
911389 4 0.6538363
27091089 0 0.5562351
9848359 1 0.76265204
56321938 8 0.5181003
16091033 7 0.9882183
17855301 4 0.6230759
3675917 1 0.69923395
37447962 1 0.84943104
52652292 0 0.82091266
47233086 2 0.8258639
1039200 4 0.9864999
5539684 0 0.98713243
20754050 6 0.632922
26502109 5 0.9847646
5313738 7 0.6243888
14321706 0 0.73535234
35416226 4 0.9795791
32513091 0 0.57635504
6571123 0 0.73900247
36986249 5 0.56272763
16982799 0 0.9877143
13960859 2 0.46107945
6020142 4 0.5475511
45985272 0 0.98345065
9991757 4 0.73695153
19196142 0 0.7640871
42357157 0 0.8290437
38376016 0 0.7338062
74358 8 0.6267429
46271106 6 0.5423619
15972577 7 0.98902327
24632142 1 0.37759244
8579578 10 0.63139224
53215350 8 0.9929784
10285763 6 0.8827229
55460621 8 0.656668
38035220 4 0.9893269
3623469 1 0.65653473
12540226 4 0.49738616
11536031 0 0.99459505
56117861 4 0.9882529
59106514 1 0.7188132
58742806 0 0.7511707
58851764 0 0.6941882
58555542 5 0.9907171
59318295 0 0.98577464
59122233 1 0.5166562
58400774 5 0.64814854
58113141 5 0.50959235
59622351 8 0.81794083
59782766 8 0.866313
59986459 6 0.99013644
60009766 1 0.99226576
60088505 5 0.68311745
60367370 2 0.41157895
60399083 7 0.5441244
60448489 0 0.5391983
60453325 8 0.33846885
60482493 0 0.98275596
60495455 0 0.687332
60521205 1 0.7247101
60677611 8 0.86402315
60983366 8 0.99505967
61326964 0 0.83247155
61434799 4 0.6770529
