[(1, 0.98059636)]
[(0, 0.4910551), (3, 0.48671776)]
[(0, 0.5862349), (1, 0.1555208), (8, 0.25613856)]
[(0, 0.9311489)]
[(5, 0.8868156)]
[(0, 0.50442356), (1, 0.15695816), (6, 0.32796696)]
[(2, 0.32671005), (4, 0.39980885), (5, 0.26988614)]
[(0, 0.27548927), (1, 0.72053206)]
[(4, 0.25031698), (5, 0.15200682), (7, 0.5911599)]
[(1, 0.9897625)]
[(1, 0.9777756)]
[(0, 0.9908857)]
[(1, 0.20859289), (4, 0.7879675)]
[(4, 0.7595915), (6, 0.2185733)]
[(0, 0.104666516), (2, 0.89042467)]
[(0, 0.8526085), (4, 0.13876465)]
[(1, 0.9863978)]
[(1, 0.9903664)]
[(0, 0.71320015), (7, 0.16624041), (10, 0.10494391)]
[(0, 0.4370423), (5, 0.55487704)]
[(0, 0.37233078), (1, 0.27759686), (4, 0.2506541)]
[(2, 0.16046281), (5, 0.8318114)]
[(1, 0.78890604), (4, 0.20790322)]
[(4, 0.99023736)]
[(8, 0.9974889)]
[(1, 0.7363975), (6, 0.2570147)]
[(0, 0.65758383), (1, 0.30515477)]
[(6, 0.97533935)]
[(4, 0.13038686), (5, 0.86251765)]
[(2, 0.9964444)]
[(4, 0.31288648), (5, 0.47877032), (6, 0.17502533)]
[(1, 0.98717505)]
[(1, 0.55035174), (6, 0.44518495)]
[(1, 0.6323937), (2, 0.3638933)]
[(0, 0.8143057), (7, 0.17928487)]
[(1, 0.7773503), (4, 0.22140531)]
[(0, 0.9882528)]
[(0, 0.17812273), (1, 0.23009107), (3, 0.58828264)]
[(4, 0.98128146)]
[(4, 0.10991751), (7, 0.88767666)]
[(0, 0.46101698), (5, 0.50955737)]
[(4, 0.96554416)]
[(1, 0.9023353)]
[(4, 0.31222108), (6, 0.6710923)]
[(0, 0.9878975)]
[(1, 0.1493471), (6, 0.8480622)]
[(0, 0.9827366)]
[(1, 0.33000517), (5, 0.39451143), (7, 0.26233447)]
[(1, 0.52283895), (10, 0.4631897)]
[(1, 0.49311095), (2, 0.5008329)]
[(1, 0.9971616)]
[(1, 0.99792933)]
[(1, 0.39021626), (4, 0.59138685)]
[(0, 0.6714458), (4, 0.236981)]
[(1, 0.9965452)]
[(0, 0.55200696), (1, 0.4305134)]
[(0, 0.710081), (4, 0.25884384)]
[(4, 0.50910515), (5, 0.38131216), (7, 0.1051434)]
[(1, 0.28174156), (4, 0.7093822)]
[(1, 0.3134062), (4, 0.15082051), (8, 0.53337103)]
[(6, 0.97072387)]
[(8, 0.91713744)]
[(5, 0.97265744)]
[(0, 0.3258141), (4, 0.66798997)]
[(1, 0.9932478)]
[(1, 0.2979143), (7, 0.5082555), (8, 0.10170647)]
[(0, 0.3997744), (4, 0.5250581)]
[(5, 0.93318003)]
[(1, 0.96842325)]
[(0, 0.9797315)]
[(3, 0.95850277)]
[(0, 0.8028202), (4, 0.12904237)]
[(5, 0.99169475)]
[(4, 0.7782291), (5, 0.21271005)]
[(1, 0.63897085), (4, 0.35111713)]
[(0, 0.9150653)]
[(1, 0.9927273)]
[(0, 0.10972965), (1, 0.42098427), (7, 0.3829164)]
[(4, 0.100424804), (5, 0.5052471), (7, 0.32627764)]
[(1, 0.33958876), (2, 0.65516925)]
[(1, 0.26491913), (5, 0.4460407), (7, 0.21521103)]
[(0, 0.70099056), (10, 0.2858374)]
[(1, 0.20286605), (8, 0.7928648)]
[(1, 0.17971173), (2, 0.8125907)]
[(1, 0.82213455), (4, 0.17329724)]
[(1, 0.59765923), (2, 0.39836788)]
[(4, 0.7142877), (7, 0.27945268)]
[(0, 0.8262929), (2, 0.15594894)]
[(1, 0.516806), (7, 0.47855556)]
[(0, 0.98439986)]
[(0, 0.90752816)]
[(4, 0.7692296), (7, 0.12839061)]
[(2, 0.9276801)]
[(1, 0.7481552), (4, 0.16086785)]
[(1, 0.6055194), (2, 0.16889657), (5, 0.21820176)]
[(0, 0.19262514), (4, 0.76477665)]
[(0, 0.5096444), (7, 0.4825447)]
[(4, 0.40237203), (5, 0.505436)]
[(4, 0.19134082), (6, 0.7947115)]
[(0, 0.38107702), (1, 0.22470476), (4, 0.37817127)]
[(4, 0.99091274)]
[(0, 0.17143252), (1, 0.4258719), (4, 0.1951176), (5, 0.20550273)]
[(1, 0.7621699), (4, 0.23498435)]
[(0, 0.91766787)]
[(4, 0.8959566)]
[(1, 0.89126647)]
[(0, 0.57251006), (1, 0.4209143)]
[(1, 0.38610032), (4, 0.3183472), (8, 0.29345956)]
[(0, 0.45385036), (5, 0.5262961)]
[(4, 0.29700142), (6, 0.50996655)]
[(1, 0.8202568), (4, 0.17169935)]
[(1, 0.30515477), (4, 0.26453844), (5, 0.3849626)]
[(1, 0.2384592), (8, 0.7114612)]
[(1, 0.16358116), (4, 0.75609785)]
[(1, 0.5806407), (5, 0.3488894)]
[(1, 0.895653)]
[(1, 0.99404615)]
[(0, 0.4576975), (1, 0.22542231), (7, 0.31172317)]
[(1, 0.99220014)]
[(0, 0.75911033), (5, 0.22701803)]
[(6, 0.95428777)]
[(0, 0.47227743), (1, 0.51645756)]
[(1, 0.6893104), (4, 0.112390146), (5, 0.19111858)]
[(0, 0.24718182), (4, 0.7509249)]
[(1, 0.99124)]
[(1, 0.19082479), (7, 0.69484013), (8, 0.10999957)]
[(0, 0.38765165), (1, 0.59758586)]
[(1, 0.3485218), (7, 0.5124323), (10, 0.13183683)]
[(0, 0.79064316), (7, 0.18349613)]
[(1, 0.32874015), (5, 0.6575343)]
[(0, 0.63932955), (1, 0.35494536)]
[(4, 0.9931805)]
[(1, 0.5062301), (6, 0.109880194), (7, 0.37521154)]
[(5, 0.99471676)]
[(1, 0.71807283), (7, 0.27937958)]
[(4, 0.34867817), (6, 0.6248146)]
[(1, 0.39223114), (7, 0.19791257), (8, 0.38916358)]
[(1, 0.9919102)]
[(1, 0.7618222), (4, 0.23289658)]
[(0, 0.6459946), (4, 0.34645227)]
[(6, 0.9969096)]
[(0, 0.46801746), (1, 0.12056969), (7, 0.27677262), (8, 0.13058525)]
[(1, 0.89947414)]
[(1, 0.5153788), (8, 0.4819199)]
[(1, 0.8587669), (6, 0.12887569)]
[(0, 0.71555775), (5, 0.25907442)]
[(1, 0.9955499)]
[(0, 0.9090078)]
[(0, 0.13524012), (4, 0.8284839)]
[(0, 0.59377176), (8, 0.39142013)]
[(1, 0.7520855), (4, 0.24290898)]
[(1, 0.4601001), (6, 0.3462516), (8, 0.18875128)]
[(2, 0.42266336), (3, 0.12496218), (5, 0.4432796)]
[(1, 0.85237837), (2, 0.13901787)]
[(7, 0.9870853)]
[(0, 0.98918885)]
[(0, 0.332415), (1, 0.1513535), (6, 0.3192899), (8, 0.17826399)]
[(0, 0.74675375), (3, 0.19455929)]
[(1, 0.90059274)]
[(5, 0.9629136)]
[(1, 0.9975161)]
[(5, 0.9889453)]
[(0, 0.30508682), (4, 0.62988937)]
[(0, 0.29652613), (5, 0.6155885)]
[(7, 0.51906234), (10, 0.47109273)]
[(0, 0.93222535)]
[(0, 0.9937156)]
[(5, 0.6359589), (7, 0.3542867)]
[(0, 0.29138), (1, 0.24216397), (4, 0.14042182), (8, 0.32338306)]
[(3, 0.17540134), (4, 0.38500533), (5, 0.30093527), (6, 0.12490348)]
[(3, 0.9882495)]
[(1, 0.21951224), (7, 0.39001948), (8, 0.38059074)]
[(1, 0.7562544), (4, 0.19255768)]
[(1, 0.59605396), (2, 0.3718139)]
[(0, 0.44471484), (1, 0.10413182), (4, 0.4481579)]
[(1, 0.22331272), (4, 0.3467877), (5, 0.2691173), (7, 0.15350273)]
[(6, 0.43749052), (7, 0.49563214)]
[(1, 0.23932457), (5, 0.756375)]
[(1, 0.23956965), (7, 0.74047786)]
[(0, 0.42902339), (1, 0.56325257)]
[(1, 0.9168993)]
[(1, 0.53232956), (7, 0.3141844), (8, 0.14273909)]
[(2, 0.93277174)]
[(4, 0.46282253), (6, 0.52784014)]
[(0, 0.93320775)]
[(0, 0.69812304), (1, 0.16300471), (8, 0.13362367)]
[(0, 0.85981005), (7, 0.1313694)]
[(0, 0.92539465)]
[(6, 0.9848811)]
[(2, 0.14113167), (6, 0.52818817), (7, 0.32605985)]
[(1, 0.8999166)]
[(2, 0.8208517), (4, 0.17409717)]
[(0, 0.21697672), (4, 0.7017032)]
[(4, 0.4710979), (5, 0.51635337)]
[(0, 0.6262731), (1, 0.36437106)]
[(0, 0.47811696), (1, 0.30200613), (2, 0.213884)]
[(0, 0.99345994)]
[(0, 0.9852574)]
[(7, 0.98708665)]
[(4, 0.805345), (8, 0.11790589)]
[(1, 0.98380005)]
[(1, 0.4663705), (7, 0.5268127)]
[(2, 0.6152432), (3, 0.3749269)]
[(2, 0.81510276), (7, 0.17834575)]
[(0, 0.6731364), (1, 0.31357867)]
[(2, 0.15500054), (4, 0.11708367), (7, 0.10141233), (8, 0.6205552)]
[(0, 0.91532516)]
[(1, 0.40408695), (6, 0.15944073), (8, 0.4256649)]
[(0, 0.25175738), (4, 0.11737092), (5, 0.40415552), (7, 0.17585835)]
[(1, 0.116239555), (7, 0.87915254)]
[(4, 0.353229), (6, 0.62827486)]
[(1, 0.16584608), (2, 0.27676997), (6, 0.10925517), (8, 0.43669948)]
[(1, 0.6200364), (2, 0.26558924), (7, 0.10792263)]
[(0, 0.51372135), (7, 0.47264498)]
[(1, 0.5857822), (7, 0.40330932)]
[(0, 0.9080213)]
[(0, 0.8720463), (2, 0.12017496)]
[(0, 0.992129)]
[(1, 0.8284226), (4, 0.16054706)]
[(1, 0.6943779), (7, 0.29773125)]
[(1, 0.9918187)]
[(0, 0.4368801), (4, 0.46184528)]
[(4, 0.46032402), (6, 0.5259841)]
[(3, 0.5711073), (4, 0.29242122), (10, 0.10887434)]
[(1, 0.9934967)]
[(0, 0.98155874)]
[(0, 0.98602235)]
[(1, 0.47035363), (5, 0.31463417), (8, 0.20766619)]
[(4, 0.9885367)]
[(0, 0.6870411), (1, 0.3084994)]
[(1, 0.40631422), (7, 0.58851606)]
[(4, 0.7393395), (5, 0.25561452)]
[(2, 0.98413646)]
[(1, 0.5088508), (7, 0.40934497)]
[(0, 0.13083823), (4, 0.8564467)]
[(1, 0.90974796)]
[(0, 0.9891831)]
[(4, 0.99100864)]
[(1, 0.7633231), (4, 0.2109417)]
[(1, 0.4442805), (8, 0.5491379)]
[(0, 0.710287), (1, 0.27641988)]
[(4, 0.97183263)]
[(1, 0.56981164), (8, 0.41765416)]
[(0, 0.18423508), (1, 0.7590232)]
[(1, 0.21248259), (2, 0.778159)]
[(0, 0.82287866), (5, 0.17118928)]
[(5, 0.9921982)]
[(0, 0.88128084), (1, 0.113646135)]
[(5, 0.76320636), (8, 0.23245141)]
[(0, 0.72175586), (1, 0.1270022), (2, 0.14199652)]
[(0, 0.5992282), (1, 0.37861618)]
[(0, 0.2976721), (4, 0.6959113)]
[(0, 0.5500784), (1, 0.33719477), (4, 0.104222454)]
[(0, 0.5613113), (4, 0.43719617)]
[(3, 0.27131748), (7, 0.7138456)]
[(1, 0.7810425), (3, 0.17426766)]
[(0, 0.71476287), (2, 0.2713888)]
[(0, 0.31540847), (1, 0.6762908)]
[(0, 0.6249691), (1, 0.27925393)]
[(0, 0.9964426)]
[(1, 0.32779035), (5, 0.38471052), (7, 0.24491146)]
[(0, 0.81575125), (3, 0.17626283)]
[(5, 0.5756708), (8, 0.4172238)]
[(0, 0.15751301), (2, 0.72055525), (4, 0.115342945)]
[(0, 0.9761288)]
[(0, 0.23505427), (1, 0.12592404), (8, 0.63461185)]
[(4, 0.52804524), (5, 0.44980693)]
[(5, 0.415916), (8, 0.57196844)]
[(1, 0.29936185), (2, 0.2726585), (8, 0.42055106)]
[(1, 0.3379736), (4, 0.3281916), (5, 0.32162392)]
[(0, 0.49686554), (1, 0.38307187), (2, 0.11562786)]
[(0, 0.37979457), (1, 0.36655152), (7, 0.24679832)]
[(1, 0.31593925), (6, 0.6410877)]
[(0, 0.19274071), (5, 0.51342106), (8, 0.27874622)]
[(7, 0.98568404)]
[(4, 0.6369662), (5, 0.32061544)]
[(4, 0.28777093), (5, 0.7066551)]
[(1, 0.12648426), (8, 0.8634912)]
[(0, 0.4523207), (1, 0.5428972)]
[(4, 0.9879248)]
[(1, 0.5194335), (6, 0.18816882), (7, 0.28004044)]
[(1, 0.8271071), (2, 0.16216516)]
[(0, 0.988073)]
[(1, 0.7427864), (4, 0.24812041)]
[(0, 0.8931389)]
[(1, 0.2320167), (2, 0.7653507)]
[(4, 0.2882753), (6, 0.6977924)]
[(4, 0.6040939), (6, 0.3795671)]
[(0, 0.37736738), (5, 0.6177639)]
[(1, 0.5326781), (8, 0.44621295)]
[(1, 0.98466694)]
[(0, 0.20847723), (4, 0.7673696)]
[(4, 0.37136966), (5, 0.574139)]
[(1, 0.2760087), (2, 0.49746758), (4, 0.21943146)]
[(5, 0.7674688), (7, 0.2212627)]
[(0, 0.3999892), (1, 0.5900935)]
[(1, 0.17967518), (5, 0.50473803), (8, 0.2190287)]
[(1, 0.1941559), (5, 0.56939054), (8, 0.20197786)]
[(0, 0.1776294), (1, 0.8124618)]
[(8, 0.9972734)]
[(4, 0.61758304), (6, 0.3764752)]
[(2, 0.99610627)]
[(0, 0.86962396), (6, 0.1273293)]
[(7, 0.9834525)]
[(4, 0.99100924)]
[(1, 0.80667174), (2, 0.18721496)]
[(0, 0.58313), (1, 0.40580577)]
[(0, 0.65111756), (2, 0.1806025), (10, 0.15455514)]
[(6, 0.99279994)]
[(0, 0.51282305), (8, 0.48055473)]
[(4, 0.97522956)]
[(0, 0.7286725), (7, 0.18038449)]
[(4, 0.40761358), (6, 0.5138151)]
[(0, 0.5347893), (1, 0.2618663), (4, 0.20009665)]
[(4, 0.6038777), (6, 0.38118804)]
[(4, 0.9841735)]
[(6, 0.7936303), (10, 0.18611185)]
[(4, 0.98301286)]
[(0, 0.31060618), (1, 0.31175953), (4, 0.36713)]
[(0, 0.98873675)]
[(0, 0.41740096), (1, 0.56982785)]
[(0, 0.7676316), (2, 0.22784169)]
[(0, 0.9840991)]
[(0, 0.44514298), (8, 0.546178)]
[(1, 0.55559343), (8, 0.43540135)]
[(4, 0.989875)]
[(1, 0.36240143), (10, 0.47282413)]
[(4, 0.8254314), (6, 0.17084384)]
[(1, 0.98213124)]
[(1, 0.9461456)]
[(1, 0.7710428), (8, 0.21961787)]
[(0, 0.32647085), (1, 0.66945386)]
[(0, 0.9936644)]
[(0, 0.21484971), (1, 0.11964835), (4, 0.6206508)]
[(0, 0.9959658)]
[(0, 0.3669709), (1, 0.40190133), (7, 0.17954408)]
[(4, 0.85730815), (6, 0.12569213)]
[(0, 0.18801954), (1, 0.3997142), (7, 0.3582736)]
[(1, 0.6562669), (4, 0.33371112)]
[(0, 0.3340068), (7, 0.6489469)]
[(0, 0.93529266)]
[(3, 0.16120154), (4, 0.83037287)]
[(0, 0.46220708), (1, 0.5316438)]
[(5, 0.75672966), (7, 0.23105583)]
[(4, 0.9892106)]
[(0, 0.38728166), (8, 0.6030379)]
[(4, 0.2194659), (5, 0.7699949)]
[(4, 0.9841816)]
[(1, 0.67907435), (6, 0.12690563), (7, 0.18428682)]
[(0, 0.11421457), (4, 0.87157583)]
[(0, 0.11730485), (2, 0.87590957)]
[(0, 0.67352), (8, 0.30759475)]
[(1, 0.7680478), (7, 0.2168883)]
[(0, 0.99463123)]
[(5, 0.642098), (7, 0.10016398), (8, 0.21229076)]
[(1, 0.98658645)]
[(0, 0.99288857)]
[(0, 0.9857719)]
[(0, 0.15708132), (1, 0.8359289)]
[(6, 0.63277817), (7, 0.23176818), (10, 0.12891938)]
[(1, 0.7046383), (10, 0.28410643)]
[(6, 0.4704055), (8, 0.4980849)]
[(0, 0.51818275), (5, 0.21593615), (7, 0.17426209)]
[(5, 0.41873038), (7, 0.55131537)]
[(1, 0.542044), (8, 0.4443252)]
[(2, 0.29540223), (4, 0.6994491)]
[(0, 0.9855076)]
[(4, 0.982644)]
[(0, 0.22370534), (4, 0.60909235), (5, 0.119926736)]
[(4, 0.9337174)]
[(4, 0.9781409)]
[(0, 0.71158564), (4, 0.23176065)]
[(1, 0.50121593), (4, 0.47535205)]
[(0, 0.7960937), (7, 0.19918938)]
[(1, 0.407342), (7, 0.58781374)]
[(0, 0.9953925)]
[(0, 0.7710382), (4, 0.22081539)]
[(4, 0.55477345), (5, 0.31863996)]
[(4, 0.9786966)]
[(1, 0.99106425)]
[(2, 0.2188886), (5, 0.4527638), (7, 0.31962427)]
[(8, 0.98361284)]
[(0, 0.281378), (6, 0.7064388)]
[(1, 0.80013), (4, 0.18678297)]
[(0, 0.98344076)]
[(3, 0.11253027), (4, 0.60056233), (5, 0.27873483)]
[(0, 0.73718953), (7, 0.17937395)]
[(0, 0.9927607)]
[(0, 0.9913713)]
[(1, 0.81926453), (4, 0.17277259)]
[(1, 0.5879903), (8, 0.39841655)]
[(0, 0.7411059), (5, 0.2429198)]
[(0, 0.69840646), (5, 0.14041416), (8, 0.12900881)]
[(3, 0.50229603), (7, 0.45732877)]
[(1, 0.13490455), (7, 0.8503037)]
[(0, 0.81319857), (5, 0.17835261)]
[(4, 0.48594865), (5, 0.5013029)]
[(5, 0.99107444)]
[(0, 0.93258476)]
[(0, 0.8312255), (1, 0.11161363)]
[(4, 0.60792285), (6, 0.38390434)]
[(4, 0.54635125), (6, 0.4347858)]
[(4, 0.232221), (5, 0.7397225)]
[(1, 0.6767758), (7, 0.30533594)]
[(0, 0.8962763)]
[(0, 0.9857729)]
[(4, 0.4385107), (7, 0.5450158)]
[(4, 0.5875275), (5, 0.40539286)]
[(0, 0.27761534), (3, 0.71711737)]
[(3, 0.19177635), (4, 0.53012955), (5, 0.115568504), (10, 0.15257902)]
[(0, 0.31680307), (1, 0.42137417), (7, 0.25945765)]
[(1, 0.73178786), (7, 0.25759536)]
[(1, 0.520094), (4, 0.4619317)]
[(0, 0.21166873), (4, 0.17516163), (7, 0.45505583)]
[(2, 0.30411795), (7, 0.68488216)]
[(0, 0.5391767), (4, 0.4562074)]
[(5, 0.43357235), (6, 0.4772493)]
[(1, 0.22465712), (2, 0.7665472)]
[(0, 0.11247893), (4, 0.8790921)]
[(1, 0.9218699)]
[(1, 0.9828598)]
[(0, 0.5342337), (1, 0.46080962)]
[(1, 0.98543686)]
[(4, 0.4025183), (5, 0.5894569)]
[(4, 0.7334449), (10, 0.2642947)]
[(1, 0.9877417)]
[(0, 0.35056776), (6, 0.3195), (7, 0.31681612)]
[(0, 0.77634364), (7, 0.20977157)]
[(1, 0.47183847), (4, 0.40648478), (7, 0.11433967)]
[(1, 0.19555964), (4, 0.1813568), (10, 0.5263786)]
[(3, 0.54973215), (4, 0.12594703), (8, 0.31612337)]
[(4, 0.6437138), (6, 0.3466025)]
[(4, 0.5125079), (6, 0.4760257)]
[(8, 0.9960664)]
[(0, 0.9846979)]
[(2, 0.35599086), (4, 0.6240321)]
[(1, 0.7276165), (4, 0.2685053)]
[(3, 0.3550754), (4, 0.6370654)]
[(1, 0.25351682), (3, 0.15702541), (4, 0.58154655)]
[(0, 0.5153237), (4, 0.34528697), (5, 0.13397966)]
[(0, 0.7349004), (1, 0.2496387)]
[(1, 0.84165347), (6, 0.15176229)]
[(1, 0.47468904), (7, 0.42792785)]
[(5, 0.99667)]
[(2, 0.24148425), (4, 0.49539965), (6, 0.19010691)]
[(5, 0.3055724), (7, 0.680861)]
[(1, 0.4363323), (2, 0.5589835)]
[(0, 0.99626374)]
[(7, 0.97755283)]
[(1, 0.99883157)]
[(4, 0.28412014), (7, 0.37605357), (8, 0.13090694), (9, 0.20227493)]
[(1, 0.18005367), (2, 0.2327365), (4, 0.33809122), (5, 0.2404843)]
[(1, 0.99158037)]
[(1, 0.989902)]
[(1, 0.99583334)]
[(4, 0.98416215)]
[(4, 0.75477326), (7, 0.1042175), (8, 0.13343848)]
[(5, 0.9779132)]
[(1, 0.16310976), (2, 0.40796655), (8, 0.41914493)]
[(0, 0.3903544), (1, 0.59958285)]
[(1, 0.9805095)]
[(4, 0.12779926), (8, 0.85422385)]
[(5, 0.8327109), (8, 0.15295751)]
[(1, 0.56185764), (5, 0.43114337)]
[(1, 0.5503125), (5, 0.3547469)]
[(0, 0.23693746), (1, 0.46200424), (7, 0.29133567)]
[(0, 0.31635797), (4, 0.39767236), (7, 0.24320692)]
[(1, 0.9851983)]
[(2, 0.20947182), (4, 0.7748476)]
[(0, 0.91369647)]
[(0, 0.7804289), (1, 0.20950028)]
[(0, 0.46778494), (4, 0.5302344)]
[(0, 0.98889005)]
[(7, 0.98372126)]
[(1, 0.23851822), (8, 0.7074697)]
[(6, 0.98699117)]
[(1, 0.54307914), (8, 0.4438218)]
[(1, 0.695606), (7, 0.22422281)]
[(0, 0.8616826), (7, 0.12164639)]
[(1, 0.5476307), (8, 0.44858217)]
[(5, 0.9748737)]
[(0, 0.26493424), (1, 0.55164737), (8, 0.17756744)]
[(0, 0.21660568), (2, 0.5347337), (4, 0.2430468)]
[(0, 0.5184823), (4, 0.4784345)]
[(1, 0.10618433), (4, 0.3400331), (8, 0.4521499)]
[(1, 0.5342001), (4, 0.1712704), (8, 0.2901878)]
[(1, 0.76240927), (7, 0.22213164)]
[(0, 0.9896066)]
[(1, 0.7106593), (4, 0.23783962)]
[(7, 0.9878883)]
[(0, 0.70384634), (1, 0.28171366)]
[(1, 0.4245484), (2, 0.40549287), (7, 0.16461027)]
[(2, 0.9928112)]
[(0, 0.9954189)]
[(0, 0.93534756)]
[(0, 0.75117743), (1, 0.23971191)]
[(0, 0.99057186)]
[(4, 0.38750648), (6, 0.60050297)]
[(0, 0.16493087), (7, 0.55904394), (8, 0.26093495)]
[(0, 0.9896045)]
[(8, 0.9935975)]
[(4, 0.46457186), (7, 0.50903094)]
[(0, 0.6802324), (2, 0.31604385)]
[(0, 0.99088466)]
[(1, 0.5573712), (7, 0.38536116)]
[(1, 0.41708073), (8, 0.56330806)]
[(7, 0.52157354), (8, 0.4598857)]
[(7, 0.9979205)]
[(4, 0.5493479), (5, 0.4477961)]
[(1, 0.9875655)]
[(0, 0.5309885), (1, 0.26593), (2, 0.19599912)]
[(0, 0.3087137), (7, 0.58792716)]
[(4, 0.9712633)]
[(0, 0.38753015), (1, 0.10136488), (4, 0.3547826), (5, 0.15183768)]
[(0, 0.9827442)]
[(1, 0.31461525), (5, 0.45356137), (8, 0.21047446)]
[(5, 0.9931713)]
[(4, 0.45058107), (6, 0.5426789)]
[(6, 0.16922154), (7, 0.8070969)]
[(4, 0.35325575), (10, 0.6354268)]
[(4, 0.24036174), (5, 0.35378233), (8, 0.3953667)]
[(0, 0.120457105), (5, 0.5343386), (7, 0.18992332), (8, 0.13052894)]
[(3, 0.15265238), (8, 0.84021384)]
[(0, 0.33572406), (1, 0.6542057)]
[(0, 0.3351845), (2, 0.387137), (4, 0.26666003)]
[(5, 0.2541075), (6, 0.1523839), (7, 0.58253735)]
[(2, 0.99463844)]
[(1, 0.40259433), (4, 0.34435153), (8, 0.23979788)]
[(1, 0.3450668), (4, 0.5891289)]
[(0, 0.42732826), (4, 0.5397713)]
[(5, 0.7702385), (6, 0.21958368)]
[(0, 0.16551018), (2, 0.37762082), (7, 0.44424683)]
[(4, 0.56839687), (7, 0.3324886)]
[(1, 0.3441616), (4, 0.61039525)]
[(0, 0.76506764), (5, 0.22831006)]
[(0, 0.8280232), (4, 0.15621887)]
[(1, 0.2142638), (3, 0.13177358), (7, 0.6299132)]
[(1, 0.4919924), (7, 0.5005612)]
[(2, 0.9969201)]
[(4, 0.8814015), (8, 0.10970987)]
[(0, 0.9869153)]
[(0, 0.649839), (4, 0.33883238)]
[(0, 0.6485598), (1, 0.34302583)]
[(0, 0.56167406), (4, 0.40537477)]
[(5, 0.9867289)]
[(4, 0.431516), (7, 0.55507576)]
[(4, 0.13470547), (5, 0.8514542)]
[(0, 0.16184442), (4, 0.81313574)]
[(1, 0.101938955), (3, 0.8860262)]
[(1, 0.5108761), (7, 0.10141728), (8, 0.38289303)]
[(0, 0.43431413), (1, 0.24681827), (7, 0.31606293)]
[(1, 0.5807371), (2, 0.122893), (3, 0.2913321)]
[(4, 0.9950593)]
[(4, 0.9938017)]
[(1, 0.36114165), (5, 0.6335396)]
[(1, 0.9938754)]
[(1, 0.598182), (5, 0.22075026), (7, 0.16924286)]
[(0, 0.6492602), (1, 0.34625196)]
[(0, 0.9938572)]
[(0, 0.99022955)]
[(1, 0.92529374)]
[(5, 0.5269675), (7, 0.4636975)]
[(0, 0.47349003), (4, 0.5155274)]
[(4, 0.31426072), (5, 0.67762315)]
[(4, 0.17043743), (7, 0.8213159)]
[(0, 0.9855196)]
[(0, 0.7241517), (6, 0.26208386)]
[(1, 0.99335486)]
[(0, 0.46875575), (4, 0.3694911), (7, 0.14164391)]
[(4, 0.80289406), (8, 0.18730119)]
[(1, 0.40464494), (4, 0.18952523), (7, 0.39393008)]
[(1, 0.5519992), (6, 0.22252104), (8, 0.20915686)]
[(6, 0.7766361), (8, 0.16584359)]
[(1, 0.22062887), (6, 0.68896425)]
[(1, 0.11640757), (3, 0.18357553), (8, 0.69461447)]
[(7, 0.9909261)]
[(1, 0.76691014), (7, 0.22471425)]
[(0, 0.1442582), (1, 0.5191743), (4, 0.24396041)]
[(0, 0.862912), (5, 0.13069725)]
[(5, 0.98919827)]
[(6, 0.5185267), (7, 0.46801916)]
[(0, 0.98670775)]
[(0, 0.35788268), (2, 0.34410366), (3, 0.29335037)]
[(5, 0.98942876)]
[(8, 0.9609728)]
[(0, 0.98986506)]
[(5, 0.99532795)]
[(0, 0.37998384), (1, 0.17663823), (4, 0.24968055), (7, 0.12660454)]
[(0, 0.33323655), (4, 0.6502912)]
[(0, 0.9885789)]
[(8, 0.99313533)]
[(1, 0.57768065), (7, 0.13863118), (8, 0.26467803)]
[(1, 0.14028567), (3, 0.5181587), (4, 0.33782127)]
[(1, 0.9904577)]
[(1, 0.3102111), (5, 0.355224), (8, 0.3230187)]
[(4, 0.73129386), (5, 0.10767267), (8, 0.14317797)]
[(1, 0.6363268), (4, 0.30213445)]
[(2, 0.1416321), (4, 0.1470239), (5, 0.3679379), (8, 0.3372731)]
[(2, 0.9910655)]
[(2, 0.5089726), (5, 0.47927204)]
[(4, 0.36576942), (6, 0.6287148)]
[(0, 0.8963557)]
[(0, 0.29563066), (2, 0.1543652), (4, 0.39256138), (7, 0.14631765)]
[(4, 0.46155372), (10, 0.53184587)]
[(0, 0.9899892)]
[(3, 0.19225281), (5, 0.79919136)]
[(0, 0.85435325), (7, 0.13355479)]
[(0, 0.2891281), (1, 0.69809353)]
[(1, 0.32628754), (6, 0.15373138), (7, 0.47165442)]
[(0, 0.72875816), (7, 0.25736257)]
[(5, 0.6890692), (8, 0.30621502)]
[(4, 0.81519985), (8, 0.17618883)]
[(0, 0.19948782), (2, 0.17481291), (4, 0.6186507)]
[(0, 0.6402818), (1, 0.3527944)]
[(0, 0.3073281), (1, 0.19100404), (5, 0.48888052)]
[(0, 0.38776717), (2, 0.60300505)]
[(1, 0.9957654)]
[(1, 0.84032553), (2, 0.15235645)]
[(6, 0.3992507), (7, 0.3303231), (10, 0.2650154)]
[(0, 0.3741795), (1, 0.6198374)]
[(0, 0.27768072), (1, 0.5442022), (4, 0.12294791)]
[(0, 0.50928676), (7, 0.4364224)]
[(0, 0.8206841), (6, 0.1660442)]
[(0, 0.3251135), (1, 0.1641621), (7, 0.5058197)]
[(1, 0.31915167), (2, 0.17172158), (7, 0.5033781)]
[(0, 0.6694641), (7, 0.32614973)]
[(1, 0.9754717)]
[(0, 0.33695996), (4, 0.32395968), (6, 0.12623459), (8, 0.20532739)]
[(1, 0.7892081), (5, 0.11150001)]
[(5, 0.5531758), (6, 0.13881566), (7, 0.28697333)]
[(1, 0.64672655), (7, 0.33764675)]
[(4, 0.97300917)]
[(1, 0.3430847), (5, 0.17196077), (8, 0.47829053)]
[(0, 0.98973495)]
[(0, 0.18453373), (1, 0.80706036)]
[(3, 0.98852223)]
[(0, 0.9920475)]
[(1, 0.43922988), (7, 0.5533138)]
[(0, 0.3127848), (1, 0.36387813), (3, 0.22126363)]
[(2, 0.9966001)]
[(1, 0.75725204), (7, 0.20173897)]
[(1, 0.19304596), (4, 0.7950576)]
[(0, 0.67484087), (4, 0.18191558), (7, 0.13610263)]
[(6, 0.64402324), (7, 0.33023036)]
[(4, 0.9877639)]
[(7, 0.53591), (8, 0.30690166)]
[(0, 0.2861335), (2, 0.5387627), (7, 0.16475818)]
[(0, 0.6022043), (1, 0.39211905)]
[(4, 0.82322407), (8, 0.17069958)]
[(4, 0.40087003), (5, 0.5790582)]
[(0, 0.6551347), (4, 0.34116766)]
[(1, 0.3897288), (2, 0.50841826)]
[(0, 0.5736943), (8, 0.41392073)]
[(4, 0.113316596), (5, 0.8780902)]
[(3, 0.422988), (5, 0.3983498), (8, 0.15522602)]
[(0, 0.58792365), (1, 0.39626196)]
[(0, 0.98069215)]
[(8, 0.9935032)]
[(4, 0.45052326), (5, 0.34592217), (7, 0.1944807)]
[(3, 0.50606024), (4, 0.47789854)]
[(0, 0.3403714), (4, 0.6451207)]
[(5, 0.61030394), (8, 0.38587117)]
[(0, 0.98310626)]
[(0, 0.4076303), (7, 0.5893097)]
[(4, 0.9303602)]
[(2, 0.77661985), (4, 0.21825486)]
[(1, 0.47554073), (4, 0.25574526), (10, 0.2609135)]
[(4, 0.36428866), (5, 0.20410953), (6, 0.42647168)]
[(1, 0.989539)]
[(1, 0.23961587), (4, 0.1832527), (8, 0.5718997)]
[(4, 0.23474671), (10, 0.76398534)]
[(0, 0.6814119), (8, 0.3071424)]
[(1, 0.9582113)]
[(0, 0.6197663), (1, 0.36985424)]
[(0, 0.13969593), (1, 0.8572147)]
[(0, 0.10320868), (4, 0.6572895), (6, 0.23352797)]
[(0, 0.95866746)]
[(1, 0.39249855), (2, 0.21291718), (4, 0.12416906), (8, 0.20992497)]
[(2, 0.14535908), (4, 0.8501009)]
[(7, 0.9794711)]
[(0, 0.9837812)]
[(0, 0.8850134), (6, 0.10868702)]
[(1, 0.9456485)]
[(0, 0.29966056), (4, 0.67838055)]
[(1, 0.575223), (8, 0.40030098)]
[(0, 0.21611993), (4, 0.78126323)]
[(0, 0.9746707)]
[(0, 0.3998683), (1, 0.5722891)]
[(1, 0.98928624)]
[(1, 0.5203094), (8, 0.47132316)]
[(1, 0.39775395), (7, 0.59385)]
[(7, 0.98687303)]
[(0, 0.29409057), (2, 0.43806288), (4, 0.26472163)]
[(0, 0.8684171), (1, 0.12500973)]
[(4, 0.673168), (8, 0.31913346)]
[(1, 0.4776956), (3, 0.1817498), (7, 0.25987032)]
[(0, 0.5548874), (6, 0.15416816), (7, 0.2843816)]
[(4, 0.9385973)]
[(1, 0.9893861)]
[(4, 0.5919647), (5, 0.22675997), (6, 0.109532006)]
[(0, 0.30863494), (1, 0.18574111), (4, 0.4959919)]
[(4, 0.55240035), (6, 0.42185792)]
[(1, 0.6196862), (7, 0.37383437)]
[(1, 0.104383945), (3, 0.6626441), (4, 0.113365375), (7, 0.11005879)]
[(1, 0.9148527)]
[(0, 0.1772964), (1, 0.8134772)]
[(4, 0.70684546), (6, 0.28607467)]
[(0, 0.10307433), (1, 0.84135664)]
[(0, 0.576067), (1, 0.4097866)]
[(4, 0.5030725), (5, 0.48766315)]
[(0, 0.23650944), (1, 0.1310432), (6, 0.3369715), (7, 0.29200047)]
[(4, 0.92612517)]
[(0, 0.366744), (1, 0.6287383)]
[(1, 0.24030246), (5, 0.7504956)]
[(0, 0.6568696), (1, 0.2565145)]
[(0, 0.28923112), (1, 0.15844886), (5, 0.31322098), (7, 0.23407885)]
[(0, 0.7040896), (1, 0.2875048)]
[(7, 0.41103962), (8, 0.5825158)]
[(0, 0.9877172)]
[(1, 0.1722008), (4, 0.23599175), (5, 0.56772476)]
[(1, 0.21332309), (4, 0.77234405)]
[(1, 0.10690762), (2, 0.41389436), (4, 0.4480711)]
[(1, 0.2525365), (2, 0.7344922)]
[(0, 0.3815953), (1, 0.48790726), (8, 0.124091245)]
[(0, 0.9802201)]
[(0, 0.7039724), (1, 0.28880617)]
[(1, 0.9895342)]
[(0, 0.9880719)]
[(1, 0.69538504), (7, 0.29876062)]
[(0, 0.9909931)]
[(0, 0.42120263), (5, 0.55893046)]
[(1, 0.24821012), (7, 0.1938611), (8, 0.5502944)]
[(5, 0.84349585), (7, 0.13168775)]
[(2, 0.9957623)]
[(4, 0.7985003), (6, 0.19427843)]
[(4, 0.8649418), (10, 0.12444477)]
[(0, 0.4794242), (1, 0.513511)]
[(4, 0.89630216)]
[(4, 0.3846455), (6, 0.20942801), (7, 0.30716708)]
[(1, 0.3022636), (7, 0.20425594), (8, 0.47493255)]
[(4, 0.9422507)]
[(0, 0.17801142), (1, 0.8107315)]
[(3, 0.10264123), (5, 0.8853486)]
[(4, 0.62603843), (5, 0.36176705)]
[(0, 0.48088744), (4, 0.16875273), (7, 0.3424571)]
[(8, 0.9712984)]
[(8, 0.9174467)]
[(0, 0.21051247), (1, 0.77620304)]
[(0, 0.98552793)]
[(0, 0.9911821)]
[(1, 0.3507981), (7, 0.47417316)]
[(1, 0.23233508), (5, 0.21791884), (8, 0.544405)]
[(1, 0.361085), (4, 0.41563773), (6, 0.21535125)]
[(5, 0.98854387)]
[(0, 0.7254154), (1, 0.2671172)]
[(0, 0.8193654), (2, 0.17572358)]
[(1, 0.50797206), (4, 0.48609328)]
[(0, 0.1905164), (1, 0.26051173), (3, 0.54102665)]
[(7, 0.9918581)]
[(1, 0.5691711), (7, 0.4200474)]
[(1, 0.3898184), (4, 0.58675843)]
[(0, 0.12959282), (5, 0.38234863), (8, 0.44234216)]
[(0, 0.119164996), (1, 0.27798545), (7, 0.59837955)]
[(4, 0.97648424)]
[(1, 0.70359784), (7, 0.27646613)]
[(0, 0.9878991)]
[(2, 0.36713454), (7, 0.61671394)]
[(5, 0.9929186)]
[(1, 0.4948623), (7, 0.4597258)]
[(4, 0.9875983)]
[(0, 0.80888635), (3, 0.17818491)]
[(6, 0.8101095), (7, 0.12091368)]
[(0, 0.12569639), (4, 0.5069048), (8, 0.24342795)]
[(4, 0.5927658), (5, 0.3903961)]
[(0, 0.545237), (4, 0.44633007)]
[(0, 0.9888932)]
[(0, 0.7343945), (2, 0.25931373)]
[(5, 0.4550828), (6, 0.30280074), (8, 0.23398681)]
[(2, 0.19958071), (4, 0.5230287), (8, 0.26841778)]
[(0, 0.3041655), (6, 0.68618375)]
[(0, 0.529284), (4, 0.19454138), (6, 0.21923287)]
[(1, 0.46808693), (6, 0.34702694), (7, 0.15558416)]
[(0, 0.9445353)]
[(0, 0.14343084), (1, 0.85247016)]
[(0, 0.7100972), (5, 0.13804007), (7, 0.1420879)]
[(1, 0.3565641), (7, 0.517076)]
[(1, 0.11181956), (6, 0.2237287), (7, 0.65832394)]
[(0, 0.9934602)]
[(0, 0.9930686)]
[(5, 0.29507264), (7, 0.68475187)]
[(0, 0.39316672), (7, 0.32869756), (8, 0.26835924)]
[(0, 0.91695666)]
[(0, 0.4534996), (1, 0.5356159)]
[(0, 0.9811458)]
[(1, 0.6885247), (7, 0.30009496)]
[(1, 0.8634229), (4, 0.12113746)]
[(1, 0.9929691)]
[(0, 0.9929502)]
[(2, 0.26940495), (4, 0.6574255)]
[(4, 0.43373075), (7, 0.5545103)]
[(2, 0.33884087), (4, 0.60762715)]
[(0, 0.98113775)]
[(0, 0.43318704), (7, 0.5440974)]
[(7, 0.9850318)]
[(0, 0.6871278), (4, 0.3005887)]
[(0, 0.21518047), (8, 0.7775599)]
[(0, 0.42884657), (1, 0.1273044), (4, 0.16160606), (7, 0.27993545)]
[(1, 0.43684623), (5, 0.5117454)]
[(1, 0.4898623), (8, 0.5028997)]
[(0, 0.98196894)]
[(0, 0.43119374), (4, 0.46794608)]
[(3, 0.8574547), (8, 0.13691837)]
[(4, 0.6369453), (8, 0.35839114)]
[(0, 0.26156762), (1, 0.29288214), (4, 0.43850124)]
[(0, 0.5833379), (4, 0.40869862)]
[(1, 0.6150099), (7, 0.30842352)]
[(1, 0.20274727), (4, 0.54611117), (5, 0.24463049)]
[(0, 0.5684524), (2, 0.13446754), (7, 0.27613115)]
[(0, 0.5571096), (1, 0.4328215)]
[(0, 0.3917348), (4, 0.4207704), (8, 0.18099909)]
[(1, 0.44363874), (7, 0.46390924)]
[(0, 0.2849614), (4, 0.5194984), (5, 0.1793235)]
[(0, 0.99172616)]
[(5, 0.6252095), (8, 0.37077206)]
[(0, 0.8593272), (3, 0.12796882)]
[(0, 0.5534101), (4, 0.43047938)]
[(4, 0.9914937)]
[(0, 0.99172467)]
[(0, 0.231893), (1, 0.45853642), (7, 0.30454263)]
[(1, 0.4388587), (7, 0.5506639)]
[(0, 0.9937609)]
[(4, 0.98991525)]
[(1, 0.8077954), (8, 0.18562013)]
[(0, 0.5872272), (3, 0.20106561), (7, 0.19844653)]
[(0, 0.6100866), (7, 0.3854758)]
[(0, 0.48589155), (7, 0.5027439)]
[(0, 0.98274887)]
[(2, 0.26095435), (4, 0.33391628), (7, 0.34564054)]
[(0, 0.7571246), (7, 0.23586333)]
[(0, 0.43880743), (1, 0.2915197), (5, 0.26075065)]
[(0, 0.66756546), (6, 0.30921787)]
[(0, 0.98824894)]
[(4, 0.54322785), (5, 0.29438582)]
[(1, 0.55219805), (7, 0.4417706)]
[(0, 0.7544967), (4, 0.22283533)]
[(0, 0.67786664), (1, 0.31403184)]
[(1, 0.29942352), (2, 0.27381697), (4, 0.32941148)]
[(1, 0.54221815), (8, 0.44983348)]
[(0, 0.6777172), (4, 0.13507003), (7, 0.18014914)]
[(0, 0.51356167), (4, 0.13804977), (8, 0.2789554)]
[(4, 0.8947546)]
[(1, 0.46193904), (8, 0.52968174)]
[(0, 0.9855102)]
[(1, 0.85462964), (5, 0.13730109)]
[(0, 0.5340676), (7, 0.4571072)]
[(0, 0.3346525), (4, 0.58807135)]
[(1, 0.10204271), (2, 0.4891756), (7, 0.4024407)]
[(0, 0.8713314), (2, 0.11863046)]
[(4, 0.15527888), (6, 0.8211024)]
[(3, 0.35639343), (4, 0.6402274)]
[(4, 0.7049889), (8, 0.28584448)]
[(0, 0.23300934), (1, 0.755922)]
[(0, 0.98732907)]
[(2, 0.55051553), (5, 0.25073785), (8, 0.12193749)]
[(2, 0.9793797)]
[(0, 0.99255896)]
[(0, 0.47511676), (1, 0.12455372), (5, 0.24490528), (7, 0.14883386)]
[(0, 0.15044148), (6, 0.3604067), (8, 0.4782425)]
[(0, 0.65923065), (1, 0.16249147), (2, 0.17193736)]
[(4, 0.98880225)]
[(1, 0.9929688)]
[(2, 0.98770106)]
[(0, 0.9688317)]
[(8, 0.9912287)]
[(0, 0.8605021), (2, 0.13243178)]
[(2, 0.85931146), (3, 0.13622622)]
[(6, 0.9893334)]
[(1, 0.34207684), (4, 0.6538363)]
[(0, 0.5562351), (7, 0.42814332)]
[(1, 0.76265204), (8, 0.23135729)]
[(1, 0.42261928), (8, 0.5181003)]
[(7, 0.9882183)]
[(2, 0.3756001), (4, 0.6230759)]
[(1, 0.69923395), (4, 0.29334036)]
[(1, 0.84943104), (5, 0.14663947)]
[(0, 0.82091266), (2, 0.15811308)]
[(1, 0.16978984), (2, 0.8258639)]
[(4, 0.9864999)]
[(0, 0.98713243)]
[(6, 0.632922), (7, 0.35507315)]
[(5, 0.9847646)]
[(0, 0.35856897), (7, 0.6243888)]
[(0, 0.73535234), (1, 0.25800523)]
[(4, 0.9795791)]
[(0, 0.57635504), (1, 0.25735208), (5, 0.16099012)]
[(0, 0.73900247), (8, 0.25241667)]
[(1, 0.24898848), (5, 0.56272763), (8, 0.17984869)]
[(0, 0.9877143)]
[(2, 0.46107945), (4, 0.31699607), (7, 0.21292967)]
[(2, 0.4464367), (4, 0.5475511)]
[(0, 0.98345065)]
[(0, 0.25324276), (4, 0.73695153)]
[(0, 0.7640871), (1, 0.21970621)]
[(0, 0.8290437), (7, 0.11200307)]
[(0, 0.7338062), (7, 0.25547528)]
[(1, 0.36252084), (8, 0.6267429)]
[(4, 0.44714293), (6, 0.5423619)]
[(7, 0.98902327)]
[(1, 0.37759244), (4, 0.34255782), (8, 0.27356932)]
[(1, 0.35807338), (10, 0.63139224)]
[(8, 0.9929784)]
[(4, 0.11039849), (6, 0.8827229)]
[(0, 0.33423436), (8, 0.656668)]
[(4, 0.9893269)]
[(1, 0.65653473), (7, 0.3401073)]
[(4, 0.49738616), (5, 0.41642666)]
[(0, 0.99459505)]
[(4, 0.9882529)]
[(1, 0.7188132), (4, 0.26542392)]
[(0, 0.7511707), (5, 0.24402061)]
[(0, 0.6941882), (8, 0.29723254)]
[(5, 0.9907171)]
[(0, 0.98577464)]
[(1, 0.5166562), (4, 0.45671034)]
[(1, 0.33485535), (5, 0.64814854)]
[(0, 0.4822375), (5, 0.50959235)]
[(8, 0.81794083), (10, 0.16986324)]
[(0, 0.12334464), (8, 0.866313)]
[(6, 0.99013644)]
[(1, 0.99226576)]
[(3, 0.11627923), (5, 0.68311745), (8, 0.19396815)]
[(2, 0.41157895), (4, 0.24406107), (5, 0.2748575)]
[(7, 0.5441244), (8, 0.44555715)]
[(0, 0.5391983), (1, 0.44777435)]
[(1, 0.26639825), (4, 0.19207105), (5, 0.19452442), (8, 0.33846885)]
[(0, 0.98275596)]
[(0, 0.687332), (1, 0.14522603), (4, 0.14117602)]
[(1, 0.7247101), (5, 0.26649606)]
[(1, 0.12418831), (8, 0.86402315)]
[(8, 0.99505967)]
[(0, 0.83247155), (5, 0.1571751)]
[(4, 0.6770529), (5, 0.3073652)]
